2	329	17
3	329	16
3	140	16
3	761	32
4	329	587
4	620	45
4	261	135
4	260	90
4	332	45
4	240	45
4	228	45
4	430	45
4	206	45
4	255	180
4	733	45
4	243	90
4	629	45
4	233	180
4	239	45
4	434	45
4	4	4380
4	166	90
4	17	45
4	732	45
4	320	45
4	227	90
4	232	45
4	153	90
4	2	180
4	478	90
4	259	90
4	262	45
4	689	45
4	330	45
4	51	45
4	271	45
4	453	135
4	475	45
4	6	361
4	564	45
4	143	135
4	40	90
4	8	135
4	244	135
4	323	45
4	12	90
4	14	135
4	47	135
4	504	45
4	461	45
4	216	45
4	789	45
4	225	45
4	45	225
4	133	45
4	11	45
4	155	180
4	724	90
4	151	90
4	420	45
4	734	45
4	167	45
4	18	451
4	651	45
4	226	90
4	101	90
4	20	316
4	476	45
4	9	45
4	44	90
4	546	45
4	277	135
4	552	45
4	625	45
4	503	45
4	142	90
4	134	225
4	77	45
4	136	45
4	577	45
4	53	45
4	98	45
4	308	45
4	242	45
4	256	45
4	38	135
4	79	90
4	63	225
4	813	180
4	706	45
4	56	90
4	100	45
4	479	45
4	130	45
4	337	45
4	57	45
4	50	90
4	600	45
4	280	135
4	220	90
4	709	45
4	481	45
4	736	135
4	141	45
4	145	90
4	282	90
4	342	45
4	757	90
4	399	45
4	37	135
4	163	45
4	364	45
4	196	45
4	61	180
4	490	45
4	65	45
4	755	45
4	205	45
4	483	45
4	792	45
4	179	45
4	60	45
4	127	45
4	131	45
4	139	45
4	335	45
4	21	270
4	309	45
4	217	45
4	180	45
4	248	45
4	126	45
4	495	45
4	82	90
4	80	135
4	128	135
4	5	45
4	85	45
4	36	90
4	740	135
4	234	45
4	653	45
4	213	45
4	183	45
4	78	225
4	349	45
4	74	90
4	215	45
4	83	45
4	230	45
4	305	135
4	49	45
4	493	45
4	42	90
4	395	45
4	149	45
4	756	45
4	390	45
4	806	90
4	815	45
4	201	45
4	304	45
4	291	45
4	679	45
4	76	45
4	814	90
4	805	45
4	802	180
4	803	45
4	285	90
4	821	45
4	759	45
4	0	90
4	370	45
4	818	45
4	822	45
4	719	45
6	329	85
6	432	85
8	329	166
8	326	166
8	432	166
11	329	76
11	243	76
11	791	76
11	239	76
11	4	76
11	17	76
11	16	76
11	10	152
11	232	76
11	2	152
11	259	76
11	451	76
11	6	76
11	8	76
11	244	152
11	48	76
11	12	152
11	47	76
11	45	76
11	133	76
11	11	457
11	167	76
11	7	152
11	67	76
11	20	152
11	9	228
11	95	76
11	423	76
11	46	76
11	98	76
11	454	76
11	220	76
11	156	76
11	740	76
11	464	76
11	352	76
11	78	76
11	305	76
11	291	76
11	278	76
11	285	76
11	719	76
11	823	76
12	329	26
12	385	26
14	329	21
14	432	21
16	329	97
16	432	97
16	261	97
17	329	337
17	4	225
17	17	337
17	16	562
17	10	225
17	227	112
17	2	450
17	271	112
17	6	1463
17	19	450
17	39	562
17	48	337
17	12	225
17	47	225
17	45	225
17	507	112
17	11	112
17	766	112
17	340	112
17	18	112
17	341	112
17	43	337
17	7	225
17	414	112
17	20	337
17	26	225
17	44	112
17	160	112
17	52	112
17	136	112
17	319	112
17	454	112
17	79	112
17	63	112
17	100	112
17	364	112
17	528	112
17	287	112
17	815	112
17	818	112
19	329	55
19	260	27
19	431	27
19	434	27
19	4	27
19	17	138
19	2	27
19	6	82
19	143	27
19	8	27
19	19	27
19	39	27
19	12	27
19	47	27
19	789	55
19	428	27
19	45	27
19	18	221
19	43	55
19	474	27
19	20	27
19	26	27
19	44	82
19	489	27
19	46	138
19	367	27
19	52	27
19	513	27
19	140	27
19	698	27
19	308	27
19	38	27
19	813	27
19	750	27
19	809	27
19	481	27
19	246	27
19	73	27
19	41	27
19	399	27
19	701	27
19	37	27
19	58	27
19	202	27
19	82	82
19	78	82
19	253	27
19	15	27
20	329	625
20	432	89
20	433	89
20	261	178
20	260	89
20	240	89
20	430	89
20	206	89
20	255	89
20	733	89
20	243	89
20	233	89
20	434	89
20	4	536
20	166	89
20	17	89
20	732	178
20	16	446
20	462	89
20	333	89
20	227	89
20	232	178
20	2	178
20	689	89
20	451	89
20	51	268
20	475	89
20	6	357
20	386	89
20	40	89
20	8	268
20	429	89
20	39	625
20	48	89
20	12	357
20	14	89
20	47	178
20	502	89
20	504	89
20	216	89
20	387	178
20	45	89
20	752	89
20	619	89
20	675	89
20	133	89
20	11	178
20	505	89
20	724	268
20	151	89
20	722	89
20	523	178
20	340	89
20	18	446
20	43	89
20	496	89
20	298	89
20	101	89
20	7	89
20	794	89
20	614	89
20	20	2592
20	221	89
20	26	446
20	44	268
20	602	89
20	277	178
20	419	89
20	303	89
20	625	89
20	366	89
20	160	178
20	46	178
20	503	89
20	513	89
20	134	89
20	642	89
20	98	89
20	700	89
20	242	89
20	38	357
20	79	89
20	63	89
20	813	89
20	448	89
20	56	268
20	100	89
20	717	89
20	809	446
20	29	178
20	50	89
20	124	89
20	280	178
20	359	89
20	738	268
20	481	89
20	164	89
20	137	268
20	371	89
20	211	89
20	33	89
20	41	178
20	150	89
20	273	268
20	59	89
20	81	89
20	196	89
20	811	89
20	300	89
20	483	89
20	634	89
20	519	89
20	440	89
20	512	89
20	21	446
20	531	89
20	309	89
20	180	89
20	126	89
20	82	89
20	128	89
20	5	89
20	188	89
20	812	89
20	740	89
20	195	89
20	352	89
20	78	178
20	286	89
20	158	89
20	295	89
20	702	89
20	42	89
20	123	89
20	296	89
20	491	89
20	601	89
20	806	89
20	815	89
20	684	89
20	285	446
20	773	89
20	108	89
20	23	89
20	34	89
20	27	89
30	329	384
30	432	769
30	10	384
30	153	384
30	271	384
30	99	384
30	97	384
30	40	384
30	48	384
30	32	1153
30	31	1538
30	346	384
30	26	1538
30	366	384
30	142	384
30	698	384
30	809	384
30	276	384
30	348	384
30	164	384
30	141	384
30	33	384
30	654	384
30	59	384
30	793	769
30	797	384
30	80	384
30	740	384
30	91	384
30	815	384
30	285	384
30	0	384
36	329	112
36	430	112
36	243	112
36	4	224
36	478	112
36	386	112
36	32	112
36	746	112
36	237	112
36	155	112
36	724	336
36	129	112
36	346	112
36	26	112
36	277	112
36	46	112
36	706	112
36	477	224
36	100	112
36	29	112
36	57	112
36	69	112
36	145	112
36	524	112
36	84	112
36	156	112
36	318	112
36	531	112
36	80	112
36	90	112
36	36	898
36	740	112
36	279	112
36	287	112
36	87	112
36	509	112
36	808	112
36	725	224
36	192	112
36	119	112
36	686	112
36	285	112
36	743	112
38	329	335
38	433	111
38	261	223
38	260	111
39	329	81
39	432	81
39	433	81
43	329	179
43	261	59
43	332	119
43	240	119
43	255	59
43	243	119
43	790	59
43	233	59
43	166	179
43	17	59
43	238	119
43	333	59
43	227	59
43	478	59
43	451	59
43	435	59
43	143	119
43	40	59
43	19	119
43	244	119
43	666	59
43	39	179
43	48	59
43	47	119
43	45	59
43	422	59
43	133	59
43	507	59
43	439	59
43	18	119
43	43	719
43	452	59
43	474	119
43	794	59
43	20	59
43	344	59
43	26	119
43	44	59
43	277	59
43	46	239
43	52	59
43	136	119
43	53	479
43	98	59
43	319	59
43	38	59
43	79	59
43	63	59
43	813	59
43	416	59
43	62	179
43	50	59
43	269	59
43	487	59
43	137	59
43	145	179
43	33	59
43	246	59
43	150	119
43	621	59
43	59	59
43	54	299
43	84	179
43	163	59
43	61	59
43	156	59
43	536	59
43	21	179
43	309	59
43	64	119
43	126	59
43	704	119
43	128	59
43	740	59
43	234	119
43	284	59
43	55	59
43	307	59
43	375	59
43	306	119
43	115	59
43	122	59
43	804	59
43	381	59
43	719	59
44	329	45
45	329	90
45	206	45
46	329	108
46	326	216
46	432	108
48	329	61
48	432	61
51	329	174
51	432	174
51	261	174
51	260	87
56	620	80
59	329	116
59	432	233
61	329	79
61	620	79
62	329	146
62	326	146
62	327	146
62	244	292
62	32	146
62	47	146
63	329	61
67	329	96
67	433	192
67	261	96
73	329	91
73	326	91
73	733	91
73	243	91
73	153	91
74	329	149
74	4	149
74	96	74
74	238	149
74	232	74
74	442	74
74	327	74
74	51	524
74	386	74
74	8	149
74	48	74
74	12	149
74	47	74
74	647	74
74	72	149
74	67	74
74	187	224
74	53	74
74	700	74
74	62	74
74	50	674
74	124	74
74	137	74
74	69	299
74	84	74
74	163	74
74	274	74
74	156	74
74	266	149
74	64	74
74	85	74
74	78	74
74	74	149
74	252	74
74	138	74
74	118	74
74	802	74
79	620	38
80	329	91
85	329	211
87	620	43
95	329	864
95	243	864
95	96	2592
95	114	864
95	99	864
95	97	864
95	535	864
95	722	864
95	817	864
95	129	864
95	95	864
95	366	864
95	29	864
95	104	864
95	290	864
98	329	241
98	432	120
98	261	120
98	260	120
101	329	163
101	433	327
112	329	123
120	620	177
121	329	48
121	433	48
126	329	56
126	326	112
128	329	52
133	620	15
136	620	44
137	329	45
137	620	45
142	620	27
145	620	12
150	329	44
150	620	44
150	326	22
151	620	16
155	329	22
155	620	34
156	329	20
156	326	20
156	433	20
158	620	23
160	620	38
163	329	66
163	432	66
166	329	14
166	620	28
168	329	331
168	261	220
168	431	110
168	430	110
168	243	220
168	790	110
168	791	110
168	498	110
168	434	110
168	166	331
168	732	110
168	227	110
168	327	110
168	271	110
168	435	220
168	438	110
168	40	110
168	48	110
168	331	110
168	47	110
168	216	110
168	542	110
168	225	110
168	422	110
168	752	331
168	155	110
168	724	110
168	338	110
168	167	1103
168	263	110
168	402	110
168	794	220
168	693	110
168	303	110
168	187	110
168	513	220
168	473	110
168	136	110
168	416	110
168	499	110
168	199	110
168	735	110
168	68	110
168	231	110
168	132	110
168	124	110
168	280	331
168	164	110
168	137	110
168	371	220
168	141	220
168	212	110
168	317	110
168	59	110
168	84	110
168	364	110
168	86	110
168	398	110
168	169	441
168	281	110
168	797	110
168	197	220
168	531	110
168	125	110
168	36	110
168	302	110
168	183	220
168	284	110
168	235	110
168	78	110
168	178	110
168	189	110
168	168	220
168	360	110
168	87	110
168	509	220
168	305	110
168	312	110
168	799	110
168	123	110
168	149	110
168	756	110
173	329	125
173	433	376
180	329	326
180	432	326
180	433	163
183	620	309
187	329	74
187	385	148
187	433	148
189	329	83
189	432	83
199	329	71
199	433	71
199	733	71
199	324	71
199	790	142
199	321	71
199	143	71
199	264	142
199	45	71
199	133	142
199	155	71
199	18	142
199	341	71
199	794	71
199	129	71
199	44	71
201	620	88
206	329	6
206	433	6
208	329	61
208	326	61
208	432	61
208	206	61
216	329	12
219	620	41
221	329	36
225	329	12
225	620	12
225	326	12
233	620	14
235	620	32
236	329	204
236	432	68
236	261	136
236	260	136
236	240	681
236	228	204
236	431	68
236	206	68
236	255	68
236	733	204
236	790	136
236	233	68
236	166	136
236	238	68
236	690	68
236	320	68
236	258	136
236	232	68
236	153	68
236	259	272
236	442	204
236	327	136
236	435	68
236	386	68
236	244	68
236	323	68
236	666	136
236	225	68
236	237	340
236	585	68
236	474	68
236	226	68
236	794	136
236	26	68
236	303	68
236	308	68
236	319	68
236	700	68
236	242	68
236	256	68
236	236	408
236	276	68
236	231	68
236	269	68
236	218	68
236	137	68
236	150	136
236	455	68
236	417	68
236	757	68
236	205	68
236	111	68
236	494	68
236	410	68
236	217	68
236	707	68
236	302	68
236	328	68
236	352	204
236	235	204
236	249	68
236	485	68
236	299	68
236	702	68
236	307	68
236	799	68
236	806	68
236	640	68
236	800	68
236	824	68
237	329	34
237	620	34
237	326	34
237	432	102
237	433	34
240	329	10
240	620	10
240	326	10
240	432	10
244	329	17
244	620	8
244	432	8
244	433	25
256	329	107
256	326	107
256	261	107
256	785	53
256	260	377
256	332	53
256	240	53
256	255	646
256	243	53
256	325	53
256	239	53
256	321	53
256	166	53
256	732	53
256	270	107
256	227	53
256	232	107
256	153	107
256	259	161
256	262	53
256	330	53
256	451	53
256	453	53
256	592	161
256	666	53
256	425	53
256	789	107
256	264	53
256	225	53
256	675	53
256	237	53
256	613	53
256	155	53
256	339	53
256	585	53
256	263	107
256	810	53
256	267	107
256	474	107
256	780	53
256	298	53
256	265	53
256	693	53
256	547	53
256	591	53
256	366	53
256	134	107
256	642	53
256	53	53
256	770	53
256	256	107
256	38	53
256	79	53
256	257	53
256	236	107
256	104	53
256	379	53
256	738	53
257	329	47
257	432	47
257	260	94
259	329	29
259	433	43
260	329	8
260	620	44
260	326	44
261	329	25
261	620	25
261	326	37
261	432	12
262	329	35
262	620	17
262	326	17
262	432	17
262	433	17
262	261	71
262	260	53
263	329	46
263	326	23
263	432	92
263	261	23
264	620	28
265	620	21
266	620	49
267	620	40
272	620	47
277	329	0
280	329	4
280	620	4
281	329	34
281	326	34
281	432	34
281	433	68
282	329	49
282	432	149
285	620	4
287	329	35
287	620	11
287	326	11
287	432	11
287	261	11
287	260	11
287	332	11
287	206	23
287	733	11
287	790	11
287	498	11
287	434	11
287	4	11
287	321	11
287	17	11
287	320	11
287	333	11
287	259	11
287	442	11
287	327	11
287	262	23
287	689	11
287	441	23
287	451	11
287	453	11
287	438	11
287	8	11
287	666	23
287	559	11
287	607	11
287	504	23
287	461	11
287	630	11
287	216	11
287	649	11
287	334	11
287	523	23
287	263	11
287	810	11
287	651	11
287	794	11
287	372	11
287	693	11
287	221	23
287	121	23
287	602	11
287	303	47
287	489	11
287	336	11
287	187	11
287	393	11
287	140	11
287	611	11
287	642	11
287	98	11
287	700	11
287	411	11
287	173	11
287	600	11
287	124	11
287	280	11
287	220	11
287	738	11
287	709	11
287	371	11
287	141	11
287	294	11
287	282	47
287	33	11
287	524	11
287	73	11
287	389	11
287	152	11
287	273	11
287	317	11
287	793	11
287	300	47
287	205	11
287	483	11
287	58	23
287	519	11
287	266	11
287	202	35
287	281	35
287	301	82
287	311	23
287	553	11
287	126	11
287	82	11
287	728	11
287	526	11
287	90	11
287	436	11
287	36	11
287	812	11
287	188	11
287	737	11
287	175	11
287	287	23
287	795	23
287	744	11
287	189	11
287	360	11
287	485	11
287	299	35
287	165	11
287	71	11
287	799	35
287	530	11
287	375	23
287	198	11
287	673	11
287	201	23
287	304	23
287	631	11
287	378	23
287	291	11
287	396	11
287	193	11
287	117	23
287	472	11
287	779	11
287	381	11
295	620	140
298	329	45
298	326	45
300	329	110
300	432	55
300	385	110
300	261	110
300	260	55
303	329	40
307	620	5
308	329	8
308	620	8
308	432	8
312	620	2
315	329	52
315	261	104
315	260	52
318	329	22
318	432	22
318	433	22
318	261	22
320	620	17
322	329	0
323	329	53
323	620	13
323	326	26
323	432	13
323	433	13
323	785	13
323	260	40
323	332	53
323	240	26
323	228	13
323	206	13
323	255	13
323	629	13
323	324	40
323	790	53
323	4	13
323	321	67
323	554	13
323	320	53
323	270	26
323	333	13
323	227	13
323	327	13
323	610	13
323	330	13
323	271	13
323	435	13
323	564	13
323	244	40
323	763	40
323	323	120
323	607	13
323	47	26
323	502	13
323	504	13
323	630	13
323	561	13
323	216	13
323	789	53
323	264	13
323	387	13
323	422	13
323	605	13
323	622	13
323	507	13
323	784	26
323	338	40
323	334	26
323	340	26
323	734	13
323	263	13
323	18	13
323	810	13
323	474	26
323	298	13
323	265	40
323	614	13
323	372	13
323	693	13
323	129	13
323	26	13
323	419	13
323	367	13
323	134	13
323	662	26
323	515	26
323	136	13
323	577	13
323	98	13
323	319	13
323	700	53
323	813	13
323	750	13
323	100	13
323	236	13
323	130	13
323	337	40
323	357	13
323	637	13
323	124	13
323	359	13
323	738	13
323	481	13
323	487	13
323	137	40
323	294	13
323	282	13
323	654	13
323	342	13
323	389	13
323	152	13
323	273	26
323	742	13
323	399	13
323	685	26
323	520	13
323	86	13
323	65	13
323	205	26
323	398	40
323	781	13
323	536	13
323	58	13
323	582	13
323	583	13
323	126	13
323	704	13
323	528	13
323	526	26
323	356	13
323	209	13
323	178	13
323	744	13
323	664	13
323	349	13
323	182	13
323	148	13
323	609	26
323	375	13
323	149	13
323	275	26
323	684	13
323	769	13
323	190	13
323	115	13
323	682	26
323	184	13
323	285	26
323	754	13
323	680	13
324	329	206
324	620	15
324	326	63
324	432	15
324	433	31
324	261	47
324	260	63
324	332	127
324	228	31
324	431	63
324	430	31
324	206	47
324	255	63
324	733	31
324	243	15
324	324	206
324	790	79
324	325	15
324	233	31
324	791	63
324	434	31
324	4	15
324	321	111
324	166	15
324	732	31
324	16	15
324	690	15
324	320	47
324	270	31
324	333	31
324	153	15
324	259	31
324	327	15
324	262	79
324	610	15
324	330	15
324	451	63
324	453	63
324	699	15
324	435	63
324	564	47
324	143	15
324	438	31
324	592	15
324	244	15
324	429	31
324	323	63
324	12	15
324	331	15
324	47	15
324	428	31
324	264	31
324	387	15
324	422	15
324	237	15
324	155	15
324	638	15
324	505	31
324	151	31
324	334	79
324	523	15
324	340	15
324	734	15
324	18	47
324	341	63
324	452	15
324	402	15
324	265	15
324	794	15
324	414	15
324	476	15
324	277	15
324	419	15
324	303	47
324	625	15
324	366	15
324	579	15
324	160	15
324	503	15
324	187	15
324	611	15
324	136	47
324	642	15
324	577	15
324	308	15
324	319	15
324	700	15
324	242	15
324	79	15
324	706	15
324	257	15
324	411	31
324	130	15
324	199	15
324	377	31
324	231	31
324	745	15
324	124	15
324	280	15
324	220	15
324	538	15
324	137	31
324	581	15
324	69	31
324	211	15
324	529	31
324	282	15
324	41	15
324	322	31
324	710	15
324	290	15
324	152	31
324	417	15
324	540	15
324	685	15
324	364	31
324	793	15
324	811	15
324	816	31
324	65	15
324	205	15
324	449	15
324	112	31
324	274	31
324	634	15
324	572	15
324	398	15
324	792	15
324	533	15
324	127	15
324	139	15
324	266	15
324	582	15
324	301	15
324	525	15
324	797	15
324	716	15
324	309	15
324	64	15
324	180	15
324	617	15
324	749	15
324	128	15
324	125	15
324	350	15
324	356	15
324	812	15
324	234	31
324	279	31
324	175	15
324	195	15
324	795	15
324	284	15
324	78	15
324	229	15
324	518	15
324	744	15
324	394	15
324	349	15
324	360	15
324	299	15
324	215	15
324	470	15
324	468	15
324	230	15
324	313	31
324	530	15
324	149	31
324	296	15
324	343	15
324	252	15
324	756	15
324	401	15
324	306	15
324	201	15
324	138	15
324	76	15
324	345	15
324	408	15
324	347	15
324	297	15
324	293	15
324	759	15
324	819	15
325	329	7
325	326	40
325	261	3
325	260	3
325	332	3
325	240	7
325	430	7
325	255	3
325	733	3
325	243	3
325	629	3
325	324	11
325	325	33
325	233	3
325	434	3
325	321	11
325	578	3
325	238	3
325	772	3
325	442	3
325	327	11
325	330	7
325	271	3
325	453	3
325	438	3
325	429	3
325	323	3
325	504	3
325	339	3
325	338	3
325	340	3
325	420	3
325	18	3
325	341	3
325	780	3
325	298	3
325	643	3
325	614	7
325	414	3
325	221	3
325	303	3
325	662	3
325	53	3
325	604	7
325	256	3
325	706	3
325	337	3
325	738	3
325	529	3
325	145	3
325	322	7
325	150	3
326	329	186
326	326	726
326	432	55
326	433	18
326	261	37
326	260	74
326	332	149
326	240	18
326	431	37
326	430	37
326	255	37
326	557	18
326	691	18
326	324	111
326	325	223
326	791	93
326	321	74
326	238	37
326	320	18
326	270	18
326	333	74
326	232	18
326	442	55
326	327	111
326	262	18
326	330	55
326	271	37
326	475	37
326	8	18
326	429	18
326	323	74
326	426	37
326	428	18
326	225	37
326	580	37
326	565	18
326	752	18
326	605	18
326	237	18
326	133	18
326	339	18
326	585	18
326	334	37
326	167	18
326	263	18
326	412	18
326	452	18
326	298	18
326	265	93
326	794	18
326	614	93
326	419	37
326	366	18
326	579	18
326	46	37
326	642	18
326	577	37
326	608	18
326	256	37
326	448	18
326	499	18
326	257	18
326	809	18
326	316	18
326	62	18
326	600	18
326	231	18
326	709	18
326	736	18
326	73	18
326	322	111
326	150	37
326	342	18
326	540	37
326	84	18
326	364	55
326	816	18
326	427	37
326	449	18
326	634	18
326	156	18
326	266	18
326	281	18
326	335	18
326	315	18
326	632	111
326	126	18
326	488	18
326	397	18
326	279	18
326	195	18
326	328	37
326	569	55
326	159	18
326	87	18
326	660	18
326	702	18
326	305	18
326	307	18
326	71	18
326	252	18
326	283	18
326	363	18
326	806	18
326	573	37
326	407	18
326	347	18
326	285	18
326	719	18
327	329	229
327	326	88
327	432	35
327	261	53
327	260	70
327	332	17
327	240	17
327	430	17
327	255	35
327	324	35
327	790	70
327	325	70
327	233	17
327	791	17
327	321	35
327	96	17
327	238	17
327	270	35
327	333	70
327	227	17
327	232	17
327	259	17
327	327	70
327	610	35
327	330	88
327	441	17
327	451	17
327	453	88
327	699	17
327	435	53
327	564	17
327	386	17
327	323	53
327	47	17
327	426	17
327	746	17
327	789	17
327	565	17
327	752	17
327	237	17
327	338	53
327	562	17
327	334	35
327	420	17
327	341	17
327	452	70
327	651	17
327	388	17
327	497	17
327	265	17
327	794	17
327	346	17
327	277	17
327	423	17
327	303	35
327	579	17
327	503	17
327	623	17
327	513	17
327	77	17
327	577	35
327	98	17
327	308	35
327	700	17
327	604	17
327	416	17
327	444	17
327	257	17
327	236	17
327	567	17
327	276	17
327	377	17
327	231	17
327	348	17
327	110	17
327	487	17
327	581	17
327	403	17
327	322	35
327	362	35
327	150	35
327	290	17
327	273	17
327	59	17
327	65	17
327	424	17
327	266	17
327	202	17
327	335	17
327	797	17
327	550	17
327	351	17
327	180	17
327	248	35
327	589	17
327	495	17
327	704	17
327	279	17
327	737	17
327	328	35
327	78	17
327	249	35
327	168	35
327	74	17
327	299	17
327	470	17
327	148	17
327	530	17
327	149	17
327	106	17
327	285	35
327	719	17
328	329	35
328	326	70
328	261	70
328	332	35
328	733	35
328	434	35
328	321	70
328	16	35
328	333	35
328	327	70
328	330	35
328	461	35
328	561	70
328	339	35
328	562	35
328	452	141
328	474	35
328	388	35
328	552	35
328	303	70
328	136	35
328	135	35
328	280	35
328	137	35
328	560	35
328	205	35
328	483	35
328	127	35
328	531	35
328	180	35
328	728	35
328	328	70
328	470	70
328	345	35
328	803	35
328	285	35
328	355	35
329	329	54
329	620	2
329	326	29
329	432	4
329	261	9
329	260	2
329	332	14
329	240	4
329	430	2
329	206	4
329	255	2
329	629	2
329	691	12
329	324	32
329	325	2
329	791	2
329	434	2
329	4	34
329	166	4
329	17	12
329	437	2
329	732	2
329	16	2
329	258	2
329	333	12
329	772	4
329	259	7
329	442	4
329	327	32
329	262	4
329	689	2
329	610	2
329	694	2
329	330	7
329	451	7
329	51	4
329	453	2
329	475	2
329	6	2
329	435	2
329	564	2
329	143	2
329	438	2
329	541	2
329	592	9
329	456	2
329	8	4
329	19	2
329	244	2
329	429	2
329	323	9
329	666	2
329	555	4
329	48	2
329	12	2
329	425	4
329	14	2
329	504	4
329	746	4
329	428	4
329	542	4
329	521	2
329	647	4
329	45	4
329	565	2
329	752	2
329	619	7
329	675	2
329	237	2
329	133	2
329	11	4
329	618	2
329	505	2
329	339	9
329	334	2
329	523	2
329	734	4
329	418	2
329	263	4
329	341	2
329	412	2
329	43	2
329	452	2
329	474	2
329	415	4
329	402	2
329	298	2
329	614	7
329	817	4
329	67	4
329	20	12
329	121	2
329	602	2
329	546	4
329	277	2
329	303	2
329	625	2
329	366	2
329	697	2
329	46	4
329	503	2
329	778	2
329	187	2
329	662	2
329	543	2
329	577	2
329	98	2
329	308	2
329	586	7
329	242	2
329	604	2
329	256	4
329	38	7
329	813	2
329	448	4
329	416	4
329	706	2
329	257	2
329	750	2
329	236	7
329	130	2
329	337	7
329	29	2
329	173	2
329	357	2
329	62	2
329	745	2
329	481	2
329	137	2
329	141	2
329	409	2
329	748	2
329	73	4
329	403	2
329	322	4
329	150	4
329	455	2
329	389	7
329	710	2
329	212	2
329	152	2
329	317	2
329	59	4
329	742	2
329	757	4
329	399	2
329	685	2
329	163	2
329	762	2
329	364	2
329	61	2
329	300	4
329	755	2
329	112	2
329	169	2
329	501	2
329	482	2
329	156	2
329	533	2
329	335	4
329	318	2
329	582	2
329	636	2
329	671	2
329	315	4
329	797	2
329	177	2
329	531	2
329	64	2
329	583	2
329	351	2
329	563	2
329	126	4
329	704	2
329	128	2
329	5	2
329	36	2
329	328	2
329	464	2
329	287	2
329	795	4
329	788	2
329	168	7
329	74	4
329	725	2
329	530	2
329	375	2
329	508	2
329	573	2
329	378	2
329	396	2
329	345	2
329	802	2
329	30	2
329	23	2
330	329	44
330	326	26
330	432	35
330	385	8
330	433	17
330	261	17
330	260	8
330	332	8
330	431	8
330	430	8
330	255	17
330	243	8
330	629	17
330	324	8
330	790	17
330	325	26
330	434	8
330	321	8
330	16	8
330	238	8
330	320	8
330	258	17
330	333	8
330	227	8
330	259	8
330	327	44
330	330	44
330	451	8
330	99	8
330	435	8
330	564	26
330	143	8
330	244	8
330	323	8
330	47	8
330	237	8
330	585	8
330	420	17
330	167	8
330	474	8
330	298	8
330	265	17
330	9	8
330	26	8
330	303	8
330	366	8
330	142	8
330	515	8
330	473	8
330	308	17
330	700	26
330	256	8
330	416	8
330	706	8
330	257	8
330	337	8
330	735	8
330	745	8
330	379	8
330	481	8
330	362	17
330	540	8
330	811	8
330	61	8
330	711	8
330	519	8
330	272	17
330	704	8
330	328	8
330	224	8
330	530	8
330	149	8
330	105	8
330	751	8
330	575	8
330	25	8
332	329	81
332	326	57
332	432	106
332	433	8
332	261	24
332	260	65
332	332	425
332	240	8
332	228	8
332	431	49
332	430	40
332	206	8
332	255	40
332	733	8
332	243	8
332	557	8
332	629	24
332	324	57
332	790	24
332	233	8
332	791	57
332	239	8
332	434	98
332	437	8
332	554	16
332	578	8
332	320	16
332	114	8
332	258	16
332	333	49
332	227	8
332	153	32
332	259	57
332	262	16
332	689	8
332	610	8
332	330	8
332	441	8
332	451	40
332	453	73
332	475	8
332	652	8
332	435	32
332	564	32
332	143	8
332	438	16
332	8	8
332	584	8
332	244	16
332	323	16
332	666	8
332	39	8
332	32	8
332	331	8
332	425	16
332	502	8
332	504	16
332	426	8
332	561	32
332	216	40
332	789	8
332	428	8
332	264	8
332	225	8
332	422	16
332	605	8
332	237	8
332	155	8
332	505	8
332	724	8
332	338	32
332	562	16
332	334	16
332	420	16
332	340	24
332	167	8
332	418	8
332	263	16
332	341	32
332	412	16
332	452	16
332	474	24
332	496	8
332	415	16
332	402	8
332	298	16
332	497	8
332	265	8
332	794	16
332	614	16
332	817	8
332	67	8
332	20	16
332	9	8
332	26	8
332	602	16
332	423	8
332	303	24
332	625	8
332	697	16
332	160	8
332	367	8
332	52	8
332	142	24
332	611	16
332	642	8
332	53	16
332	308	16
332	319	24
332	700	16
332	604	24
332	256	16
332	38	8
332	79	24
332	444	8
332	257	8
332	236	16
332	479	8
332	130	8
332	809	8
332	173	16
332	316	8
332	135	8
332	218	8
332	348	8
332	124	24
332	280	16
332	220	8
332	738	16
332	709	16
332	110	16
332	481	8
332	538	8
332	164	8
332	137	8
332	581	8
332	141	8
332	529	8
332	409	16
332	282	16
332	33	16
332	322	16
332	362	16
332	480	8
332	560	8
332	342	8
332	729	8
332	273	16
332	317	8
332	59	8
332	399	32
332	22	8
332	520	8
332	86	8
332	793	16
332	816	8
332	61	8
332	571	16
332	300	16
332	755	16
332	205	8
332	449	8
332	539	8
332	274	8
332	424	8
332	572	8
332	398	8
332	111	8
332	792	8
332	156	8
332	127	8
332	131	8
332	58	8
332	266	8
332	202	8
332	281	8
332	318	16
332	272	8
332	311	8
332	315	8
332	797	8
332	531	16
332	64	8
332	180	24
332	191	8
332	704	24
332	707	8
332	728	8
332	368	8
332	526	8
332	446	8
332	436	32
332	188	8
332	356	16
332	268	8
332	737	8
332	279	8
332	175	8
332	421	8
332	328	8
332	464	8
332	352	8
332	569	8
332	287	8
332	284	8
332	486	8
332	235	8
332	249	16
332	753	8
332	159	8
332	168	8
332	360	8
332	224	8
332	299	8
332	215	16
332	83	8
332	703	8
332	230	8
332	313	8
332	148	8
332	307	8
332	799	8
332	493	8
332	659	16
332	123	16
332	375	8
332	149	16
332	384	8
332	283	8
332	203	8
332	491	8
332	390	8
332	304	8
332	573	8
332	626	8
332	190	8
332	408	8
332	682	8
332	144	8
332	575	8
332	278	8
332	641	16
332	739	8
332	544	8
332	373	16
332	713	8
332	761	8
332	658	8
332	381	24
332	758	8
332	15	8
332	35	8
332	570	16
332	719	16
333	329	124
333	326	35
333	432	53
333	433	35
333	261	35
333	260	35
333	332	124
333	240	89
333	431	35
333	430	53
333	324	53
333	790	124
333	233	53
333	791	89
333	321	17
333	732	17
333	320	35
333	258	17
333	333	160
333	153	17
333	772	17
333	327	71
333	694	17
333	330	35
333	451	71
333	271	17
333	97	17
333	435	35
333	564	35
333	143	53
333	541	17
333	456	17
333	323	35
333	39	17
333	425	17
333	502	17
333	504	17
333	426	17
333	216	17
333	789	35
333	422	17
333	507	17
333	339	35
333	724	17
333	338	35
333	151	17
333	766	35
333	562	17
333	341	53
333	452	35
333	474	35
333	402	17
333	298	35
333	265	35
333	794	35
333	372	53
333	817	17
333	221	17
333	44	17
333	423	17
333	303	35
333	625	17
333	366	35
333	160	17
333	503	35
333	778	17
333	142	35
333	140	17
333	515	17
333	642	17
333	770	17
333	308	53
333	319	53
333	448	17
333	706	35
333	56	17
333	337	35
333	735	17
333	600	17
333	231	17
333	280	17
333	220	17
333	359	17
333	164	35
333	409	35
333	524	17
333	403	17
333	445	17
333	480	17
333	342	17
333	389	17
333	290	35
333	152	35
333	399	17
333	793	17
333	811	17
333	571	17
333	300	17
333	755	17
333	205	17
333	449	17
333	111	17
333	169	17
333	536	17
333	202	35
333	335	71
333	186	17
333	301	17
333	494	17
333	797	35
333	774	17
333	716	17
333	309	17
333	730	17
333	64	17
333	217	35
333	526	17
333	446	17
333	356	17
333	737	17
333	741	17
333	284	17
333	162	53
333	664	17
333	249	17
333	788	17
333	360	17
333	295	17
333	172	17
333	42	17
333	673	17
333	640	17
333	275	35
333	138	17
333	291	35
333	407	17
333	656	17
333	106	17
333	408	17
333	115	17
333	288	17
333	713	35
334	329	27
334	326	55
334	433	27
334	260	55
334	332	27
334	430	27
335	329	2
337	329	35
338	329	26
338	433	52
339	329	114
339	620	28
339	326	28
339	432	114
339	260	28
339	430	114
339	325	28
339	233	28
339	791	57
339	437	142
339	258	28
339	333	57
339	453	28
339	475	142
339	438	28
339	429	57
339	666	28
339	559	28
339	425	57
339	426	28
339	561	142
339	264	28
339	45	57
339	339	85
339	338	85
339	334	28
339	340	85
339	418	114
339	263	28
339	341	85
339	412	28
339	474	28
339	101	28
339	265	28
339	414	28
339	303	28
339	142	28
339	473	28
339	611	28
339	642	28
339	53	28
339	308	57
339	256	28
339	199	28
339	173	28
339	637	28
339	269	28
339	348	28
339	164	28
339	409	57
339	748	28
339	362	57
339	150	28
339	729	28
339	84	28
339	61	85
339	582	28
339	64	28
339	351	28
339	397	28
339	767	28
339	446	28
339	159	28
339	660	57
339	148	28
339	307	28
339	493	28
339	192	28
339	119	28
339	200	28
339	796	28
339	679	28
339	193	57
340	329	14
340	432	14
340	261	7
340	260	7
341	329	3
341	620	1
341	326	2
341	432	1
341	433	4
341	332	3
341	240	4
341	228	1
341	431	2
341	430	1
341	255	2
341	557	1
341	324	1
341	790	1
341	791	1
341	17	1
341	615	1
341	578	1
341	270	2
341	333	3
341	232	1
341	478	1
341	442	1
341	327	2
341	262	2
341	694	1
341	330	1
341	451	1
341	271	1
341	453	1
341	435	1
341	386	1
341	541	2
341	19	1
341	323	1
341	666	2
341	425	1
341	47	1
341	561	1
341	216	2
341	428	1
341	264	2
341	675	1
341	638	1
341	618	1
341	505	2
341	439	1
341	506	1
341	339	6
341	72	1
341	338	13
341	568	1
341	334	1
341	420	2
341	340	8
341	418	4
341	263	2
341	341	3
341	412	2
341	452	2
341	474	2
341	402	1
341	298	1
341	7	1
341	372	2
341	414	1
341	344	1
341	591	1
341	121	1
341	423	1
341	552	1
341	419	2
341	303	2
341	697	1
341	447	1
341	778	1
341	336	1
341	314	1
341	367	1
341	623	2
341	393	1
341	515	3
341	473	1
341	642	1
341	98	1
341	308	1
341	319	1
341	700	2
341	586	1
341	38	1
341	411	1
341	56	1
341	750	1
341	337	6
341	173	1
341	276	2
341	637	1
341	600	1
341	124	1
341	220	1
341	137	1
341	371	1
341	69	2
341	294	2
341	409	1
341	282	2
341	524	1
341	460	1
341	362	2
341	150	4
341	342	3
341	358	1
341	729	3
341	273	1
341	417	4
341	317	1
341	59	2
341	540	4
341	798	1
341	516	3
341	37	1
341	588	1
341	364	4
341	793	1
341	571	1
341	205	1
341	449	2
341	274	1
341	483	1
341	792	2
341	482	2
341	533	1
341	266	2
341	335	1
341	318	2
341	582	1
341	512	1
341	494	1
341	410	1
341	716	2
341	510	1
341	309	1
341	64	1
341	351	1
341	180	1
341	126	1
341	589	1
341	82	2
341	704	2
341	488	3
341	397	3
341	350	1
341	368	1
341	90	1
341	436	1
341	188	1
341	356	2
341	413	1
341	279	2
341	175	1
341	213	1
341	154	1
341	795	1
341	229	1
341	517	1
341	349	1
341	253	1
341	360	2
341	299	1
341	509	1
341	657	1
341	230	2
341	313	1
341	702	1
341	49	1
341	192	1
341	530	1
341	395	1
341	756	2
341	751	1
341	291	2
341	626	1
341	76	1
341	408	2
341	115	1
341	354	1
341	185	1
341	207	1
342	329	27
342	620	13
342	432	13
342	785	13
342	332	13
344	329	16
344	261	16
344	260	33
345	329	4
345	620	4
345	432	4
345	433	4
345	260	8
345	332	4
345	430	8
348	620	5
349	329	10
349	620	10
349	260	10
351	329	132
351	261	264
366	329	84
366	432	84
366	385	84
366	433	84
371	329	233
371	433	467
371	261	233
378	329	143
378	385	143
379	620	16
381	620	270
389	329	252
389	385	1011
389	433	252
399	329	42
402	329	61
402	620	61
402	433	61
406	620	378
410	620	61
412	329	44
412	620	44
412	326	44
412	433	44
414	329	30
414	620	30
415	329	61
415	620	30
415	785	30
415	260	30
415	332	91
415	431	30
415	430	61
415	557	30
415	612	30
415	233	30
415	791	30
415	239	30
415	270	30
415	153	30
415	2	30
415	259	61
416	329	39
416	432	19
416	332	39
416	431	39
416	629	19
416	327	19
416	592	19
416	40	19
416	429	19
416	422	39
416	237	19
416	338	19
416	722	19
416	523	19
416	420	19
416	340	19
416	794	19
416	817	19
416	221	58
416	591	19
416	121	19
416	303	19
416	697	19
416	336	19
416	577	19
416	391	19
416	411	19
416	280	19
416	529	19
416	409	19
416	33	19
416	73	19
416	362	19
416	710	19
416	417	19
416	59	19
416	811	19
416	205	19
416	449	39
416	274	19
416	194	19
416	272	19
416	512	19
416	718	19
416	632	19
416	749	19
416	128	19
416	777	19
416	405	19
416	446	19
416	663	19
416	195	19
416	209	19
416	78	19
416	349	19
416	182	19
416	138	19
416	769	19
416	407	19
416	288	39
418	329	14
418	432	14
419	620	7
420	329	17
420	432	17
420	433	17
422	329	39
422	432	78
424	329	30
424	261	90
424	785	30
424	260	60
424	332	30
424	233	30
424	434	30
424	96	30
424	578	30
424	333	30
424	232	30
424	442	60
424	475	90
424	564	30
424	559	90
424	425	210
424	426	30
424	561	60
424	474	30
424	476	60
424	344	30
424	423	90
424	409	30
424	792	30
424	440	30
424	286	30
424	363	30
424	291	30
424	355	30
424	758	30
425	329	62
425	620	15
425	432	31
425	433	15
425	261	15
425	260	15
425	332	62
425	228	15
425	431	31
425	430	93
425	732	15
428	329	43
428	326	43
429	329	1
430	329	5
430	620	5
430	326	11
431	329	7
431	326	7
431	432	10
431	433	7
431	261	3
432	620	5
433	329	0
434	329	5
434	620	5
434	432	17
434	433	17
435	329	5
435	620	20
435	432	26
435	433	15
437	329	24
437	432	12
437	433	12
437	261	12
437	332	24
437	430	36
437	434	60
437	4	12
437	321	24
437	437	24
437	258	12
437	442	12
437	451	48
437	453	12
437	475	12
437	435	12
437	438	120
437	763	12
437	559	24
437	561	12
437	439	12
437	339	60
437	151	12
437	562	24
437	263	12
437	471	12
437	412	12
437	794	12
437	121	12
437	277	12
437	336	12
437	448	24
437	280	12
437	145	24
437	648	60
437	449	12
437	440	12
437	318	12
437	64	12
437	128	12
437	436	72
437	517	12
437	161	12
437	400	12
437	119	12
437	682	12
437	450	12
437	472	12
437	466	12
437	381	12
437	818	12
437	719	12
438	329	35
438	620	71
438	432	142
438	433	35
442	329	28
442	326	86
442	432	57
442	385	28
442	433	57
445	620	60
448	329	248
448	620	124
448	326	124
448	434	124
448	437	248
448	462	496
448	227	124
448	262	124
448	451	248
448	652	124
448	435	372
448	564	124
448	438	1116
448	456	124
448	8	248
448	331	124
448	502	124
448	428	248
448	649	124
448	422	248
448	155	124
448	439	124
448	722	124
448	402	248
448	20	124
448	121	124
448	423	124
448	419	124
448	303	124
448	447	124
448	142	124
448	79	124
448	448	248
448	68	124
448	124	124
448	445	124
448	362	124
448	762	124
448	364	124
448	300	124
448	204	124
448	469	124
448	49	124
448	713	124
451	329	40
451	432	40
451	433	20
451	260	60
451	332	20
451	431	10
451	206	10
451	255	30
451	243	10
451	324	40
451	325	10
451	791	30
451	434	60
451	321	30
451	166	10
451	437	40
451	732	10
451	238	10
451	114	10
451	258	10
451	333	10
451	232	10
451	259	10
451	327	10
451	689	10
451	694	20
451	330	20
451	441	10
451	451	121
451	453	10
451	435	60
451	564	20
451	438	10
451	456	10
451	429	10
451	666	10
451	559	10
451	39	10
451	12	10
451	630	20
451	580	10
451	11	10
451	155	10
451	439	10
451	722	10
451	585	10
451	334	10
451	523	10
451	420	10
451	341	30
451	452	60
451	474	30
451	298	30
451	497	10
451	265	10
451	20	10
451	476	20
451	121	10
451	419	10
451	303	20
451	160	10
451	447	10
451	140	10
451	698	10
451	98	10
451	308	10
451	319	10
451	454	20
451	256	10
451	448	10
451	624	10
451	706	10
451	257	10
451	56	10
451	236	10
451	173	10
451	316	10
451	357	10
451	745	10
451	124	20
451	280	10
451	294	10
451	529	10
451	409	10
451	282	10
451	41	10
451	322	10
451	460	30
451	362	10
451	455	30
451	417	20
451	317	10
451	597	20
451	37	10
451	793	20
451	755	10
451	449	10
451	171	10
451	424	10
451	634	10
451	536	10
451	127	10
451	519	10
451	139	10
451	335	10
451	315	10
451	436	10
451	812	10
451	302	20
451	175	10
451	795	20
451	768	20
451	468	10
451	659	20
451	296	10
451	459	10
451	396	10
451	117	10
451	144	10
451	544	10
452	329	12
452	432	12
452	385	6
452	433	25
452	332	6
452	430	12
452	733	12
452	324	6
452	791	12
452	434	31
452	333	12
452	227	6
452	442	6
452	327	18
452	451	31
452	453	12
452	475	6
452	435	25
452	438	37
452	456	25
452	12	6
452	331	12
452	461	6
452	422	6
452	338	6
452	734	12
452	43	6
452	452	25
452	265	6
452	366	6
452	160	6
452	447	12
452	98	6
452	454	6
452	337	6
452	460	6
452	455	18
452	389	6
452	59	12
452	519	6
452	436	31
452	737	6
452	158	6
452	192	6
452	626	6
452	822	12
452	719	12
453	329	9
453	326	9
453	432	109
455	329	72
455	785	36
455	332	36
455	240	36
455	431	36
455	430	36
455	557	72
455	434	72
455	166	36
455	114	36
455	270	36
455	262	72
455	451	144
455	475	36
455	435	108
455	564	36
455	429	72
455	502	36
455	225	36
455	420	36
455	167	36
455	452	144
455	277	36
455	419	36
455	160	36
455	577	36
455	63	36
455	236	36
455	231	36
455	348	36
455	145	36
455	455	398
455	342	36
455	399	36
455	364	72
455	449	36
455	234	36
455	183	36
455	459	36
458	620	159
464	329	71
464	433	71
464	261	71
464	260	71
464	332	214
464	10	71
464	153	71
464	259	71
464	435	71
464	564	71
464	438	71
464	47	71
464	461	716
464	752	71
464	11	71
464	155	143
464	77	143
464	499	71
464	457	214
464	463	143
464	280	71
464	736	143
464	282	71
464	460	214
464	571	429
464	572	71
464	186	71
464	464	286
464	459	71
474	329	27
474	620	54
475	620	53
476	620	40
477	329	44
477	261	44
478	620	19
480	329	61
480	433	61
482	329	65
482	261	32
482	430	65
482	612	32
482	498	32
482	114	32
482	478	65
482	639	98
482	244	32
482	429	32
482	14	32
482	504	98
482	746	32
482	789	32
482	752	32
482	151	32
482	340	32
482	341	65
482	412	32
482	474	32
482	780	32
482	346	32
482	591	98
482	552	32
482	558	98
482	366	32
482	489	32
482	52	32
482	280	32
482	481	32
482	487	65
482	529	65
482	403	32
482	648	32
482	317	32
482	399	65
482	793	32
482	427	32
482	483	196
482	398	32
482	482	98
482	315	32
482	492	32
482	728	65
482	188	32
482	360	32
482	383	32
487	620	49
494	620	86
501	329	212
501	385	1913
503	329	132
503	385	530
504	329	151
504	432	100
504	385	50
504	433	201
505	329	208
505	432	104
505	385	208
505	433	313
506	329	132
506	385	530
506	260	132
507	620	96
513	620	161
516	620	84
520	620	125
521	329	71
521	385	71
523	329	154
523	432	309
523	433	154
524	620	134
529	620	87
531	620	150
533	329	265
533	433	265
541	329	126
541	432	126
541	433	379
542	329	567
542	432	283
542	498	567
542	578	851
542	747	3689
542	227	283
542	435	283
542	564	283
542	593	1702
542	428	283
542	542	1702
542	420	283
542	496	283
542	221	283
542	515	283
542	611	567
542	500	283
542	717	1135
542	748	567
542	654	567
542	171	283
542	536	283
542	494	283
542	511	283
542	175	567
542	189	283
542	530	283
542	596	283
543	329	91
543	432	183
543	433	91
553	620	77
555	329	226
555	430	113
555	255	226
555	733	113
555	557	226
555	554	1130
555	238	113
555	442	113
555	610	113
555	453	113
555	435	113
555	584	339
555	555	565
555	647	226
555	752	113
555	474	113
555	476	113
555	547	113
555	765	226
555	423	452
555	782	339
555	783	226
555	160	113
555	145	113
555	711	113
555	774	113
555	410	113
555	93	113
555	286	113
555	296	113
557	620	17
560	620	278
562	329	45
562	620	45
562	432	136
562	433	90
563	329	58
563	620	58
563	432	116
563	385	58
563	433	116
564	329	24
564	620	24
564	326	24
577	329	81
577	326	243
577	432	243
579	620	83
580	620	216
582	329	161
582	433	161
582	785	484
582	260	161
583	329	215
583	462	215
583	262	215
583	689	215
583	475	215
583	584	647
583	323	431
583	559	215
583	461	215
583	627	647
583	647	215
583	638	215
583	585	431
583	562	215
583	340	215
583	474	431
583	780	215
583	574	215
583	606	215
583	303	215
583	558	215
583	778	215
583	337	215
583	600	215
583	749	215
583	368	215
586	329	228
586	620	114
586	432	114
586	433	114
586	785	228
586	733	114
586	239	114
586	554	114
586	690	114
586	262	114
586	564	114
586	541	228
586	592	114
586	763	228
586	666	228
586	559	114
586	555	114
586	428	114
586	605	684
586	618	114
586	439	114
586	585	912
586	341	114
586	412	114
586	267	114
586	651	114
586	497	114
586	794	114
586	476	114
586	547	114
586	44	114
586	602	114
586	552	228
586	782	114
586	625	114
586	623	114
586	515	114
586	586	684
586	624	114
586	236	114
586	745	114
586	736	114
586	587	456
586	748	228
586	654	114
586	399	114
586	634	114
586	572	114
586	583	114
586	603	228
586	527	114
586	653	114
586	744	228
586	307	114
586	285	114
587	620	317
589	329	193
589	785	579
589	260	193
592	329	446
592	432	148
592	260	297
598	329	184
598	432	184
598	260	184
598	240	184
598	430	184
602	329	119
602	432	119
602	261	59
602	785	717
603	620	0
604	329	55
604	620	55
605	329	52
605	620	157
605	385	52
606	620	30
610	329	97
610	620	97
610	385	97
610	433	195
610	261	292
610	260	97
612	620	1
614	329	431
614	326	575
614	385	287
614	332	431
614	240	143
614	733	431
614	557	143
614	612	143
614	325	287
614	233	143
614	498	143
614	166	143
614	615	1151
614	320	143
614	258	143
614	2	143
614	610	575
614	271	143
614	386	143
614	323	143
614	580	287
614	133	143
614	613	287
614	618	287
614	568	143
614	18	143
614	415	143
614	614	431
614	20	143
614	476	287
614	121	143
614	46	287
614	543	287
614	642	143
614	700	287
614	567	143
614	371	143
614	145	143
614	322	287
614	150	143
614	399	143
614	816	143
614	571	287
614	494	143
614	309	143
614	180	143
614	5	143
614	85	143
614	569	287
614	295	143
614	123	143
614	147	143
614	807	143
614	820	143
618	329	114
618	261	228
618	260	114
618	430	114
619	329	350
619	620	175
619	432	175
619	240	175
619	430	175
619	733	175
619	612	875
619	434	175
619	615	700
619	578	350
619	652	1050
619	564	175
619	143	175
619	429	175
619	428	175
619	647	175
619	752	175
619	619	1576
619	237	175
619	133	175
619	155	175
619	784	175
619	724	175
619	568	350
619	651	525
619	20	175
619	546	175
619	423	175
619	366	175
619	579	175
619	473	175
619	611	350
619	700	175
619	130	175
619	735	175
619	736	175
619	214	175
619	131	175
619	176	175
619	655	175
619	603	175
619	665	175
620	329	19
620	620	295
620	432	19
621	620	1124
622	620	2116
625	329	51
629	329	33
629	620	33
636	329	66
636	432	66
639	620	54
642	620	58
643	620	50
644	620	2323
646	620	1100
647	329	453
647	620	7250
647	785	226
647	260	453
647	431	226
647	733	226
647	557	226
647	612	226
647	629	679
653	620	236
654	620	308
662	329	40
662	261	40
662	260	80
662	332	40
666	329	76
666	433	76
671	329	55
671	260	55
671	629	55
675	329	127
675	785	127
689	329	71
689	620	71
689	432	143
689	433	71
691	329	800
691	326	160
691	228	160
691	691	960
691	462	160
691	690	960
691	153	160
691	478	160
691	689	480
691	694	480
691	441	160
691	607	160
691	649	160
691	810	160
691	794	160
691	693	320
691	700	160
691	798	160
691	797	160
697	329	93
697	620	93
697	433	93
704	329	61
704	620	30
704	385	30
706	329	78
706	432	157
710	329	107
710	620	107
716	620	52
725	620	107
728	620	84
733	620	4
734	329	15
734	432	15
738	329	34
738	432	34
738	433	34
742	329	43
742	433	43
742	430	43
742	629	131
742	2	43
742	639	43
742	592	43
742	584	43
742	429	87
742	630	175
742	426	43
742	675	43
742	638	43
742	420	43
742	265	43
742	346	43
742	591	131
742	606	43
742	142	43
742	454	43
742	357	43
742	628	131
742	69	43
742	599	87
742	152	43
742	742	43
742	632	43
742	180	43
742	812	43
742	395	43
742	601	43
742	721	43
742	594	43
745	329	275
745	260	550
745	324	275
745	732	550
745	747	825
745	330	275
745	451	275
745	99	275
745	564	275
745	438	275
745	592	1100
745	584	275
745	763	275
745	502	275
745	630	275
745	746	1375
745	789	275
745	387	275
745	638	275
745	734	275
745	263	275
745	496	275
745	546	275
745	366	275
745	136	275
745	454	275
745	745	275
745	280	275
745	487	275
745	282	275
745	516	275
745	490	275
745	536	275
745	512	275
745	170	275
745	718	275
745	797	275
745	589	275
745	517	550
745	670	275
745	514	275
745	684	275
745	819	275
746	329	116
746	785	58
746	430	58
746	233	116
746	791	58
746	732	58
746	262	58
746	271	58
746	435	58
746	592	756
746	666	116
746	593	58
746	12	58
746	504	58
746	746	815
746	216	58
746	649	58
746	565	58
746	752	116
746	675	58
746	439	58
746	151	116
746	340	58
746	420	58
746	474	58
746	591	116
746	277	58
746	303	58
746	366	58
746	503	58
746	367	58
746	515	58
746	543	349
746	77	58
746	586	58
748	329	15
750	329	211
750	433	211
750	261	211
752	329	33
752	620	99
752	326	33
755	329	47
755	385	47
757	329	88
757	255	88
772	329	350
772	620	2450
772	261	175
772	260	350
772	240	175
772	629	175
772	325	175
772	615	175
772	333	175
772	772	4726
772	475	175
772	564	175
772	666	175
772	331	175
772	426	175
772	561	525
772	647	350
772	605	175
772	622	1925
772	155	175
772	338	175
772	810	525
772	496	175
772	651	175
772	402	175
772	643	350
772	419	175
772	473	175
772	79	175
772	624	175
772	348	175
772	280	525
772	736	175
772	409	175
772	654	175
772	621	525
772	566	175
772	646	175
772	266	175
772	186	175
772	180	175
772	777	350
772	644	175
772	413	175
772	741	175
772	406	175
772	148	175
772	172	175
772	669	175
772	283	175
772	679	175
774	620	145
778	329	117
778	785	234
778	260	117
784	329	40
784	320	120
784	435	40
784	323	80
784	504	40
784	619	40
784	338	40
784	562	40
784	412	161
784	447	40
784	319	40
784	411	40
784	735	40
784	348	40
784	359	40
784	581	40
784	480	40
784	196	40
784	483	40
784	350	40
784	328	40
784	664	40
784	299	40
784	401	40
788	329	177
788	620	177
788	432	177
788	261	355
791	329	19
791	326	39
791	432	9
791	433	9
791	261	9
791	785	9
791	260	29
792	620	46
794	329	36
795	329	81
795	432	163
795	260	163
795	228	81
797	329	39
808	620	132
812	620	116
813	329	1
817	329	356
817	433	178
817	261	178
817	260	178
817	332	178
