0 33249 25.245916197295124
1 74929 196.16259148691037
2 32102 4.453195536041093
3 22871 10.391090228989478
4 49328 6.909975644674802
5 36735 6.696173881886711
6 7993 71.91014784624485
7 476 82.23356092769542
8 59705 169.34358498958295
9 13033 59.40446596663768
10 26669 2.977863990103429
11 21115 3.4264162613880838
12 59662 9.681643312633108
13 41804 13.523141806062421
14 72046 258.00763053728434
15 16654 5.462855812459363
16 53815 8.420587662954423
17 39347 6.485398774048374
18 34731 34.92157840113545
19 55224 8.192041430307786
20 89747 10.004850987726584
21 56004 9.150389113771956
22 88123 7.51131279372723
23 45317 8.039728755500025
24 32463 7.645377507540576
25 23729 8.780236433527877
26 831 0.18429544847312035
27 456 0.08286254608129459
28 47993 6.1261322446281605
29 21751 6.120378550016448
30 15554 1.8123257713935355
31 20280 11.853855693539893
32 31974 11.340021652609973
33 49012 7.868276995877973
34 37173 7.755117398227328
35 44706 11.553812990639338
36 65445 4.128679360676575
37 36457 3.5372129137277857
38 14885 1.931797753503105
39 25404 3.3352583100771125
40 53908 3.2682255670682645
41 57741 7.010757192697418
42 59492 5.005503500402319
43 49341 9.728282138758944
44 24748 4.433677684993135
45 21495 4.818965956599027
46 45214 3.892379810253947
47 93193 6.694402059005679
48 26176 2.2268392749310038
49 25990 5.83283590503122
50 57251 8.307033854983112
51 35135 3.933261466848495
52 19506 1.4266977298736518
53 35293 3.57949612121755
54 40071 3.6064564777906307
55 34924 2.678445614419835
56 9947 4.694048389413387
57 28210 1.5666230886011827
58 47487 3.754315464009872
59 36568 2.4775369615612117
60 0 0.0064204930679215505
61 14853 2.3113195891255094
62 39480 10.731338909678346
63 29415 1.8932852198543004
64 25876 2.944435649894903
65 49399 8.781973893315335
66 105549 9.81020413994196
67 14866 8.46322376783213
68 16591 1.6300708729152413
69 20388 1.7012271871529907
70 14184 0.930585392673634
71 27925 3.3941995098046784
72 43497 4.551734602631363
73 42399 4.9236648972890995
74 76615 6.108231003386888
75 31499 4.284072744738586
76 54099 4.685371901336994
77 31481 5.838606588138632
78 93524 7.3674190768451435
79 27480 5.392849696600911
80 10506 4.540681655667902
81 16245 6.901795683995447
82 33065 5.881950804405271
83 30356 7.546491335094989
84 8415 0.7521104344884996
85 22830 2.049617990508064
86 13220 0.818535452673912
87 22781 2.353376926842904
88 20849 3.972509525140657
89 11371 1.3428189628677816
90 24939 4.935655686435613
91 18904 2.4478874033393203
92 30778 5.040355399330036
93 156 0.010005837864885861
94 16032 1.1239882192504367
95 37810 1.890919957930307
96 28514 3.7703197852654142
97 328 0.044018350664172964
98 56343 5.46421180329793
99 32940 8.2291041502895
100 26074 7.040429917049809
101 24229 2.9451437612838363
102 36126 8.254437086194994
103 10917 2.9510758351003945
104 31715 6.317554753149436
105 36751 3.805606821344346
106 34095 5.558829230096819
107 11254 3.691883900620389
108 25616 3.413183381544625
109 40598 8.488651298770495
110 34332 3.8265076903831217
111 76571 13.43684063401066
112 61386 4.612967704869675
113 62430 4.6551586339396165
114 20460 1.3300277839125123
115 13361 3.811762062218049
116 1391 2.0270831370647278
117 494 15.0721821877167
118 1945 66.40309105679255
119 32611 22.67111816734286
120 50216 53.88711530709795
121 20006 9.546739984895684
122 43792 10.844617812901063
123 47222 9.851471512609324
124 11248 9.827469084798848
125 20039 5.088389984818463
126 29309 11.595656813853964
127 34464 7.952156148986019
128 47582 8.802474374398646
129 59182 9.528300131120298
130 16366 21.16491427759511
131 46564 14.91192816337373
132 21944 9.494368699777759
133 19704 3.8084176451782787
134 29945 2.702380860451863
135 85914 7.009621280098595
136 32845 4.476421512377663
137 44515 7.951135294835343
138 5781 2.1012213183999306
139 54083 5.202393601823638
140 27522 6.070847046395582
141 37184 9.25902204952301
142 24307 2.1224712238048977
143 36171 11.091941738726202
144 23032 3.3639194467310274
145 38486 7.0588442880816435
146 26853 3.37153762874577
147 61510 6.374746137819944
148 34797 9.770550674366058
149 21649 3.308784828346695
150 14044 2.4033628727237346
151 20184 13.221421875313707
152 3744 0.6534655759022822
153 9741 7.38933346409327
154 12478 2.570174070304573
155 2756 0.20826505759872246
156 29291 6.703512912028936
157 16012 3.532251114676979
158 23881 19.4591175712011
159 49046 8.229708014091186
160 63297 16.699103625190542
161 25756 5.029782763472263
162 7248 1.3889747751727035
163 35533 10.559968617615217
164 67619 13.900386411056731
165 24010 6.022043345374573
166 34204 5.976538501336686
167 52033 6.775087761024375
168 24752 2.803357776175025
169 62068 6.275464210644992
170 51767 7.319997235508427
171 38232 6.873094006613158
172 45113 6.395396812649325
173 35153 4.153482178295807
174 3613 10.678356810919587
175 70401 6.315012270327121
176 16333 2.1766205094386537
177 57245 7.747863696665776
178 8337 0.6315786019085803
179 42709 4.548582464474739
180 39733 7.124510615493199
181 25209 12.043599429804308
182 7285 82.37767935604334
183 1259 109.53647854739096
184 388 40.18889508368378
185 4894 10.343022824816178
186 35705 15.000380696744541
187 48068 5.61424454476237
188 69745 4.83158802280165
189 71599 10.16884518383869
190 2138 86.48410108463823
191 62928 7.749427024372314
192 33119 14.305046587088434
193 34537 8.653698395513802
194 25824 14.82612931025163
195 40952 3.3142103361096655
196 53704 5.332982623857717
197 25356 4.978691407064434
198 46457 18.919525881973197
199 4090 74.79049709882825
200 32031 4.032815209954641
201 34409 4.129957358875794
202 44907 5.773066130036124
203 85040 8.788670449438376
204 30854 3.837153299551967
205 45406 14.46543574719265
206 26184 6.237152064025007
207 18275 2.323582194203216
208 32414 6.639476708000191
209 38158 48.47268056840418
210 43079 15.631673969145803
211 62097 6.423171072607286
212 29591 3.814907636637699
213 43896 6.678825925062201
214 23988 3.067490660188387
215 38475 3.405147050874367
216 54013 12.808077489162113
217 30485 5.572301107186597
218 20063 3.2727047384003325
219 40331 5.651733907647449
220 32396 3.782934515526713
221 52735 4.357853395459747
222 32742 4.5347183075751705
223 27496 3.1068062863611723
224 30322 3.2661247851341395
225 70918 242.95110440666133
226 62549 8.489632384397147
227 19786 143.12038627205996
228 2932 113.62248550958537
229 25777 3.717822244736269
230 50798 73.14104158011543
231 18910 159.43339389989453
232 55277 4.921230909177957
233 21741 10.124668917384945
234 31869 2.5717933828264843
235 18010 2.235221939252228
236 12132 2.858660349005478
237 91725 55.30317206102885
238 34188 3.38117319462484
239 32327 3.6730946243766383
240 50231 9.40586520091985
241 24474 8.058999887258166
242 39407 4.260693485838544
243 94396 7.305322650143553
244 39341 17.779096659907303
245 57110 3.5023637175152933
246 51223 3.0620219089818175
247 67179 4.382864708253474
248 12520 5.580829332027793
249 101279 5.938469212984771
250 55758 3.272454158088763
251 3223 5.807272080025081
252 27372 1.2616008259497726
253 75066 3.717358536024105
254 45903 4.224142737340868
255 45786 4.767329810022286
256 27585 49.88621182800847
257 40328 49.523351845645614
258 36557 32.07563471336547
259 25709 26.70939517866492
260 18116 107.77874994015416
261 25488 34.06851846417821
262 34882 25.884031509026297
263 20158 37.61547582459841
264 51747 16.41711853491213
265 0 0.5981684085022788
266 20438 33.513167628575886
267 26872 2.6617455370449594
268 48606 4.731011495033954
269 89779 5.13658171389211
270 25457 2.3540649609187376
271 0 0.1568408811160515
272 21576 2.0358623283196677
273 21318 1.9809844678817046
274 43180 5.66025788536472
275 1699 150.3369872756167
276 29855 108.55753694611712
277 6368 20.047659294174338
278 25851 7.59915798837678
279 36045 19.63026739892231
280 33348 16.949984324251695
281 32362 9.571134306413775
282 11555 0.9553264339448677
283 15149 2.1060827308852397
284 31766 4.509246374886679
285 7827 1.5795285538002493
286 28722 8.725231159372166
287 32605 15.496816587567201
288 6722 0.8486494918123173
289 27186 2.6456373543043443
290 47452 2.936690440264588
291 42147 2.5690219414144004
292 539 0.33911354029439517
293 35482 15.018998157520421
294 21360 1.9927130936513993
295 48581 5.784290120263106
296 28917 1.5664921999638608
297 44789 4.130841532856523
298 21397 1.8857589301572053
299 20483 2.114192807070921
300 8434 0.7003800789810609
301 1612 0.2259168768349506
302 24525 1.4276830626242283
303 12250 2.0038355390063582
304 47596 3.627073561730788
305 28341 2.4986011518200084
306 28418 2.0480125776644527
307 58911 3.209203671986125
308 3951 2.0704856547597905
309 103892 4.285905571763267
310 39316 3.4534032590112385
311 48852 3.267363787013685
312 15 0.12322682576135488
313 23768 0.7262863766164167
314 18986 1.710585917772592
315 44998 0.8856029448785091
316 59185 1.9197888175543671
317 64458 3.888071296083225
318 25403 4.011227079044382
319 57964 3.1118178925925526
320 31103 3.232092967226103
321 67869 4.223971694077347
322 37681 1.0840092695410173
323 3800 0.45732026557652006
324 45527 5.278807083276061
325 38967 1.1303021481180608
326 36865 2.4703207119106345
327 62180 3.0481013811647
328 22986 22.831756363349946
329 2424 0.32815209954640717
330 11772 0.6709262745618899
331 7005 0.28317969040783203
332 3217 0.2867812514961459
333 45151 8.134054289054621
334 38617 1.3617398999532044
335 40920 2.4671264886169357
336 66266 3.5512349864169255
337 5464 0.6096422068364795
338 32821 1.9364278907855943
339 49310 2.895892181739838
340 3 0.39733234285255375
341 9377 7.332635131900225
342 62276 2.8371390137714925
343 0 0.009878424147138905
344 39499 7.430892343902752
345 26855 2.1633733438147202
346 27425 3.6076703830288017
347 22286 7.748176439427518
348 28714 1.5242904600330194
349 44958 3.3325223900651277
350 27927 2.4395224997181453
351 37180 2.650454365039529
352 39285 3.4521241025054943
353 23484 3.630916436678471
354 24628 2.0423955632226867
355 14372 5.694762678437121
356 26898 5.007180342148303
357 30991 4.363065774822123
358 29458 7.334469889435781
359 17473 2.0481851653366734
360 29034 5.150676373790149
361 74363 6.564552422636707
362 51558 8.131767791974326
363 45061 4.138305660103445
364 1 0.24494785304024574
365 32417 4.824988764426708
366 60254 5.911262137121871
367 103689 8.852732522312845
368 69817 3.72698213273575
369 47807 11.710629933420542
370 27669 4.389412228936968
371 51145 3.3099392738499174
372 18496 3.240880266626718
373 2702 0.3368872751533984
374 20372 8.203115226788695
375 33708 8.160393021125966
376 0 0.23485591439033696
377 42399 3.441929460677038
378 11074 2.1785131823004584
379 40311 2.114059215718374
380 0 0.04137470907201114
381 19131 1.3544931482308027
382 117 0.16248028948396673
383 36678 5.730178672642499
384 44383 5.305172456397481
385 58763 24.867590892313014
