population	links	tests	detected	time	error	time_error
12965	41	150000	15326.5	19.2083	12132.7	5.56714
21725	82	150000	15363.8	19.1667	12135.8	5.58768
26821	123	150000	15383.1	19.1667	12090.4	5.58768
30852	164	150000	15393.2	19.1667	12211.6	5.58768
32790	205	150000	15333.2	19.0833	12193.6	5.74214
49705	246	150000	14674	18.9583	8681.6	3.80697
82304	287	150000	14121.5	18.9583	6560.65	2.67577
102466	328	150000	13896.7	18.9583	6047.25	2.67577
118116	369	150000	13816.6	18.9167	6008.9	2.6405
128718	410	150000	13783.5	19.0833	5842.55	2.51109
135466	451	150000	13761.6	19.0417	5887.75	2.34373
136605	492	150000	13691.8	19.125	5855.57	2.60208
136779	533	150000	13681.6	19.0833	5863.42	2.51109
150307	574	150000	12528.9	19.4167	5324.34	2.6405
178240	615	150000	10708.8	19.9167	4540.36	2.37463
194273	656	150000	9900.92	20.0417	4203	2.48188
201589	697	150000	9600.88	20.2083	4052.02	2.58064
204096	738	150000	9478.17	20.25	3919.58	2.46644
205950	779	150000	9373.75	20.3333	3875.58	2.56038
206578	820	150000	9355.08	20.2917	3869.57	2.54815
207970	861	150000	9298.92	20.2917	3819.92	2.54815
222678	902	150000	8740.29	20.5833	3528.91	2.44381
234989	943	150000	8321.79	20.75	3461.82	2.46644
248240	984	150000	7898.17	20.8333	3310.32	2.4267
257515	1025	150000	7640.92	20.8333	3164.46	2.4267
268563	1066	150000	7331.88	21.125	2978.92	2.40226
272951	1108	150000	7191.04	21.2083	2969.87	2.44807
278744	1149	150000	7036.17	21.2917	2901.88	2.73734
279952	1190	150000	7015.75	21.3333	2903.5	2.62467
280440	1231	150000	6997.83	21.25	2903.95	2.53311
296208	1272	150000	6655.54	21.5417	2710.57	2.58064
306866	1313	150000	6432.62	21.625	2638.3	2.36731
310211	1354	150000	6344.5	21.6667	2620.92	2.62467
311819	1395	150000	6323.54	21.5833	2631.8	2.5766
312446	1436	150000	6285.96	21.7083	2542.1	2.34373
314837	1477	150000	6243.83	21.7083	2565.08	2.34373
319863	1518	150000	6164.38	21.75	2559.47	2.46644
324033	1559	150000	6104.04	21.7917	2470.07	2.51523
324739	1600	150000	6070.79	21.7917	2449.29	2.51523
325167	1641	150000	6045.83	21.7917	2476.13	2.3079
330020	1682	150000	5984	21.8333	2488.51	2.4267
355602	1723	150000	5571.71	22.0833	2258.11	2.37463
372764	1764	150000	5283.17	22.2917	2169.86	2.54815
379286	1805	150000	5223.17	22.25	2144.14	2.66145
383672	1846	150000	5152.42	22.2917	2065.88	2.67577
385233	1887	150000	5134.46	22.375	2137.26	2.50416
390982	1928	150000	5056.5	22.5	2132.29	2.44949
395668	1969	150000	5012.38	22.5	2095.1	2.44949
399062	2010	150000	4960.12	22.5417	2009.56	2.44807
401477	2051	150000	4938.58	22.625	2037.99	2.4367
403515	2092	150000	4902.25	22.5833	2026.08	2.44381
403950	2133	150000	4916.25	22.5417	2046.16	2.58064
405221	2175	150000	4885.08	22.5833	1996.41	2.5766
406298	2216	150000	4903.04	22.625	1999.92	2.4367
414837	2257	150000	4789	22.5833	1967.8	2.51109
417795	2298	150000	4764.67	22.7083	1938.93	2.2715
419028	2339	150000	4727.29	22.6667	1940.07	2.4267
419599	2380	150000	4733.62	22.6667	1967.39	2.62467
423887	2421	150000	4655.92	22.7917	1905.3	2.37902
443842	2462	150000	4451.08	22.9167	1808.29	2.51109
449905	2503	150000	4398.83	22.9583	1823.53	2.41379
457538	2544	150000	4360	22.9583	1786.15	2.41379
460140	2585	150000	4323.17	22.9583	1777.55	2.48188
461156	2626	150000	4283.79	23.0417	1755.58	2.67577
465156	2667	150000	4262.71	23.0417	1732.79	2.48188
467527	2708	150000	4256.79	22.9167	1713.12	2.5766
470397	2749	150000	4215.17	23.0833	1733.07	2.5766
471853	2790	150000	4219.5	23.0417	1776.5	2.85652
475843	2831	150000	4174.71	23.0833	1709.47	2.5766
481778	2872	150000	4118.71	23.2083	1706.24	2.64444
482434	2913	150000	4138.75	23.1667	1657.43	2.4267
482789	2954	150000	4117.88	23.1667	1706.64	2.56038
488715	2995	150000	4071.08	23.25	1684.99	2.59808
494922	3036	150000	4016.33	23.25	1698.44	2.53311
497169	3077	150000	3998.5	23.375	1651.93	2.63391
497798	3118	150000	3997.17	23.2917	1655.61	2.54815
499488	3159	150000	4006.54	23.2917	1659.31	2.61274
500031	3200	150000	3993.83	23.3333	1651.58	2.68742
501081	3242	150000	3969.75	23.375	1642.04	2.56986
501290	3283	150000	3977	23.375	1609.6	2.4367
513657	3324	150000	3892.96	23.3333	1643.01	2.68742
530483	3365	150000	3761.21	23.5417	1536.71	2.58064
539252	3406	150000	3706.58	23.6667	1523.64	2.56038
541114	3447	150000	3695.54	23.6667	1534.73	2.49444
542221	3488	150000	3683.46	23.75	1499.84	2.39792
542583	3529	150000	3672.21	23.6667	1468.3	2.49444
559229	3570	150000	3568.62	23.75	1500.83	2.66145
576503	3611	150000	3471.96	23.875	1422.91	2.53722
582678	3652	150000	3423.54	23.7917	1388.14	2.51523
583705	3693	150000	3419	23.875	1366.66	2.53722
595643	3734	150000	3360.5	23.9167	1381.43	2.6405
603849	3775	150000	3290.33	24.0417	1384.71	2.54815
618883	3816	150000	3230.12	24.0833	1345.48	2.6405
627982	3857	150000	3180.75	24.125	1313.62	2.40226
631387	3898	150000	3151.92	24.125	1314.61	2.60208
633837	3939	150000	3151.83	24.1667	1272.98	2.56038
635020	3980	150000	3144.62	24.1667	1305.77	2.62467
638446	4021	150000	3133.25	24.125	1277.85	2.66536
641797	4062	150000	3121.33	24.25	1300.88	2.53311
642810	4103	150000	3095.88	24.2083	1311.95	2.64444
645122	4144	150000	3109.25	24.25	1261.68	2.53311
656048	4185	150000	3055.71	24.3333	1280.19	2.62467
667810	4226	150000	3011.92	24.375	1236.75	2.56986
672787	4267	150000	2991.83	24.4583	1238.63	2.51523
676677	4308	150000	2960.54	24.5417	1217.95	2.51523
680378	4350	150000	2944.5	24.5417	1232.06	2.58064
680908	4391	150000	2952.67	24.5	1209.42	2.44949
688895	4432	150000	2908.92	24.5	1212.68	2.44949
689756	4473	150000	2907.92	24.625	1200.9	2.56986
700609	4514	150000	2872.33	24.625	1177.38	2.56986
705311	4555	150000	2850.42	24.5833	1165.14	2.5766
707127	4596	150000	2836.58	24.7083	1141.78	2.48188
708526	4637	150000	2842.75	24.6667	1172.61	2.49444
711649	4678	150000	2804.75	24.75	1171.26	2.59808
729220	4719	150000	2763.75	24.7083	1151.31	2.48188
743176	4760	150000	2716.96	24.7917	1143.19	2.3079
754699	4801	150000	2660.75	24.8333	1096.15	2.4267
764690	4842	150000	2642.42	24.875	1079.22	2.53722
772216	4883	150000	2610.83	24.875	1076.21	2.53722
774588	4924	150000	2596.54	24.875	1061.98	2.53722
776307	4965	150000	2594.62	24.9167	1043	2.51109
777610	5006	150000	2567.75	25	1046.92	2.51661
779003	5047	150000	2573.08	24.9583	1034.66	2.41379
779381	5088	150000	2577.71	25.0417	1050.23	2.61274
780990	5129	150000	2585.21	24.9583	1048.32	2.61274
788864	5170	150000	2543.58	25.0417	1033.89	2.48188
805520	5211	150000	2508.42	25.125	1052.43	2.66536
819160	5252	150000	2448.96	25.1667	1004.52	2.35702
829020	5293	150000	2424.33	25.2917	1003.38	2.61274
834032	5334	150000	2432.42	25.25	992.871	2.39792
840375	5375	150000	2395.67	25.3333	1003.14	2.68742
841038	5417	150000	2372.33	25.4583	969.407	2.58064
849449	5458	150000	2368.96	25.375	970.499	2.50416
852036	5499	150000	2360.42	25.4583	971.518	2.58064
856976	5540	150000	2358.12	25.4167	954.645	2.51109
858570	5581	150000	2356.25	25.375	1014.33	2.63391
863695	5622	150000	2343.29	25.4583	956.687	2.64444
878406	5663	150000	2280.92	25.5417	919.485	2.58064
887232	5704	150000	2265.88	25.625	954.434	2.75757
894081	5745	150000	2258.29	25.6667	947.424	2.49444
897124	5786	150000	2227.58	25.6667	914.841	2.35702
899342	5827	150000	2251.42	25.5833	934.852	2.44381
899847	5868	150000	2251.92	25.5	909.342	2.58199
905087	5909	150000	2233.79	25.7083	912.048	2.61274
908171	5950	150000	2224.5	25.625	928.306	2.50416
910420	5991	150000	2211.5	25.7083	865.4	2.11968
910746	6032	150000	2207	25.75	968.401	2.66145
915165	6073	150000	2192.79	25.75	899.043	2.59808
922089	6114	150000	2186.83	25.6667	923.429	2.49444
927841	6155	150000	2190.54	25.75	885.967	2.39792
932082	6196	150000	2171.5	25.75	905.395	2.25462
934386	6237	150000	2160.12	25.7917	902.292	2.3079
935856	6278	150000	2163.96	25.7917	891.679	2.37902
940798	6319	150000	2134.12	25.75	884.109	2.53311
942039	6360	150000	2153.17	25.75	910.262	2.39792
945446	6401	150000	2128.04	25.8333	861.856	2.4267
949291	6442	150000	2126.71	25.7917	873.737	2.51523
952525	6484	150000	2121.58	25.7917	833.951	2.3079
957111	6525	150000	2111.33	25.8333	863.756	2.28522
959931	6566	150000	2100.29	25.875	857.462	2.53722
964372	6607	150000	2093.92	25.9167	885.156	2.30338
970638	6648	150000	2078.17	25.9167	871.875	2.51109
973618	6689	150000	2071.5	25.875	889.601	2.53722
974430	6730	150000	2062.21	25.875	862.181	2.78762
980504	6771	150000	2061.96	25.9167	856.43	2.6405
985106	6812	150000	2057.12	25.9583	842.953	2.41379
988820	6853	150000	2044.54	25.9167	855.52	2.51109
990472	6894	150000	2049.08	25.9167	853.619	2.5766
990968	6935	150000	2033.12	26.0417	841.188	2.48188
998064	6976	150000	2020.33	25.9167	821.417	2.6405
1008153	7017	150000	2000.92	25.9583	818.001	2.34373
1011655	7058	150000	1991.25	26.0417	815.109	2.48188
1013511	7099	150000	1995.04	26.0833	836.702	2.6405
1014953	7140	150000	1984.08	26.0833	830.347	2.6405
1022450	7181	150000	1979.54	26.125	797.653	2.72718
1031501	7222	150000	1960.83	26.0833	794.586	2.37463
1032666	7263	150000	1956.29	26.2083	795.694	2.58064
1033292	7304	150000	1953.75	26.2083	808.729	2.58064
1044214	7345	150000	1939.79	26.2083	769.562	2.70673
1058352	7386	150000	1909.67	26.2917	773.796	2.48188
1064723	7427	150000	1877.67	26.2917	794.909	2.54815
1070941	7468	150000	1882.83	26.4583	764.199	2.76762
1074498	7509	150000	1875.88	26.375	771.787	2.63391
1076426	7551	150000	1880.83	26.4583	799.118	2.44807
1081976	7592	150000	1868.58	26.375	781.141	2.56986
1086648	7633	150000	1867.54	26.4583	782.796	2.58064
1088675	7674	150000	1865.17	26.4167	783.752	2.6405
1089278	7715	150000	1869.12	26.4583	761.198	2.44807
1103135	7756	150000	1839.25	26.4167	749.44	2.30338
1113699	7797	150000	1810.46	26.5417	734.264	2.3079
1121790	7838	150000	1802.17	26.625	740.051	2.36731
1125290	7879	150000	1799.79	26.625	746.298	2.63391
1128956	7920	150000	1800.79	26.5	748.608	2.70801
1130881	7961	150000	1790.17	26.75	757.034	2.39792
1131193	8002	150000	1791.21	26.6667	764.149	2.62467
1135306	8043	150000	1783.54	26.75	729.966	2.39792
1144934	8084	150000	1779.75	26.6667	740.557	2.49444
1149341	8125	150000	1763.08	26.7083	721.135	2.61274
1151441	8166	150000	1760.88	26.7917	762.235	2.64444
1152392	8207	150000	1763.75	26.6667	712.662	2.35702
1154372	8248	150000	1756.96	26.625	723.011	2.36731
1158882	8289	150000	1764.5	26.7083	734.256	2.48188
1164432	8330	150000	1746.42	26.7083	703.68	2.54815
1165664	8371	150000	1741.17	26.7917	742.682	2.51523
1170552	8412	150000	1726.33	26.8333	726.033	2.4267
1181555	8453	150000	1715.25	26.7083	697.678	2.54815
1189710	8494	150000	1725.62	26.75	706.051	2.39792
1194426	8535	150000	1700.29	26.8333	690.793	2.4267
1196863	8576	150000	1703.21	26.8333	715.008	2.4267
1198119	8617	150000	1685.46	26.8333	723.36	2.4267
1202348	8659	150000	1682.71	26.9583	688.719	2.61274
1214266	8700	150000	1677.83	26.9583	709.507	2.54815
1224713	8741	150000	1662.58	26.9167	689.835	2.44381
1239853	8782	150000	1655.71	26.875	700.686	2.53722
1244837	8823	150000	1634.12	26.9583	661.833	2.61274
1247828	8864	150000	1628.83	27.0417	655.465	2.61274
1249483	8905	150000	1646.46	26.9583	677.321	2.41379
1251046	8946	150000	1641.58	26.875	678.684	2.53722
1259128	8987	150000	1620.83	27	661.231	2.51661
1262840	9028	150000	1596.46	27.125	678.088	2.72718
1265232	9069	150000	1603.17	27.0417	667.244	2.48188
1266161	9110	150000	1611.5	27.0417	647.935	2.34373
1266656	9151	150000	1598.25	27.0833	667.405	2.70288
1267783	9192	150000	1610.17	27	679.709	2.51661
1272174	9233	150000	1604.46	27.0417	677.511	2.48188
1281406	9274	150000	1581.38	27.1667	635.822	2.4267
1287275	9315	150000	1580.62	27.125	667.546	2.78762
1291964	9356	150000	1573.12	27.1667	652.09	2.62467
1295149	9397	150000	1584	27.0833	627.402	2.30338
1297535	9438	150000	1564.58	27.1667	668.066	2.74874
1298661	9479	150000	1555.17	27.2917	671.316	2.85652
1302584	9520	150000	1561.92	27.25	634.335	2.46644
1306084	9561	150000	1555.88	27.1667	641.208	2.4267
1309109	9602	150000	1552.62	27.3333	621.119	2.35702
1311732	9643	150000	1555.75	27.2083	642.471	2.58064
1313256	9684	150000	1557.62	27.2083	634.244	2.44807
1319007	9726	150000	1542.92	27.375	654.568	2.63391
1320657	9767	150000	1519.46	27.3333	621.415	2.4267
1322238	9808	150000	1530.38	27.2917	640.944	2.48188
1325619	9849	150000	1526.17	27.2917	637.124	2.61274
1328472	9890	150000	1518.38	27.4167	648.842	2.44381
1332880	9931	150000	1534.29	27.3333	639.902	2.56038
1339771	9972	150000	1518.96	27.3333	613.004	2.4267
1352718	10013	150000	1496.83	27.4167	613.412	2.51109
1361535	10054	150000	1494.62	27.5	630.052	2.58199
1369328	10095	150000	1480.83	27.5417	624.841	2.44807
1375332	10136	150000	1479.33	27.5833	619.08	2.5766
1379645	10177	150000	1478.58	27.5417	622.182	2.58064
1380916	10218	150000	1471.08	27.5833	625.225	2.51109
1385155	10259	150000	1479.83	27.5417	609.624	2.58064
1391818	10300	150000	1459.83	27.625	619.247	2.63391
1401446	10341	150000	1456.88	27.5	607.205	2.44949
1407704	10382	150000	1458.33	27.6667	600.927	2.4267
1410714	10423	150000	1455.71	27.5833	586.633	2.30338
1413609	10464	150000	1454.75	27.5417	595.094	2.51523
1414962	10505	150000	1444	27.6667	600.622	2.4267
1418272	10546	150000	1433.12	27.7083	557.746	2.2715
1420953	10587	150000	1428.58	27.7083	601.681	2.48188
1424427	10628	150000	1443.17	27.5417	608.173	2.58064
1425807	10669	150000	1435.25	27.7083	562.766	2.34373
1426437	10710	150000	1438.46	27.6667	599.046	2.49444
1427422	10751	150000	1432.71	27.6667	572.025	2.35702
1431204	10793	150000	1430.5	27.7083	567.578	2.48188
1433830	10834	150000	1419.25	27.75	595.846	2.66145
1434802	10875	150000	1424.12	27.5833	589.308	2.5766
1438978	10916	150000	1416.25	27.75	585.644	2.39792
1445988	10957	150000	1403.96	27.7917	579.693	2.3079
1458372	10998	150000	1396.96	27.875	570.07	2.33184
1464756	11039	150000	1391.67	27.7083	584.838	2.34373
1468183	11080	150000	1388.58	27.8333	565.927	2.4267
1469673	11121	150000	1395	27.875	581.442	2.25924
1470435	11162	150000	1388.46	27.8333	581.049	2.4267
1472606	11203	150000	1390.67	27.7917	576.449	2.3079
1476273	11244	150000	1388.04	27.7917	579.287	2.44807
1478260	11285	150000	1387.71	27.7083	580.286	2.41379
1481904	11326	150000	1389.25	27.7917	578.909	2.44807
1486588	11367	150000	1381.79	27.7917	594.692	2.3079
1490409	11408	150000	1365.92	27.875	576.09	2.53722
1492299	11449	150000	1367.92	27.7917	539.681	2.3079
1493080	11490	150000	1367.38	27.8333	550.462	2.4267
1496567	11531	150000	1360.58	27.9167	553.351	2.30338
1503684	11572	150000	1349.04	27.8333	559.623	2.4267
1507497	11613	150000	1368.92	27.9167	594.774	2.44381
1511823	11654	150000	1351.79	27.8333	554.317	2.4267
1513313	11695	150000	1348.38	27.8333	567.721	2.4267
1517003	11736	150000	1354.5	27.9167	543.232	2.51109
1522572	11777	150000	1342.33	27.9167	577.605	2.76385
1524735	11818	150000	1332.75	27.9583	562.337	2.48188
1526447	11859	150000	1333.42	27.9583	542.936	2.41379
1531713	11901	150000	1337.25	28	549.297	2.38048
1535774	11942	150000	1328.96	27.875	556.985	2.53722
1537595	11983	150000	1341.5	27.875	557.177	2.53722
1538793	12024	150000	1317.75	28	527.37	2.3094
1539948	12065	150000	1334.62	27.9583	572.827	2.73734
1546294	12106	150000	1329.83	28	539.836	2.58199
1549202	12147	150000	1307.17	28.0417	558.139	2.61274
1550732	12188	150000	1331.46	28.0417	560.116	2.61274
1552012	12229	150000	1315.21	28.0417	528.106	2.34373
1555402	12270	150000	1315.92	28.0833	532.933	2.44381
1557862	12311	150000	1309.29	28.0833	549.158	2.6405
1561209	12352	150000	1310.5	28.0417	524.077	2.48188
1564631	12393	150000	1309.96	28	519.5	2.44949
1571772	12434	150000	1307.92	28.0417	534.429	2.48188
1576391	12475	150000	1284.58	28.1667	511.752	2.56038
1578028	12516	150000	1303.21	28.0833	542.847	2.37463
1578897	12557	150000	1293.75	28.1667	570.351	2.62467
1586028	12598	150000	1282.46	28.1667	527.61	2.35702
1593839	12639	150000	1276.21	28.2083	538.322	2.51523
1597400	12680	150000	1289.54	28.125	546.402	2.47066
1601324	12721	150000	1279.83	28.1667	537.158	2.49444
1603864	12762	150000	1281.46	28.2083	525.412	2.58064
1606001	12803	150000	1278.33	28.2083	539.173	2.58064
1610378	12844	150000	1268	28.25	533.008	2.53311
1611583	12885	150000	1282.33	28.125	530.741	2.66536
1612480	12926	150000	1280.38	28.125	540.511	2.53722
1616826	12968	150000	1273.29	28.25	513.492	2.32737
1619914	13009	150000	1267.29	28.1667	525.061	2.56038
1621095	13050	150000	1276.79	28.2083	529.933	2.51523
1621903	13091	150000	1258.17	28.2917	523.609	2.48188
1626227	13132	150000	1262.83	28.25	521.13	2.39792
1632845	13173	150000	1258.46	28.1667	517.351	2.4267
1640661	13214	150000	1264.33	28.2083	520.721	2.44807
1645740	13255	150000	1250.12	28.25	517.695	2.25462
1647982	13296	150000	1235.71	28.375	514.293	2.4367
1654003	13337	150000	1243.96	28.375	524.196	2.4367
1659954	13378	150000	1237.12	28.3333	501.969	2.35702
1662750	13419	150000	1231.21	28.375	522.09	2.50416
1668270	13460	150000	1229.21	28.3333	497.61	2.35702
1675324	13501	150000	1225.42	28.375	503.896	2.4367
1679464	13542	150000	1219.58	28.4167	517.566	2.30338
1682595	13583	150000	1214.04	28.4583	504.922	2.3079
1687148	13624	150000	1220.04	28.4583	520.445	2.51523
1688715	13665	150000	1207.96	28.5417	495.17	2.37902
1694823	13706	150000	1225.38	28.4167	508.833	2.30338
1704428	13747	150000	1211.83	28.375	505.749	2.36731
1710670	13788	150000	1209.08	28.5	506.943	2.16025
1714802	13829	150000	1196.38	28.5	497.989	2.3094
1719408	13870	150000	1186.92	28.5417	517.014	2.3079
1723918	13911	150000	1188.92	28.5417	492.315	2.15864
1730657	13952	150000	1166.21	28.6667	490.064	2.13437
1735885	13993	150000	1183.12	28.5833	490.517	2.15381
1740940	14035	150000	1180.62	28.625	484.137	2.0666
1742839	14076	150000	1170.92	28.625	487.485	2.14573
1744824	14117	150000	1183.58	28.5	507.313	2.44949
1746992	14158	150000	1179.54	28.6667	480.961	2.0548
1750020	14199	150000	1176.38	28.5833	501.636	2.22985
1751619	14240	150000	1182.71	28.4583	497.601	2.51523
1753213	14281	150000	1169.75	28.625	475.382	2.0666
1756016	14322	150000	1161.83	28.6667	476.76	1.97203
1757203	14363	150000	1175.67	28.5	504.662	2.16025
1758284	14404	150000	1176.62	28.5833	509.922	2.30338
1762723	14445	150000	1173.67	28.625	479.064	2.22205
1765275	14486	150000	1163.79	28.5833	489.959	2.15381
1767564	14527	150000	1165.17	28.625	478.911	2.14573
1769262	14568	150000	1165.5	28.5417	461.521	2.23451
1770526	14609	150000	1146.67	28.6667	497.603	2.13437
1772157	14650	150000	1159.71	28.7083	489.438	2.03954
1775081	14691	150000	1165.04	28.625	501.219	2.14573
1777142	14732	150000	1157.92	28.625	486.683	2.14573
1778307	14773	150000	1157.75	28.625	502.566	2.22205
1779746	14814	150000	1168.42	28.6667	473.242	2.13437
1780557	14855	150000	1159.62	28.5417	501.331	2.15864
1781717	14896	150000	1149.21	28.7083	459.956	1.86897
1785614	14937	150000	1155.88	28.6667	473.548	2.13437
1790134	14978	150000	1144.58	28.625	485.872	2.14573
1795374	15019	150000	1161.58	28.6667	460.275	2.13437
1796651	15060	150000	1134.58	28.6667	475.884	2.13437
1799038	15102	150000	1146.58	28.6667	462.585	2.21108
1803127	15143	150000	1133.75	28.7083	458.344	2.03954
1804038	15184	150000	1129.54	28.75	464.606	2.02073
1805142	15225	150000	1144.67	28.75	477.328	2.02073
1809276	15266	150000	1148.04	28.7083	484.121	1.95612
1818207	15307	150000	1138.38	28.75	493.844	1.93649
1834234	15348	150000	1126.62	28.7917	459.531	1.99826
1838521	15389	150000	1118.46	28.6667	444.932	2.0548
1844393	15430	150000	1112.33	28.7917	467.264	2.08
1848580	15471	150000	1117.38	28.7917	467.486	1.91304
1852090	15512	150000	1110.21	28.75	465.698	2.02073
1853454	15553	150000	1115.33	28.7917	481.929	1.99826
1854395	15594	150000	1100.62	28.75	470.057	2.02073
1855034	15635	150000	1119.62	28.7917	439.568	1.91304
1862350	15676	150000	1112.71	28.7917	462.474	1.99826
1871142	15717	150000	1105.67	28.9167	450.548	1.90759
1874849	15758	150000	1098.79	28.875	436.019	1.85405
1877306	15799	150000	1090.58	28.875	439.878	1.85405
1878171	15840	150000	1103.12	28.75	476.297	2.02073
1879111	15881	150000	1084.17	28.875	442.676	1.94186
1881131	15922	150000	1100.12	28.8333	437.867	1.97203
1884928	15963	150000	1096.29	28.7917	465.771	2.08
1890213	16004	150000	1088.54	28.9167	433.449	1.99304
1898017	16045	150000	1079.21	28.9583	429.932	1.68119
1903652	16086	150000	1084.58	28.7917	460.2	2.08
1906366	16127	150000	1074.5	28.8333	459.684	1.97203
1909159	16168	150000	1088.58	28.8333	454.989	1.97203
1909900	16210	150000	1080.79	28.875	441.028	1.94186
1915466	16251	150000	1078.25	28.9167	446.713	1.72401
1917355	16292	150000	1071.79	28.9167	456.283	1.90759
1918510	16333	150000	1075.5	29	447.448	1.82574
1919116	16374	150000	1078.21	28.7917	438.402	1.91304
1923741	16415	150000	1071.96	28.875	445.217	1.94186
1928574	16456	150000	1076.25	28.8333	435.084	1.88562
1930425	16497	150000	1072.33	28.875	436.227	1.85405
1932482	16538	150000	1060.58	29	426.141	1.91485
1937351	16579	150000	1066.54	28.875	433.412	1.94186
1943728	16620	150000	1052.46	29	413.859	1.91485
1948141	16661	150000	1051.92	29.0417	424.229	1.77756
1950998	16702	150000	1054.17	29.0417	455.447	2.03954
1952582	16743	150000	1060.62	28.9167	447.202	1.90759
1953956	16784	150000	1050.92	29	447.304	1.91485
1960438	16825	150000	1048.33	29.0417	434.864	1.95612
1965843	16866	150000	1049.25	29	418.604	1.73205
1975823	16907	150000	1040.67	29.0417	419.712	1.68119
1981329	16948	150000	1051.42	28.9583	424.393	1.86897
1985421	16989	150000	1034.92	29	424.071	1.73205
1987202	17030	150000	1032.54	29.0833	404.7	1.72401
1989708	17071	150000	1046.21	29.0833	444.861	1.62447
1997992	17112	150000	1045.92	29.0417	421.302	1.77756
2001337	17153	150000	1030.29	29.0417	432.656	1.77756
2002931	17194	150000	1025	29.1667	422.952	1.69967
2003513	17235	150000	1028.29	29.0833	406.186	1.81812
2007362	17277	150000	1014.75	29.125	416.157	1.85405
2009717	17318	150000	1028.38	29.125	432.014	1.85405
2013039	17359	150000	1012.38	29.1667	448.011	1.69967
2014118	17400	150000	1033.08	29.1667	432.606	1.69967
2018276	17441	150000	1020.08	29.0833	422.355	1.81812
2024242	17482	150000	1023.75	29.1667	436.276	1.79505
2029553	17523	150000	1023.71	29.125	432.095	1.76186
2034824	17564	150000	1018.21	29.0833	424.615	1.72401
2038431	17605	150000	1004.83	29.25	401.605	1.55456
2041218	17646	150000	1019.88	29.0833	424.113	1.90759
2042910	17687	150000	1012.88	29.1667	420.978	1.69967
2044779	17728	150000	1013.46	29.0833	449.905	1.72401
2048831	17769	150000	1009.38	29.2917	430.641	1.77756
2052227	17810	150000	1007.71	29.1667	412.865	1.69967
2057945	17851	150000	994.75	29.2917	422.9	1.57894
2059117	17892	150000	997.75	29.25	418.263	1.84842
2063100	17933	150000	995.5	29.25	427.083	1.75594
2068020	17974	150000	1001.58	29.25	432.827	1.75594
2074267	18015	150000	993.583	29.2917	385.762	1.77756
2077781	18056	150000	995.25	29.3333	402.541	1.59861
2081065	18097	150000	988.417	29.2917	402.413	1.57894
2083896	18138	150000	996.958	29.25	403.015	1.55456
2087469	18179	150000	987.542	29.25	419.181	1.75594
2089743	18220	150000	999.708	29.3333	412.802	1.59861
2095622	18261	150000	989.417	29.2083	410.557	1.73004
2098805	18302	150000	984.333	29.2083	408.455	1.63087
2099589	18344	150000	969.125	29.375	407.838	1.50693
2101951	18385	150000	988.75	29.3333	393.119	1.69967
2106905	18426	150000	981.583	29.375	386.046	1.39194
2109983	18467	150000	985.75	29.25	419.204	1.65831
2112662	18508	150000	986.708	29.4167	412.256	1.40436
2114232	18549	150000	980.292	29.2917	422.023	1.77756
2119252	18590	150000	984.625	29.25	410.301	1.65831
2122056	18631	150000	968	29.375	393.988	1.50693
2124453	18672	150000	971.583	29.375	399.184	1.50693
2125987	18713	150000	983.167	29.3333	402.316	1.49071
2127179	18754	150000	966.875	29.4167	374.041	1.28019
2128952	18795	150000	969.208	29.3333	419.845	1.49071
2132541	18836	150000	958.292	29.375	414.115	1.50693
2135036	18877	150000	971.833	29.375	382.41	1.50693
2137797	18918	150000	967.833	29.3333	417.042	1.59861
2139865	18959	150000	966.625	29.3333	393.291	1.49071
2143179	19000	150000	969.958	29.375	412.573	1.50693
2150074	19041	150000	962.958	29.375	391.488	1.61374
2153821	19082	150000	956.583	29.4167	421.702	1.51841
2156950	19123	150000	961.25	29.3333	405.916	1.49071
2161810	19164	150000	944.542	29.5	383.584	1.41421
2166277	19205	150000	960.25	29.375	411.795	1.61374
2171378	19246	150000	950.542	29.5	373.534	1.29099
2173593	19287	150000	951.792	29.4167	400.505	1.51841
2174475	19328	150000	960.125	29.4583	402.787	1.2883
2175524	19369	150000	954.25	29.375	385.031	1.50693
2178501	19410	150000	955.5	29.4167	403.603	1.40436
2182440	19452	150000	947.25	29.4583	381.321	1.2883
2186355	19493	150000	949.958	29.4167	418.935	1.51841
2189409	19534	150000	948.25	29.4167	401.672	1.51841
2191790	19575	150000	942.417	29.4167	411.898	1.40436
2194835	19616	150000	945.583	29.4167	390.385	1.40436
2198414	19657	150000	927.625	29.5417	391.161	1.41176
2201782	19698	150000	935.792	29.4583	358.783	1.41176
2205553	19739	150000	945.167	29.4167	380.115	1.40436
2212044	19780	150000	930.208	29.4583	395.528	1.41176
2217208	19821	150000	921.042	29.5417	408.17	1.2883
2220893	19862	150000	930.625	29.4167	397.094	1.40436
2222212	19903	150000	932	29.4583	385.88	1.41176
2225705	19944	150000	935.375	29.4583	390.72	1.41176
2241091	19985	150000	925.25	29.5417	389.499	1.2883
2244426	20026	150000	918.625	29.5417	394.615	1.2883
2245699	20067	150000	920.208	29.4167	371.524	1.40436
2246575	20108	150000	913.833	29.5417	372.63	1.2883
2250146	20149	150000	917.75	29.5417	387.398	1.2883
2254616	20190	150000	928.458	29.5	387.135	1.41421
2258567	20231	150000	914.333	29.5833	390.366	1.28019
2261314	20272	150000	919.25	29.4583	387.732	1.41176
2262826	20313	150000	916.333	29.5	368.008	1.29099
2266201	20354	150000	903.125	29.625	385.437	1.12731
2267585	20395	150000	901.667	29.5833	386.695	1.28019
2270349	20436	150000	896.917	29.5417	378.621	1.2883
2272795	20477	150000	912.292	29.4583	384.255	1.2883
2278049	20519	150000	909.875	29.5417	378.529	1.2883
2282502	20560	150000	908.083	29.5	386.877	1.29099
2284784	20601	150000	909.042	29.5833	360.843	1.28019
2287627	20642	150000	895.333	29.5833	348.321	1.28019
2290605	20683	150000	904.708	29.5417	390.077	1.2883
2295131	20724	150000	893.208	29.625	382.452	1.12731
2297153	20765	150000	901	29.5833	379.576	1.14261
2300233	20806	150000	892.583	29.6667	379.264	1.24722
2300923	20847	150000	905	29.5417	381.769	1.2883
2304218	20888	150000	897.875	29.6667	361.466	1.10554
2305499	20929	150000	891.833	29.625	373.701	1.12731
2308543	20970	150000	903.167	29.5833	389.036	1.40436
2319866	21011	150000	890.542	29.5833	379.92	1.28019
2323190	21052	150000	902.542	29.5417	385.979	1.41176
2326752	21093	150000	887.375	29.625	365.949	1.26656
2331103	21134	150000	885.292	29.5833	375.592	1.28019
2331915	21175	150000	888.208	29.625	356.523	1.12731
2336633	21216	150000	881.708	29.625	356.699	1.26656
2339437	21257	150000	885.208	29.6667	366.966	1.37437
2341320	21298	150000	890.917	29.5833	381.99	1.14261
2342782	21339	150000	889.292	29.6667	370.446	1.10554
2346647	21380	150000	880.625	29.625	387.777	1.26656
2352225	21421	150000	883.458	29.7083	353.324	0.909059
2353884	21462	150000	874.792	29.5833	388.561	1.28019
2358131	21503	150000	889.792	29.625	378.593	1.12731
2359057	21544	150000	880.417	29.7083	351.212	1.0769
2362048	21586	150000	883.542	29.625	355.258	1.26656
2364926	21627	150000	874.875	29.6667	364.296	1.10554
2366100	21668	150000	881.125	29.625	371.217	1.39194
2368811	21709	150000	879.75	29.7083	362.013	1.0769
2371915	21750	150000	872.417	29.75	353.252	1.04083
2373098	21791	150000	874.542	29.75	371.123	1.04083
2373581	21832	150000	866.833	29.7083	351.426	1.22191
2376702	21873	150000	865.083	29.8333	333.648	0.745356
2380948	21914	150000	874.667	29.625	380.929	1.12731
2384971	21955	150000	877.667	29.75	352.545	1.04083
2388753	21996	150000	873.667	29.625	358.831	1.26656
2392346	22037	150000	871.417	29.6667	362.93	1.10554
2405904	22078	150000	868.292	29.625	366.148	1.26656
2409198	22119	150000	852.625	29.7917	347.789	0.812233
2411806	22160	150000	863.625	29.7917	361.008	0.812233
2416171	22201	150000	860.5	29.75	343.773	0.866025
2417265	22242	150000	852.417	29.7083	353.963	1.0769
2418511	22283	150000	855.958	29.7083	360.794	1.0769
2420072	22324	150000	852.625	29.75	371.88	1.04083
2422004	22365	150000	852.333	29.75	340.262	0.866025
2426557	22406	150000	853.958	29.75	344.762	0.866025
2428700	22447	150000	853.875	29.7083	355.043	1.22191
2431082	22488	150000	852.208	29.7083	361.827	1.0769
2432821	22529	150000	847.625	29.75	364.572	1.04083
2435021	22570	150000	866.167	29.75	362.144	1.04083
2437841	22611	150000	841.208	29.75	348.104	1.04083
2440352	22653	150000	843.167	29.75	372.916	1.04083
2441793	22694	150000	845.458	29.7917	371.085	0.996522
2443482	22735	150000	852.417	29.75	347.861	1.04083
2445210	22776	150000	855.75	29.75	349.143	1.04083
2449315	22817	150000	847.083	29.75	352.115	1.04083
2451233	22858	150000	845.917	29.7917	371.25	0.996522
2453400	22899	150000	843.208	29.7917	360.639	0.812233
2454135	22940	150000	854.75	29.7917	361.681	0.812233
2455541	22981	150000	842.792	29.7917	347.817	0.812233
2459305	23022	150000	849.458	29.7083	381.711	1.0769
2464661	23063	150000	839.958	29.7917	335.182	0.812233
2469015	23104	150000	843.458	29.75	358.786	1.19024
2473281	23145	150000	837.292	29.8333	342.455	0.745356
2476590	23186	150000	838.708	29.75	346.9	1.04083
2481343	23227	150000	845.208	29.7917	346.947	0.996522
2488052	23268	150000	837.542	29.8333	349.467	0.942809
2491459	23309	150000	825.292	29.7917	351.881	0.996522
2494035	23350	150000	830.708	29.7917	369.707	0.996522
2494834	23391	150000	839.917	29.8333	345.844	0.745356
2499599	23432	150000	831.333	29.7917	346.184	0.812233
2503840	23473	150000	823.833	29.875	332.074	0.661438
2512702	23514	150000	833.125	29.75	361.704	0.866025
2518326	23555	150000	826.708	29.875	344.41	0.661438
2520513	23596	150000	823.083	29.8333	338.745	0.745356
2525813	23637	150000	823.917	29.8333	352.482	0.745356
2536568	23678	150000	809.458	29.8333	342.173	0.745356
2539524	23719	150000	813.125	29.8333	332.816	0.745356
2542620	23761	150000	820.458	29.875	346.373	0.661438
2543895	23802	150000	805.125	29.9167	314.102	0.552771
2546740	23843	150000	819.833	29.875	340.485	0.661438
2550195	23884	150000	813.75	29.7917	353.888	0.996522
2552213	23925	150000	816.167	29.875	318.912	0.661438
2556267	23966	150000	817.833	29.7917	345.089	0.996522
2560581	24007	150000	806.083	29.875	331.269	0.661438
2562628	24048	150000	815.792	29.9167	350.477	0.552771
2566311	24089	150000	804.25	29.875	349.404	0.661438
2568994	24130	150000	807	29.9167	340.453	0.552771
2571966	24171	150000	805.542	29.8333	340.229	0.942809
2574511	24212	150000	807.167	29.875	336.285	0.661438
2579344	24253	150000	804.542	29.875	342.121	0.661438
2586183	24294	150000	807.667	29.9167	342.396	0.552771
2595526	24335	150000	795.792	29.9167	316.465	0.552771
2601139	24376	150000	799.708	29.8333	333.221	0.745356
2614553	24417	150000	800.958	29.875	338.396	0.661438
2619997	24458	150000	791.333	29.875	342.161	0.661438
2630899	24499	150000	786.5	29.875	334.54	0.661438
2643323	24540	150000	784.042	29.9167	342.243	0.552771
2650149	24581	150000	782.167	29.9167	325.458	0.552771
2653987	24622	150000	782.333	29.9167	334.789	0.552771
2661191	24663	150000	782.375	29.875	336.651	0.661438
2669153	24704	150000	779.375	29.875	338.629	0.661438
2672062	24745	150000	775.917	29.9167	323.209	0.552771
2674710	24786	150000	774.708	29.9583	325.804	0.399653
2677367	24828	150000	777.25	29.9583	327.884	0.399653
2680440	24869	150000	773.875	29.9167	328.023	0.552771
2685076	24910	150000	768.042	29.9583	330.08	0.399653
2688246	24951	150000	769.292	29.9167	314.21	0.552771
2690545	24992	150000	779.625	29.9167	338.488	0.552771
2694606	25033	150000	774.083	29.875	327.139	0.661438
2697413	25074	150000	779.667	29.9167	327.713	0.552771
2698030	25115	150000	774.042	29.9167	323.316	0.552771
2702872	25156	150000	775.75	29.9583	316.559	0.399653
2706705	25197	150000	763.125	29.9583	327.256	0.399653
2712426	25238	150000	770.167	29.9167	329.019	0.552771
2717572	25279	150000	769.875	29.875	335.647	0.661438
2718765	25320	150000	769.875	29.9167	328.648	0.552771
2720134	25361	150000	763.125	29.875	321.499	0.661438
2727869	25402	150000	772.583	29.9167	314.265	0.552771
2736187	25443	150000	760.542	29.9167	316.334	0.552771
2742791	25484	150000	762.75	29.9167	319.066	0.552771
2748788	25525	150000	754.5	29.9167	312.262	0.552771
2753237	25566	150000	756.958	29.9167	327.707	0.552771
2754712	25607	150000	760.167	29.9583	327.591	0.399653
2755257	25648	150000	756.25	29.9167	312.657	0.552771
2759871	25689	150000	754.958	29.9583	312.135	0.399653
2764271	25730	150000	749.958	29.9583	300.149	0.399653
2770318	25771	150000	758.75	29.9583	317.488	0.399653
2775847	25812	150000	749.5	29.9167	330.106	0.552771
2779916	25853	150000	750.208	29.9167	332.198	0.552771
2786720	25895	150000	747.833	29.9583	314.644	0.399653
2789112	25936	150000	755.875	29.9583	315.021	0.399653
2790640	25977	150000	742.292	30	306.064	0
2793000	26018	150000	759.375	29.9167	315.97	0.552771
2794345	26059	150000	745.375	29.9167	317.089	0.552771
2796567	26100	150000	747.208	29.9583	332.148	0.399653
2797464	26141	150000	750.167	29.9583	311.572	0.399653
2798093	26182	150000	747.125	29.9167	320.72	0.552771
2799999	26223	150000	747.583	29.9583	307.202	0.399653
2803483	26264	150000	733.917	29.9583	299.184	0.399653
2805102	26305	150000	741.083	29.9583	293.665	0.399653
2806235	26346	150000	751	29.9167	317.016	0.552771
2808220	26387	150000	749.375	29.9167	297.735	0.552771
2810308	26428	150000	733.083	30	311.335	0
2812213	26469	150000	744.875	29.9583	303.654	0.399653
2813989	26510	150000	740.25	30	307.884	0
2817320	26551	150000	750.792	29.9583	318.807	0.399653
2819363	26592	150000	739.75	29.9583	307.388	0.399653
2820693	26633	150000	743.75	29.9583	313.389	0.399653
2822270	26674	150000	733.125	30	314.418	0
2825771	26715	150000	729.125	30	296.605	0
2829023	26756	150000	738.125	29.9583	308.265	0.399653
2832344	26797	150000	735.208	29.9583	293.475	0.399653
2834487	26838	150000	740.583	29.9583	302.941	0.399653
2835938	26879	150000	735.792	29.9583	318.268	0.399653
2836803	26920	150000	734.375	30	309.616	0
2845981	26961	150000	735.417	29.9167	325.23	0.552771
2850806	27003	150000	728.375	29.9583	309.003	0.399653
2854001	27044	150000	730.542	29.9583	307.224	0.399653
2855940	27085	150000	729.958	30	295.294	0
2857858	27126	150000	721.25	30	290.876	0
2859648	27167	150000	731.167	30	306.637	0
2862412	27208	150000	720.875	30	327.444	0
2864383	27249	150000	731.458	29.9583	290.729	0.399653
2869501	27290	150000	727.5	30	290.045	0
2872206	27331	150000	721.667	30	293.669	0
2875533	27372	150000	711.125	30	296.568	0
2878904	27413	150000	722.583	30	308.257	0
2883611	27454	150000	720.583	29.9583	328.332	0.399653
2887699	27495	150000	718.25	29.9583	312.215	0.399653
2890154	27536	150000	723.792	30	292.939	0
2892052	27577	150000	731.5	29.9167	317.314	0.552771
2893555	27618	150000	714.125	29.9583	322.687	0.399653
2896602	27659	150000	728.042	30	306.469	0
2900081	27700	150000	718.875	30	304.126	0
2903304	27741	150000	707.167	30	299.313	0
2906010	27782	150000	722.667	29.9167	327.056	0.552771
2908825	27823	150000	716.5	29.9583	312.061	0.399653
2911730	27864	150000	709.167	30	289.749	0
2914834	27905	150000	714.5	30	300.158	0
2917930	27946	150000	714.75	29.9583	311.02	0.399653
2920145	27987	150000	715.125	30	295.875	0
2925067	28028	150000	727.25	29.9583	316.695	0.399653
2926636	28070	150000	715.417	29.9583	311.346	0.399653
2927889	28111	150000	709.75	29.9583	312.049	0.399653
2928843	28152	150000	701.458	30	286.78	0
2930365	28193	150000	703.625	30	279.63	0
2934921	28234	150000	699.042	30	276.856	0
2935948	28275	150000	710.083	30	302.328	0
2938513	28316	150000	708.542	30	287.479	0
2940937	28357	150000	715.333	30	303.785	0
2946287	28398	150000	710.417	30	297.844	0
2951759	28439	150000	712.25	30	294.23	0
2958662	28480	150000	701.667	30	290.616	0
2969926	28521	150000	704.042	30	291.167	0
2984912	28562	150000	698.667	30	299.525	0
2996700	28603	150000	694.625	29.9583	286.975	0.399653
3004197	28644	150000	704.542	29.9583	311.975	0.399653
3009850	28685	150000	695.375	30	293.586	0
3014048	28726	150000	699.125	30	277.812	0
3015921	28767	150000	692.583	30	281.427	0
3019287	28808	150000	695.292	30	293.047	0
3022581	28849	150000	686.958	30	299.498	0
3025286	28890	150000	687.125	30	272.396	0
3029002	28931	150000	686.542	30	289.311	0
3034803	28972	150000	687.375	30	293.883	0
3039554	29013	150000	688.75	30	299.562	0
3042145	29054	150000	692.583	30	270.672	0
3045683	29095	150000	684.542	30	278.455	0
3049593	29137	150000	681.667	30	285.37	0
3055774	29178	150000	678.833	30	296.341	0
3060471	29219	150000	683.958	30	295.046	0
3082773	29260	150000	671.083	30	274.393	0
3088777	29301	150000	674.25	30	292.259	0
3093066	29342	150000	680.75	30	294.852	0
3095805	29383	150000	672.167	30	287.655	0
3100569	29424	150000	676.167	30	289.354	0
3107434	29465	150000	665	30	278.067	0
3123086	29506	150000	670.625	30	292.861	0
3127369	29547	150000	672.583	30	271.095	0
3131766	29588	150000	660.542	30	262.52	0
3134696	29629	150000	673.042	30	279.907	0
3137163	29670	150000	666.125	30	287.04	0
3141717	29711	150000	665.833	30	268.43	0
3149145	29752	150000	671.208	30	275.786	0
3161837	29793	150000	663.167	30	275.67	0
3164660	29834	150000	673.5	30	272.22	0
3166946	29875	150000	664.667	30	281.783	0
3169462	29916	150000	653.708	30	287.237	0
3170847	29957	150000	651.417	30	267.297	0
3173624	29998	150000	664.917	30	279.892	0
3176378	30039	150000	656.333	30	292.113	0
3177894	30080	150000	660.542	30	262.1	0
3183056	30121	150000	656.375	30	281.404	0
3187195	30162	150000	659.333	30	282.227	0
3189074	30204	150000	652.5	30	283.761	0
3192174	30245	150000	655.667	30	283.588	0
3195336	30286	150000	653.458	30	279.092	0
3197974	30327	150000	654.125	30	271.764	0
3202668	30368	150000	658.833	30	282.392	0
3205971	30409	150000	656.375	30	265.368	0
3207474	30450	150000	649.75	30	268.167	0
3211072	30491	150000	656.958	30	283.152	0
3213672	30532	150000	645.5	30	266.221	0
3217045	30573	150000	659.542	30	264.971	0
3222782	30614	150000	643.125	30	263.148	0
3224110	30655	150000	648.333	30	265.967	0
3225652	30696	150000	655.125	30	264.805	0
3228259	30737	150000	644	30	265.675	0
3230042	30778	150000	646.167	30	273.965	0
3231016	30819	150000	654.583	30	277.034	0
3233490	30860	150000	647.917	30	272.467	0
3234544	30901	150000	652.292	30	263.534	0
3236590	30942	150000	646.375	30	266.14	0
3238977	30983	150000	631.125	30	246.092	0
3241290	31024	150000	651.375	30	281.037	0
3243445	31065	150000	648.25	30	266.365	0
3246314	31106	150000	647.792	30	276.786	0
3249377	31147	150000	646.375	30	273.302	0
3253210	31188	150000	643.583	30	257.625	0
3255210	31229	150000	646.542	30	267.276	0
3258153	31270	150000	648.375	30	263.09	0
3261100	31312	150000	639.875	30	276.447	0
3262361	31353	150000	642.333	30	278.882	0
3264189	31394	150000	635.75	30	246.426	0
3266220	31435	150000	644.583	30	271.61	0
3269576	31476	150000	640.042	30	279.766	0
3270654	31517	150000	640.5	30	261.42	0
3271450	31558	150000	643.083	30	249.777	0
3272285	31599	150000	636	30	256.805	0
3274059	31640	150000	638.458	30	258.63	0
3277652	31681	150000	638.833	30	251.2	0
3279980	31722	150000	634.583	30	271.455	0
3282311	31763	150000	628.708	30	270.055	0
3285115	31804	150000	635.667	30	267.658	0
3287982	31845	150000	642.292	30	283.218	0
3290422	31886	150000	637.833	30	261.906	0
3293793	31927	150000	632.625	30	261.408	0
3297001	31968	150000	632.958	30	262.19	0
3299608	32009	150000	639.792	30	274.261	0
3303358	32050	150000	634.875	30	263.919	0
3304971	32091	150000	625	30	244.014	0
3306727	32132	150000	635.875	30	264.313	0
3308273	32173	150000	638.167	30	276.183	0
3310238	32214	150000	650.333	30	265.782	0
3311620	32255	150000	628.75	30	249.56	0
3315693	32296	150000	627.167	30	279.835	0
3319524	32337	150000	630.292	30	255.125	0
3322885	32379	150000	632.208	30	264.879	0
3324159	32420	150000	628.208	30	273.579	0
3327623	32461	150000	628.958	30	271.252	0
3330229	32502	150000	626.417	30	252.054	0
3334286	32543	150000	617.167	30	257.629	0
3337129	32584	150000	630.708	30	274.551	0
3341978	32625	150000	633.25	30	249.432	0
3344815	32666	150000	622.417	30	249.383	0
3347496	32707	150000	621.542	30	255.785	0
3348585	32748	150000	622.167	30	268.232	0
3349518	32789	150000	624.25	30	272.627	0
3353076	32830	150000	632.958	30	265.796	0
3356327	32871	150000	620.792	30	250.627	0
3363160	32912	150000	620.208	30	267.986	0
3366736	32953	150000	632.875	30	275.159	0
3370683	32994	150000	623.208	30	243.629	0
3374429	33035	150000	615.208	30	250.547	0
3376675	33076	150000	619.25	30	257.511	0
3381732	33117	150000	623.042	30	259.705	0
3383954	33158	150000	615.833	30	268.63	0
3385478	33199	150000	622.25	30	255.754	0
3386436	33240	150000	612.292	30	279.114	0
3391306	33281	150000	615.583	30	259.833	0
3393496	33322	150000	618.25	30	266.813	0
3397140	33363	150000	619.542	30	255.664	0
3398485	33404	150000	617.667	30	245.855	0
3400197	33446	150000	614.542	30	254.148	0
3401190	33487	150000	614.375	30	253.897	0
3402009	33528	150000	613.292	30	254.442	0
3402879	33569	150000	620.583	30	270.275	0
3404812	33610	150000	616.208	30	251.297	0
3406013	33651	150000	611.708	30	263.71	0
3407709	33692	150000	617.333	30	265.829	0
3409162	33733	150000	615.125	30	265.938	0
3410434	33774	150000	624.875	30	271.135	0
3412743	33815	150000	613.458	30	263.232	0
3416150	33856	150000	617.375	30	251.158	0
3417899	33897	150000	609.75	30	262.007	0
3421704	33938	150000	612.708	30	261.081	0
3422545	33979	150000	620.333	30	262.695	0
3424289	34020	150000	611.167	30	247.185	0
3427373	34061	150000	615.167	30	246.359	0
3431907	34102	150000	620.75	30	263.767	0
3436918	34143	150000	607.167	30	270.89	0
3440228	34184	150000	605.417	30	240.702	0
3442981	34225	150000	606.958	30	261.401	0
3447357	34266	150000	601.375	30	247.192	0
3455064	34307	150000	597.042	30	252.975	0
3459085	34348	150000	606.333	30	261.435	0
3463575	34389	150000	593.458	30	240.674	0
3474956	34430	150000	604.083	30	255.621	0
3478430	34471	150000	604.5	30	240.421	0
3482769	34512	150000	607.042	30	257.484	0
3490583	34554	150000	599.958	30	250.926	0
3493905	34595	150000	601.125	30	253.021	0
3495609	34636	150000	593.125	30	235.28	0
3499902	34677	150000	596.667	30	261.247	0
3506476	34718	150000	599.625	30	265.353	0
3513388	34759	150000	606.458	30	250.344	0
3519402	34800	150000	605.917	30	261.011	0
3520987	34841	150000	611.833	30	269.366	0
3525259	34882	150000	590.708	30	243.617	0
3532495	34923	150000	589.792	30	252.848	0
3535855	34964	150000	596.125	30	229.45	0
3546373	35005	150000	592.833	30	259.732	0
3551828	35046	150000	592.833	30	254.783	0
3555915	35087	150000	589.583	30	255.699	0
3558736	35128	150000	577.375	30	249.688	0
3560830	35169	150000	593	30	252.802	0
3565877	35210	150000	596.417	30	267.311	0
3570456	35251	150000	588.917	30	227.524	0
3577008	35292	150000	586.042	30	243.709	0
3578903	35333	150000	584.958	30	236.721	0
3580120	35374	150000	578.75	30	248.641	0
3582088	35415	150000	579.375	30	225.745	0
3584381	35456	150000	580.042	30	237.687	0
3585448	35497	150000	586.583	30	229.259	0
3587000	35538	150000	578.583	30	249.4	0
3588072	35579	150000	586.208	30	237.148	0
3590285	35621	150000	584.667	30	254.035	0
3593507	35662	150000	575.583	30	242.771	0
3598628	35703	150000	579.667	30	241.637	0
3610676	35744	150000	580.75	30	247.376	0
3613573	35785	150000	577.5	30	238.824	0
3614182	35826	150000	589.375	30	242.651	0
3615597	35867	150000	575.833	30	241.845	0
3617132	35908	150000	586.417	30	260.449	0
3618092	35949	150000	576.333	30	231.484	0
3619953	35990	150000	579.708	30	255.043	0
3623605	36031	150000	571.542	30	248.169	0
3625247	36072	150000	587.875	30	250.309	0
3626576	36113	150000	572.208	30	232.311	0
3629031	36154	150000	581.333	30	225.525	0
3631029	36195	150000	565.75	30	240.139	0
3633188	36236	150000	574.042	30	238.868	0
3635328	36277	150000	581.583	30	245.282	0
3639344	36318	150000	580.625	30	240.674	0
3647809	36359	150000	569.542	30	248.9	0
3650710	36400	150000	583.25	30	244.826	0
3652120	36441	150000	580.125	30	240.035	0
3657593	36482	150000	568.917	30	234.064	0
3659948	36523	150000	572.417	30	233.723	0
3663038	36564	150000	580	30	250.783	0
3666830	36605	150000	569.083	30	244.471	0
3672336	36646	150000	573	30	230.852	0
3676500	36688	150000	566.458	30	225.573	0
3685388	36729	150000	562.292	30	250.845	0
3688241	36770	150000	573.083	30	230.334	0
3689027	36811	150000	557.583	30	237.18	0
3694548	36852	150000	563.208	30	255.001	0
3706584	36893	150000	563.917	30	238.01	0
3720263	36934	150000	563.833	30	232.708	0
3724131	36975	150000	559.708	30	237.707	0
3725447	37016	150000	566.875	30	234.728	0
3727363	37057	150000	558.083	30	247.72	0
3731476	37098	150000	567.833	30	223.313	0
3732763	37139	150000	569.708	30	246.811	0
3737626	37180	150000	561.167	30	229.924	0
3738752	37221	150000	561.958	30	256.456	0
3740128	37262	150000	564.875	30	238.08	0
3741558	37303	150000	569.75	30	222.035	0
3743260	37344	150000	560	30	241.919	0
3746319	37385	150000	561.917	30	239.247	0
3747334	37426	150000	561.625	30	250.815	0
3749905	37467	150000	559.083	30	233.539	0
3753704	37508	150000	562.083	30	231.236	0
3756010	37549	150000	564.5	30	255.305	0
3758586	37590	150000	561.208	30	240.802	0
3761358	37631	150000	562.208	30	229.862	0
3764960	37672	150000	554.667	30	226.097	0
3768540	37713	150000	556.167	30	244.366	0
3770947	37755	150000	556.333	30	250.664	0
3774438	37796	150000	562.625	30	247.432	0
3777182	37837	150000	555.083	30	239.688	0
3778876	37878	150000	556.042	30	225.148	0
3781575	37919	150000	551.417	30	229.959	0
3784512	37960	150000	555.458	30	235.206	0
3786309	38001	150000	549.667	30	229.663	0
3787814	38042	150000	554.25	30	240.365	0
3791340	38083	150000	556.542	30	231.939	0
3793818	38124	150000	556.375	30	232.956	0
3796929	38165	150000	557.833	30	233.676	0
3798790	38206	150000	558.375	30	241.644	0
3801586	38247	150000	549.875	30	231.685	0
3805045	38288	150000	559	30	233.087	0
3808846	38329	150000	552.875	30	223.016	0
3814616	38370	150000	548.167	30	239.184	0
3817597	38411	150000	546.958	30	237.51	0
3818405	38452	150000	555.583	30	242.484	0
3822194	38493	150000	550.208	30	242.282	0
3827123	38534	150000	547.917	30	221.648	0
3828831	38575	150000	551.333	30	220.846	0
3835048	38616	150000	553.917	30	251.058	0
3842462	38657	150000	546.042	30	238.504	0
3847947	38698	150000	541.458	30	214.244	0
3853388	38739	150000	542.458	30	234.853	0
3863154	38780	150000	545.458	30	225.52	0
3874006	38821	150000	545.417	30	250.227	0
3880801	38863	150000	542.833	30	238.475	0
3887941	38904	150000	544.792	30	231.227	0
3890713	38945	150000	540.25	30	222.91	0
3892529	38986	150000	542.625	30	236.884	0
3893362	39027	150000	552.333	30	233.631	0
3895457	39068	150000	543.75	30	228.07	0
3897506	39109	150000	540.958	30	235.702	0
3900310	39150	150000	540.042	30	210.205	0
3901986	39191	150000	535.958	30	225.151	0
3903325	39232	150000	535.167	30	220.579	0
3904892	39273	150000	539.25	30	233.43	0
3911709	39314	150000	541.667	30	220.189	0
3920395	39355	150000	526.958	30	224.538	0
3923631	39396	150000	533.667	30	225.221	0
3927198	39437	150000	532.583	30	212.996	0
3929744	39478	150000	536	30	228.912	0
3932764	39519	150000	532	30	206.859	0
3935914	39560	150000	526.333	30	208.206	0
3937045	39601	150000	538.625	30	216.993	0
3938977	39642	150000	541	30	220.289	0
3941328	39683	150000	539.083	30	228.338	0
3944668	39724	150000	532.958	30	217.4	0
3949371	39765	150000	526.208	30	233.117	0
3950889	39806	150000	530.458	30	214.058	0
3953568	39847	150000	539.583	30	239.444	0
3954859	39888	150000	533.125	30	215.678	0
3956996	39930	150000	541.375	30	212.534	0
3957509	39971	150000	536.958	30	234.954	0
3961675	40012	150000	525.625	30	219.691	0
3964021	40053	150000	529.208	30	220.45	0
3967706	40094	150000	533.125	30	232.207	0
3971516	40135	150000	533.625	30	218.305	0
3975625	40176	150000	531.083	30	225.651	0
3986932	40217	150000	521.167	30	217.17	0
3995875	40258	150000	528.125	30	226.731	0
3999275	40299	150000	527.417	30	222.35	0
4001670	40340	150000	523.875	30	222.272	0
4002745	40381	150000	530.875	30	223.313	0
4004705	40422	150000	531.5	30	224.006	0
4006497	40463	150000	532.667	30	216.88	0
4008898	40504	150000	530.25	30	229.323	0
4016595	40545	150000	512.958	30	197.943	0
4026893	40586	150000	525.542	30	213.128	0
4033233	40627	150000	522.208	30	206.759	0
4037063	40668	150000	524.917	30	220.721	0
4040426	40709	150000	520.125	30	221.289	0
4042060	40750	150000	517.5	30	211.364	0
4047733	40791	150000	513.583	30	212.856	0
4052215	40832	150000	518.875	30	227.256	0
4058070	40873	150000	513.042	30	207.837	0
4062868	40914	150000	514.75	30	225.061	0
4064309	40955	150000	525.167	30	216.213	0
4066548	40997	150000	521.083	30	228.183	0
4069552	41038	150000	511.708	30	214.002	0
4070268	41079	150000	515.625	30	219.072	0
4071822	41120	150000	510.083	30	210.677	0
4073512	41161	150000	514.167	30	191.202	0
4080006	41202	150000	520.75	30	216.34	0
4080691	41243	150000	508.167	30	218.572	0
4082307	41284	150000	516.75	30	226.283	0
4084071	41325	150000	509	30	207.539	0
4085642	41366	150000	513	30	221.323	0
4087000	41407	150000	519.208	30	216.162	0
4087794	41448	150000	514.792	30	210.295	0
4089324	41489	150000	519.375	30	231.907	0
4095459	41530	150000	511.042	30	207.046	0
4106527	41571	150000	515.958	30	214.913	0
4111365	41612	150000	519.583	30	216.434	0
4113160	41653	150000	516.292	30	217.715	0
4114065	41694	150000	513.208	30	224.094	0
4114550	41735	150000	514.042	30	210.206	0
4115627	41776	150000	513.625	30	200.096	0
4117226	41817	150000	512	30	232.176	0
4117738	41858	150000	513.833	30	215.456	0
4118373	41899	150000	518.333	30	225.238	0
4119035	41940	150000	507.875	30	215.247	0
4122242	41981	150000	508.458	30	213.243	0
4122866	42022	150000	504.917	30	201.494	0
4124809	42064	150000	505.792	30	210.408	0
