0 26705 10.2321578323915
1 20618 17.261335573755556
2 36012 19.752910052092904
3 30269 9.089654855543733
4 2672 3.271581181071109
5 7561 9.92990121961955
6 21317 9.754342877264296
7 20064 14.01066298376672
8 60576 31.274725597184233
9 42154 14.767679618592828
10 30059 11.506452539548446
11 53684 12.143422672228597
12 21487 29.881492501123557
13 3460 13.59578268316301
14 4934 9.775725987919635
15 33568 6.306511844842524
16 49134 9.472814159756725
17 29563 85.06782888569369
18 17964 13.067088341722046
19 24420 7.96694579279904
20 41704 11.998286864649566
21 55786 10.963161605381956
22 9379 8.221616470809904
23 3457 1.3517788499406176
24 4601 16.98424896177125
25 2343 5.100185406264431
26 4345 2.3322841650231583
27 29223 12.518291976642363
28 267 1.3761550246564849
29 53778 32.49556098329413
30 22832 1.5841189225587144
31 15748 0.8711391713011798
32 16972 1.2929550252742483
33 49796 4.183439459951166
34 17351 2.7868349196984696
35 37111 2.315260920127815
36 14292 3.316773668449429
37 26465 7.082643626148075
38 32071 3.334266027487386
39 60161 6.813194115185089
40 48133 10.31109063053574
41 26366 2.631724934632902
42 45213 5.879891335403871
43 33534 11.535438774233704
44 33545 6.474387912221987
45 50846 7.170743262130944
46 32733 3.412391099881544
47 16146 2.0498442463826088
48 20564 2.8542360041822588
49 38474 8.567223863585468
50 69752 12.982829650175985
51 32322 4.641402199546871
52 28793 3.234564021146044
53 934 0.17630390565516132
54 33917 12.320952452289355
55 47577 15.502848661847082
56 39199 21.563322301107185
57 4653 15.099610114023694
58 33781 56.02553757005824
59 18202 28.411537041870464
60 5217 1.898709183208571
61 2009 7.873054624191309
62 4176 3.9755377244991097
63 34611 13.418336687274227
64 7026 12.587227431169564
65 14098 10.211561984070968
66 12952 12.605076162515038
67 30469 14.417061391790233
68 9302 8.33014824779111
69 16093 8.015484627728005
70 4112 16.80368171589984
71 27763 30.930981147403
72 7652 24.52473988296471
73 17603 30.174463742689156
74 8839 43.283510193869624
75 2112 7.968935763408942
76 12309 21.88102145647007
77 5848 9.269595071482957
78 37941 57.53188393150856
79 6464 40.35954799790578
80 3387 25.136649281772733
81 29766 11.341582277601287
82 36047 14.085306958951161
83 16171 17.923854087354844
84 11873 23.53891446601297
85 2634 21.20355731377906
86 5490 48.407625440735636
87 2408 16.53751098460688
88 4903 35.074693010160665
89 7062 2.7487177546768558
90 187 0.7567695294341132
91 5451 14.006979569017307
92 654 4.4500804636932685
93 104 5.136043101357998
94 29998 10.173073002654839
95 42246 16.9895914575666
96 3205 0.2450663864079679
97 303 0.074853628665461
98 3305 22.44555264348715
99 65 0.11742332396906859
100 6967 42.34641859344522
101 2371 21.88408208841122
102 5544 22.872975473245436
103 7253 22.224972470914924
104 36465 20.214790956560417
105 3655 7.46359519812447
106 12802 6.684403557082118
107 19206 8.530876204831838
108 323 1.9633531120607508
109 20253 6.0273275397414965
110 2872 0.14484816145866314
111 24355 23.778286231442
112 4 0.9707292080117745
113 358 1.4442020580790336
114 497 0.9914918524719033
115 279 0.39754122412922377
116 15084 37.47197438752612
117 11751 40.46424423588063
118 3289 22.518249891505288
119 31884 16.025571933151813
120 10127 17.823931230569407
121 8848 17.62170558319189
122 2 1.32406366361543
123 9784 6.589234390275167
124 0 4.847054117625255
125 224 0.6577258273011304
126 514 0.46685505878791717
127 1182 6.491260577269084
128 721 4.029281602849125
129 7815 28.358683515135976
130 6643 34.028666542084366
131 544 1.023146439288522
132 6951 16.860928699283548
133 25225 5.5639423812002216
134 8904 25.54539519102019
135 583 18.300618381243464
136 777 24.89172305045429
137 2111 37.52176728231945
138 9907 109.3482977527309
139 111 4.301434987343571
140 1632 27.65146942765758
141 2898 38.9381862000905
142 1904 49.65464280143383
143 12853 116.81377365454975
144 556 1.0577983372895936
145 1858 17.032127948083158
146 3862 39.37566119997467
147 28972 13.134991359033323
148 38076 37.48567020387739
149 2664 1.4140702582405786
150 3355 6.341986140476327
151 11333 15.944191247218134
152 3314 7.557787526428694
153 3268 7.272212458127219
154 7735 19.58283822164427
155 1458 5.086575304596006
156 2434 8.732564397981767
157 2114 6.296333805407593
158 15080 7.794117578923146
159 803 3.050456604432144
160 36920 76.67283207489764
161 26344 14.510304294846154
162 38288 9.70606157248605
163 20234 74.4184467263941
164 10650 27.054923420494614
165 5735 35.21014614739528
166 5281 49.2960604450677
167 3036 37.65099181926712
168 10693 57.490770999711195
