population	links	time	infected	error
0	0	0	0	0
0	0	1	715.5	4.96152
0	0	2	575.25	4.485
0	0	3	619.5	5.60476
0	0	4	625.292	6.05325
0	0	5	644.417	7.33272
0	0	6	672.625	8.60738
0	0	7	706.708	9.69694
0	0	8	748.75	11.6385
0	0	9	798.042	13.6377
0	0	10	858.708	15.8028
0	0	11	941.417	17.2351
0	0	12	1039.42	20.7735
0	0	13	1170.96	25.8162
0	0	14	1332.79	32.1829
0	0	15	1542.29	40.5409
0	0	16	1810.17	53.2958
0	0	17	2142.33	67.8386
0	0	18	2578	87.5081
0	0	19	3130.04	114.914
0	0	20	3823.92	145.573
0	0	21	4710.21	188.509
0	0	22	5813.21	240.293
0	0	23	7182	305.849
0	0	24	8865.29	379.18
0	0	25	10888.3	466.33
0	0	26	13256.9	557.951
0	0	27	15978.6	651.568
0	0	28	19034.4	750.349
0	0	29	22403.5	849.26
0	0	30	26039.8	948.818
0	0	31	29876.4	1037.45
0	0	32	33815	1116.1
0	0	33	37867.4	1185.53
0	0	34	41839	1235.27
0	0	35	45825.6	1275.02
0	0	36	49705.1	1296.95
0	0	37	53464.3	1286.2
0	0	38	57099.3	1275.07
0	0	39	60555	1244.94
0	0	40	63853.8	1214.32
0	0	41	67080.7	1176.04
0	0	42	70179.1	1145.28
0	0	43	73190.1	1099.17
0	0	44	76110.8	1061.43
0	0	45	78870.8	1017.11
0	0	46	81703.7	982.056
0	0	47	84350.7	937.565
0	0	48	86994.3	894.28
0	0	49	89513.7	841.058
0	0	50	91966.2	789.343
0	0	51	94316.5	732.859
0	0	52	96550.3	679.878
0	0	53	98714.1	630.208
0	0	54	100769	580.763
0	0	55	102796	522.343
0	0	56	104649	483.164
0	0	57	106480	441.503
0	0	58	108239	404.086
0	0	59	109924	358.354
0	0	60	111554	334.405
0	0	61	113027	307.759
0	0	62	114524	299.268
0	0	63	115828	302.907
0	0	64	117041	309.403
0	0	65	118151	308.948
0	0	66	119206	312.917
0	0	67	120055	331.585
0	0	68	120790	324.655
0	0	69	121345	317.376
0	0	70	121894	314.228
0	0	71	122268	306.071
0	0	72	122549	304.904
0	0	73	122637	290.538
0	0	74	122587	283.723
0	0	75	122343	285.246
0	0	76	121945	280.509
0	0	77	121403	279.93
0	0	78	120792	287.786
0	0	79	120013	292.506
0	0	80	119075	299.495
0	0	81	118110	298.988
0	0	82	116933	318.967
0	0	83	115694	330.642
0	0	84	114365	348.467
0	0	85	112947	379.41
0	0	86	111343	390.785
0	0	87	109731	403.347
0	0	88	108073	422.324
0	0	89	106288	437.01
0	0	90	104503	459.442
0	0	91	102649	460.006
0	0	92	100704	475.857
0	0	93	98769.8	478.869
0	0	94	96785.8	490.843
0	0	95	94695.3	501.383
0	0	96	92641.3	499.924
0	0	97	90565.2	501.989
0	0	98	88482.6	511.752
0	0	99	86405.2	514.17
0	0	100	84298.2	511.035
0	0	101	82195	505.745
0	0	102	80077.7	515.743
0	0	103	78030.3	510.821
0	0	104	75962.9	512.123
0	0	105	73894.6	502.483
0	0	106	71871	506.952
0	0	107	69857.4	498.005
0	0	108	67847.2	499.424
0	0	109	65916.2	495.265
0	0	110	63974.2	485.372
0	0	111	62065.7	478.199
0	0	112	60203.3	469.446
0	0	113	58381.1	466.227
0	0	114	56547.2	457.795
0	0	115	54828.6	446.986
0	0	116	53082.1	443.755
0	0	117	51358.5	443.307
0	0	118	49737.7	433.912
0	0	119	48116.1	430.596
0	0	120	46541.8	420.264
0	0	121	44996.7	415.101
0	0	122	43477.6	400.457
0	0	123	42051.8	387.33
0	0	124	40645.5	376.301
0	0	125	39238.2	368.352
0	0	126	37884.5	361.526
0	0	127	36596.7	348.642
0	0	128	35343.8	340.781
0	0	129	34123.2	329.95
0	0	130	32911.6	320.23
0	0	131	31728.8	304.044
0	0	132	30590.8	290.738
0	0	133	29505.8	283.583
0	0	134	28414.3	276.065
0	0	135	27415.3	266.752
0	0	136	26393.8	254.935
0	0	137	25468.2	248.806
0	0	138	24537.8	245.505
0	0	139	23629.8	233.997
0	0	140	22762.8	229.199
0	0	141	21897.5	219.453
0	0	142	21099.2	211.341
0	0	143	20318.9	198.509
0	0	144	19544.5	191.39
0	0	145	18798.2	184.756
0	0	146	18084.6	176.413
0	0	147	17384.2	169.887
0	0	148	16742.1	163.326
0	0	149	16109	160.975
0	0	150	15504.9	157.652
0	0	151	14903.2	149.094
0	0	152	14338.2	140.918
0	0	153	13780.5	134.388
0	0	154	13213	132.488
0	0	155	12698.7	126.795
0	0	156	12208.3	122.641
0	0	157	11736	115.932
0	0	158	11291	110.825
0	0	159	10851.9	104.075
0	0	160	10428.3	100.676
0	0	161	10033.1	99.9664
0	0	162	9646.79	98.4461
0	0	163	9273.75	94.7639
0	0	164	8913.33	86.1321
0	0	165	8553.5	86.4424
0	0	166	8223.92	84.3903
0	0	167	7902.58	83.4633
0	0	168	7580.62	80.7308
0	0	169	7263.58	76.7589
0	0	170	6986.58	73.1957
0	0	171	6723.79	70.2447
0	0	172	6468	67.5562
0	0	173	6192.88	62.7473
0	0	174	5940.75	65.61
0	0	175	5700	60.3676
0	0	176	5474.71	58.1476
0	0	177	5267.46	58.129
0	0	178	5045.33	52.73
0	0	179	4847.58	51.041
188361	2000	0	2.375	0.538225
188361	2000	1	2.41667	0.799442
188361	2000	2	2.41667	0.552317
188361	2000	3	3.625	0.771946
188361	2000	4	4.70833	0.917497
188361	2000	5	4.25	1.04362
188361	2000	6	5.875	1.32068
188361	2000	7	7.375	1.48677
188361	2000	8	8.875	1.63182
188361	2000	9	11.5417	2.09051
188361	2000	10	14.5417	2.36245
188361	2000	11	21.2083	3.93414
188361	2000	12	28.8333	5.35557
188361	2000	13	39.4583	7.55519
188361	2000	14	50.5	10.9402
188361	2000	15	64.4167	13.0727
188361	2000	16	88.375	17.3676
188361	2000	17	118.792	22.9054
188361	2000	18	160.458	31.7841
188361	2000	19	209.583	42.2543
188361	2000	20	267.042	50.5067
188361	2000	21	340.708	62.0487
188361	2000	22	442.75	79.9743
188361	2000	23	557.292	93.8914
188361	2000	24	691.042	108.153
188361	2000	25	839.708	128.97
188361	2000	26	980.5	139.6
188361	2000	27	1129.33	151.759
188361	2000	28	1276.67	159.764
188361	2000	29	1399	162.918
188361	2000	30	1497.96	171.587
188361	2000	31	1571.96	168.85
188361	2000	32	1604.83	170.785
188361	2000	33	1601.96	163.073
188361	2000	34	1592.92	159.761
188361	2000	35	1546.17	151.767
188361	2000	36	1505.38	146.683
188361	2000	37	1425	135.115
188361	2000	38	1351.46	124.091
188361	2000	39	1273.71	116.321
188361	2000	40	1179.38	105.422
188361	2000	41	1095.62	100.339
188361	2000	42	1016.17	102.705
188361	2000	43	945.958	102.437
188361	2000	44	891.875	107.224
188361	2000	45	832.625	110.982
188361	2000	46	801.083	117.936
188361	2000	47	757.417	122.656
188361	2000	48	729.292	126.001
188361	2000	49	689.083	126.621
188361	2000	50	670.5	124.145
188361	2000	51	645.792	121.904
188361	2000	52	624.5	118.321
188361	2000	53	592.208	117.803
188361	2000	54	567.292	108.77
188361	2000	55	550	103.289
188361	2000	56	520.708	95.2483
188361	2000	57	503	87.0267
188361	2000	58	490.333	83.895
188361	2000	59	474.833	75.5583
188361	2000	60	459.125	63.5955
188361	2000	61	438	57.1426
188361	2000	62	417.417	51.171
188361	2000	63	411.25	40.4356
188361	2000	64	399.542	36.1781
188361	2000	65	390.792	32.6695
188361	2000	66	379.167	28.001
188361	2000	67	378	27.1765
188361	2000	68	364.167	21.5857
188361	2000	69	354.208	15.8341
188361	2000	70	350.875	19.3024
188361	2000	71	342.083	16.0502
188361	2000	72	331.875	12.4613
188361	2000	73	332.25	10.9664
188361	2000	74	325.75	10.9072
188361	2000	75	313.25	9.22062
188361	2000	76	303.208	9.22645
188361	2000	77	303.75	10.6372
188361	2000	78	296.167	9.22697
188361	2000	79	293	12.8699
188361	2000	80	283.208	8.96244
188361	2000	81	275.542	6.68633
188361	2000	82	278.208	8.67118
188361	2000	83	266.167	8.81658
188361	2000	84	255.5	6.08932
188361	2000	85	257.208	7.86037
188361	2000	86	252.458	9.06282
188361	2000	87	242.542	6.63304
188361	2000	88	237.167	5.62307
188361	2000	89	233.542	6.30602
188361	2000	90	223.542	6.39043
188361	2000	91	223.792	7.15689
188361	2000	92	216.417	6.16306
188361	2000	93	211.875	6.41253
188361	2000	94	206.25	7.74286
188361	2000	95	199.292	5.59057
188361	2000	96	194	6.52303
188361	2000	97	190.25	5.29622
188361	2000	98	186.208	6.95068
188361	2000	99	185.5	5.78093
188361	2000	100	175.208	7.21789
188361	2000	101	173.208	6.39043
188361	2000	102	166.708	5.77187
188361	2000	103	158.833	5.32298
188361	2000	104	155.292	5.59803
188361	2000	105	152.167	4.83086
188361	2000	106	146.125	4.15329
188361	2000	107	145.458	6.24502
188361	2000	108	139.917	5.68125
188361	2000	109	132.083	6.40124
188361	2000	110	131.75	3.93108
188361	2000	111	130.542	3.90038
188361	2000	112	123.625	5.51832
188361	2000	113	120.5	5.26161
188361	2000	114	115.667	5.25455
188361	2000	115	113.667	4.15556
188361	2000	116	108.875	5.05149
188361	2000	117	103.75	3.34786
188361	2000	118	101.667	4.43583
188361	2000	119	100.292	4.83491
188361	2000	120	97.7917	3.80647
188361	2000	121	89.8333	5.37373
188361	2000	122	90.125	4.768
188361	2000	123	88.1667	3.05986
188361	2000	124	84.5	5.6173
188361	2000	125	80.25	4.55287
188361	2000	126	78.5	3.41322
188361	2000	127	76.625	3.60908
188361	2000	128	76.5417	4.25863
188361	2000	129	70.0417	3.61999
188361	2000	130	70.5417	3.83924
188361	2000	131	64.6667	3.88194
188361	2000	132	65.125	4.41168
188361	2000	133	60.75	3.18377
188361	2000	134	59.25	3.30391
188361	2000	135	61.0833	2.99376
188361	2000	136	55.625	3.18718
188361	2000	137	54.9583	4.10638
188361	2000	138	51.2083	2.55765
188361	2000	139	51.7083	3.40808
188361	2000	140	47.5833	3.11676
188361	2000	141	46.0417	2.79556
188361	2000	142	44.25	3.31653
188361	2000	143	43.5417	2.89462
188361	2000	144	39.25	2.60689
188361	2000	145	39.6667	2.95809
188361	2000	146	37.5417	2.77933
188361	2000	147	37.4583	2.80177
188361	2000	148	35.5	2.47754
188361	2000	149	32.5417	2.42639
188361	2000	150	32.1667	2.25294
188361	2000	151	34	1.85792
188361	2000	152	31.1667	2.26526
188361	2000	153	29.9167	2.30259
188361	2000	154	28.2083	1.86532
188361	2000	155	26.9167	2.53012
188361	2000	156	26.5833	2.35341
188361	2000	157	25.2917	1.88203
188361	2000	158	25.0417	2.02455
188361	2000	159	23.375	2.08995
188361	2000	160	22.7917	1.57393
188361	2000	161	22	1.91692
188361	2000	162	21.0833	1.2369
188361	2000	163	18.5833	2.04996
188361	2000	164	17.5833	1.45413
188361	2000	165	17.2083	1.68084
188361	2000	166	17.875	1.97173
188361	2000	167	16.6667	1.65029
188361	2000	168	17.0417	1.75577
188361	2000	169	14.6667	1.52309
188361	2000	170	14.0833	1.46842
188361	2000	171	14.625	1.74118
188361	2000	172	15.7917	1.82763
188361	2000	173	13.3333	1.85292
188361	2000	174	13.625	1.68842
188361	2000	175	11.4583	1.12531
188361	2000	176	12.25	1.54839
188361	2000	177	12.2083	1.25955
188361	2000	178	11.2917	1.36814
188361	2000	179	11.7083	1.41318
365657	4000	0	1.83333	0.536336
365657	4000	1	2.25	0.680295
365657	4000	2	2.95833	0.640559
365657	4000	3	2.875	0.691079
365657	4000	4	3.33333	0.561688
365657	4000	5	3.875	0.938742
365657	4000	6	5.08333	1.03469
365657	4000	7	4.875	1.0897
365657	4000	8	7.70833	1.73183
365657	4000	9	8.45833	1.81233
365657	4000	10	11.7083	2.17374
365657	4000	11	14.25	2.01687
365657	4000	12	18.5833	3.00767
365657	4000	13	26.75	4.4289
365657	4000	14	31.7083	5.30571
365657	4000	15	45.5833	7.75244
365657	4000	16	56	10.5688
365657	4000	17	75.0417	13.2637
365657	4000	18	102.5	18.6808
365657	4000	19	127.125	22.4693
365657	4000	20	168.708	30.4985
365657	4000	21	213.542	35.5637
365657	4000	22	270.917	45.326
365657	4000	23	346.458	54.2572
365657	4000	24	426.792	62.2786
365657	4000	25	521.125	73.8642
365657	4000	26	615.208	81.6336
365657	4000	27	719.292	89.6624
365657	4000	28	814.25	97.0961
365657	4000	29	911.583	99.1119
365657	4000	30	984.042	105.491
365657	4000	31	1072.04	100.562
365657	4000	32	1119.83	101.685
365657	4000	33	1149.29	94.1796
365657	4000	34	1165.83	94.6181
365657	4000	35	1175.08	86.0401
365657	4000	36	1161.5	84.0519
365657	4000	37	1147.54	74.1584
365657	4000	38	1115.54	69.8023
365657	4000	39	1075.46	58.3929
365657	4000	40	1048.46	57.35
365657	4000	41	1007.71	51.1733
365657	4000	42	956.625	54.2859
365657	4000	43	928.917	52.4698
365657	4000	44	893.042	52.3277
365657	4000	45	862.25	57.7392
365657	4000	46	827.833	56.3966
365657	4000	47	795.958	62.675
365657	4000	48	772.958	67.6944
365657	4000	49	741.042	71.6133
365657	4000	50	708.25	68.6303
365657	4000	51	673.292	67.4633
365657	4000	52	661.5	70.6891
365657	4000	53	623.417	69.3851
365657	4000	54	609.417	63.6496
365657	4000	55	581.208	60.7304
365657	4000	56	551.75	57.0577
365657	4000	57	532.417	53.732
365657	4000	58	516.292	47.227
365657	4000	59	501.917	45.2561
365657	4000	60	476.708	37.3694
365657	4000	61	466.417	33.0141
365657	4000	62	448.25	27.2938
365657	4000	63	442	26.0628
365657	4000	64	422.125	23.1674
365657	4000	65	418.458	19.9895
365657	4000	66	409.583	19.1303
365657	4000	67	395.958	18.788
365657	4000	68	390.125	14.1772
365657	4000	69	390	13.3002
365657	4000	70	374.125	14.0485
365657	4000	71	371.667	15.6136
365657	4000	72	358.792	11.5377
365657	4000	73	352.083	8.65586
365657	4000	74	342	11.866
365657	4000	75	343.417	10.4355
365657	4000	76	344.042	9.14652
365657	4000	77	321.458	9.79004
365657	4000	78	316.667	9.97084
365657	4000	79	315.958	5.84138
365657	4000	80	306.292	8.97369
365657	4000	81	311.208	7.68488
365657	4000	82	296.917	7.26205
365657	4000	83	291.25	7.36797
365657	4000	84	282.792	7.99208
365657	4000	85	280.208	7.71741
365657	4000	86	274.25	7.8553
365657	4000	87	264.208	8.45664
365657	4000	88	259.917	7.58455
365657	4000	89	254.167	6.85256
365657	4000	90	242.625	7.90613
365657	4000	91	234.375	6.8831
365657	4000	92	236.958	5.40834
365657	4000	93	226.583	8.07087
365657	4000	94	224.75	6.54672
365657	4000	95	216.042	7.17485
365657	4000	96	211.833	6.88296
365657	4000	97	204.542	8.01902
365657	4000	98	206.708	8.06963
365657	4000	99	190.083	5.10849
365657	4000	100	185.542	6.74024
365657	4000	101	180.25	6.59861
365657	4000	102	181.5	5.73985
365657	4000	103	174.542	7.16952
365657	4000	104	171.625	5.73962
365657	4000	105	163.667	5.94903
365657	4000	106	155.792	5.65924
365657	4000	107	154.167	6.36718
365657	4000	108	151	6.02498
365657	4000	109	146.167	4.1756
365657	4000	110	141.708	4.66645
365657	4000	111	134.625	6.2001
365657	4000	112	133.542	6.9246
365657	4000	113	131.042	5.81631
365657	4000	114	126.167	4.76852
365657	4000	115	118.042	6.40403
365657	4000	116	119.708	5.02963
365657	4000	117	114.167	5.19729
365657	4000	118	107.875	4.62425
365657	4000	119	103.792	5.00397
365657	4000	120	101.583	4.62666
365657	4000	121	95.1667	4.14214
365657	4000	122	93.7917	3.91463
365657	4000	123	93.9167	4.79363
365657	4000	124	89.9167	4.46281
365657	4000	125	85.9167	5.07706
365657	4000	126	82.7917	4.19276
365657	4000	127	81.9583	4.21841
365657	4000	128	75.25	4.46177
365657	4000	129	77.375	3.16307
365657	4000	130	73.25	3.33327
365657	4000	131	69.1667	3.88552
365657	4000	132	67.0417	3.78906
365657	4000	133	63.4583	3.39273
365657	4000	134	61.8333	2.79851
365657	4000	135	59.125	2.72964
365657	4000	136	58.9167	4.14424
365657	4000	137	56.7917	3.61325
365657	4000	138	56.2917	3.70924
365657	4000	139	50.0417	2.50403
365657	4000	140	50.5417	3.12136
365657	4000	141	45.8333	2.57578
365657	4000	142	45.6667	2.75591
365657	4000	143	44.5	2.75675
365657	4000	144	41.125	2.96431
365657	4000	145	40.8333	3.07348
365657	4000	146	40.7917	2.94232
365657	4000	147	39	2.25397
365657	4000	148	39.0417	2.32833
365657	4000	149	35.5833	2.95633
365657	4000	150	34.0833	2.47168
365657	4000	151	35.5417	2.2134
365657	4000	152	31.1667	1.75255
365657	4000	153	29.8333	1.7957
365657	4000	154	27.6667	2.18392
365657	4000	155	27.75	2.02032
365657	4000	156	28.375	2.19075
365657	4000	157	27.1667	2.3169
365657	4000	158	25.75	1.99257
365657	4000	159	23.9167	2.34155
365657	4000	160	23.0417	2.07882
365657	4000	161	20.6667	2.29578
365657	4000	162	21.375	2.053
365657	4000	163	20.9583	2.00382
365657	4000	164	19.625	1.69664
365657	4000	165	18.2083	1.87277
365657	4000	166	18.6667	1.69193
365657	4000	167	18.0833	1.59997
365657	4000	168	17.3333	1.55922
365657	4000	169	15.625	1.26964
365657	4000	170	13.875	1.68222
365657	4000	171	15.75	2.39832
365657	4000	172	13.7083	1.54041
365657	4000	173	13.625	1.49144
365657	4000	174	13	1.47826
365657	4000	175	11.625	1.31805
365657	4000	176	12.0417	1.58055
365657	4000	177	12.2083	1.44483
365657	4000	178	9.29167	1.12221
365657	4000	179	11.25	1.45094
606459	6000	0	2.08333	0.634418
606459	6000	1	1.70833	0.583714
606459	6000	2	2.33333	0.653333
606459	6000	3	2.66667	0.714393
606459	6000	4	3.58333	0.763827
606459	6000	5	3.66667	0.642593
606459	6000	6	5.20833	1.0747
606459	6000	7	5.33333	1.0126
606459	6000	8	6.45833	1.35021
606459	6000	9	7.45833	1.57835
606459	6000	10	10.4167	1.88365
606459	6000	11	13.9167	1.90934
606459	6000	12	16.7917	2.6773
606459	6000	13	20.4167	3.58994
606459	6000	14	26.9167	4.47216
606459	6000	15	37.2083	5.69967
606459	6000	16	45.7917	8.11736
606459	6000	17	58.125	9.04925
606459	6000	18	79	13.2729
606459	6000	19	104.875	17.0434
606459	6000	20	133.167	22.6062
606459	6000	21	174.417	27.2904
606459	6000	22	219.542	32.1085
606459	6000	23	278.125	40.8685
606459	6000	24	343.75	48.3534
606459	6000	25	413.708	56.6731
606459	6000	26	500.667	64.7593
606459	6000	27	575.583	67.7838
606459	6000	28	668.125	73.4275
606459	6000	29	758.208	74.4934
606459	6000	30	837.833	85.5984
606459	6000	31	920.375	89.5964
606459	6000	32	980.542	84.4723
606459	6000	33	1046.29	78.2962
606459	6000	34	1081.88	78.8576
606459	6000	35	1102.25	70.1802
606459	6000	36	1122.62	72.4113
606459	6000	37	1125.17	60.2667
606459	6000	38	1110.62	52.422
606459	6000	39	1112.46	51.1001
606459	6000	40	1083.29	45.7246
606459	6000	41	1071.92	46.9935
606459	6000	42	1027.67	41.1466
606459	6000	43	1007.92	42.0836
606459	6000	44	974.083	41.0177
606459	6000	45	934.167	42.3786
606459	6000	46	901.667	42.1748
606459	6000	47	882.625	45.7133
606459	6000	48	856.167	46.8081
606459	6000	49	822.625	50.3078
606459	6000	50	785.083	54.2308
606459	6000	51	759.333	52.009
606459	6000	52	727.417	59.4446
606459	6000	53	710.083	59.701
606459	6000	54	663.625	52.4149
606459	6000	55	649.625	52.3556
606459	6000	56	613.208	47.484
606459	6000	57	584.958	48.2358
606459	6000	58	567.875	41.7086
606459	6000	59	549.167	42.739
606459	6000	60	529.083	35.3281
606459	6000	61	514.833	33.4192
606459	6000	62	487.208	30.8634
606459	6000	63	480.583	25.3793
606459	6000	64	457.958	24.9945
606459	6000	65	458	20.6205
606459	6000	66	435.542	19.9023
606459	6000	67	419.667	16.2975
606459	6000	68	413.792	14.9581
606459	6000	69	403.208	18.9758
606459	6000	70	394.542	15.9511
606459	6000	71	387.167	15.7255
606459	6000	72	374.583	13.8145
606459	6000	73	365.208	15.1155
606459	6000	74	358.583	11.145
606459	6000	75	351.167	9.39144
606459	6000	76	343.042	9.43934
606459	6000	77	337.625	9.34772
606459	6000	78	319.458	7.35353
606459	6000	79	318.042	8.61764
606459	6000	80	317.167	5.03957
606459	6000	81	304.125	8.09962
606459	6000	82	298.875	10.083
606459	6000	83	289.917	8.88283
606459	6000	84	282.208	7.54782
606459	6000	85	273.833	6.93534
606459	6000	86	271	7.38472
606459	6000	87	262.375	6.76377
606459	6000	88	258.542	7.98598
606459	6000	89	255.542	6.34781
606459	6000	90	242.875	5.4759
606459	6000	91	236.875	6.32842
606459	6000	92	238.208	7.7516
606459	6000	93	222.958	6.37025
606459	6000	94	215.208	5.79533
606459	6000	95	210.667	7.09309
606459	6000	96	208.292	7.93396
606459	6000	97	204.167	5.52065
606459	6000	98	196.875	6.40059
606459	6000	99	192.25	5.9649
606459	6000	100	185.583	7.1393
606459	6000	101	181.708	6.44519
606459	6000	102	175.5	6.1902
606459	6000	103	172.125	6.61658
606459	6000	104	162.75	6.84604
606459	6000	105	164	4.27986
606459	6000	106	155.667	4.56114
606459	6000	107	153.542	6.00412
606459	6000	108	149.958	4.63202
606459	6000	109	143.25	6.71776
606459	6000	110	138.375	6.77405
606459	6000	111	132.333	5.23332
606459	6000	112	131.208	7.23138
606459	6000	113	121.208	5.55247
606459	6000	114	118.875	5.92635
606459	6000	115	120.292	5.17557
606459	6000	116	113.542	5.14793
606459	6000	117	107.917	5.32461
606459	6000	118	104.875	5.00582
606459	6000	119	100.5	5.93771
606459	6000	120	98.1667	4.24667
606459	6000	121	98.3333	4.6831
606459	6000	122	97.8333	3.99155
606459	6000	123	90.4583	3.41725
606459	6000	124	87.125	4.09592
606459	6000	125	80.2083	3.95883
606459	6000	126	78.5417	3.38245
606459	6000	127	80	4.92409
606459	6000	128	75.0417	3.47281
606459	6000	129	70.75	3.25724
606459	6000	130	67.0833	3.72691
606459	6000	131	66.9167	3.76961
606459	6000	132	62.4583	3.20279
606459	6000	133	64.3333	3.29425
606459	6000	134	60	3.40301
606459	6000	135	58.75	2.94296
606459	6000	136	53.875	4.26897
606459	6000	137	52.5833	2.65887
606459	6000	138	53.125	2.87855
606459	6000	139	52.1667	3.04161
606459	6000	140	46.75	2.4329
606459	6000	141	47.0833	2.80162
606459	6000	142	46.2917	3.21689
606459	6000	143	43.6667	2.40533
606459	6000	144	41.0833	2.30561
606459	6000	145	37.25	2.06799
606459	6000	146	38.5	2.60622
606459	6000	147	37.125	2.63097
606459	6000	148	35.2083	2.45774
606459	6000	149	35.2917	2.6786
606459	6000	150	32.875	2.01364
606459	6000	151	31.7083	1.7518
606459	6000	152	29.1667	3.22162
606459	6000	153	27	2.3209
606459	6000	154	27.4167	2.51909
606459	6000	155	28.2083	1.84657
606459	6000	156	28.2083	2.24462
606459	6000	157	25.875	2.3457
606459	6000	158	23.8333	2.11923
606459	6000	159	22.25	1.54389
606459	6000	160	21.25	1.81721
606459	6000	161	21.25	1.43648
606459	6000	162	22.125	2.03427
606459	6000	163	20.125	1.49378
606459	6000	164	17.875	1.99976
606459	6000	165	19.2917	2.4845
606459	6000	166	18.7083	1.76762
606459	6000	167	15.2083	1.49688
606459	6000	168	14.7083	1.6495
606459	6000	169	16.9583	1.7518
606459	6000	170	15.75	1.92507
606459	6000	171	13.9167	1.76541
606459	6000	172	13.75	1.28834
606459	6000	173	13.1667	1.78403
606459	6000	174	12.625	1.54643
606459	6000	175	11.5417	1.14978
606459	6000	176	11.0833	1.11248
606459	6000	177	11.3333	1.74459
606459	6000	178	12.0417	1.27329
606459	6000	179	10.25	1.67782
1.12458e+06	10000	0	1.875	0.446333
1.12458e+06	10000	1	2.25	0.638064
1.12458e+06	10000	2	2.16667	0.523199
1.12458e+06	10000	3	2.20833	0.486138
1.12458e+06	10000	4	2.66667	0.573945
1.12458e+06	10000	5	4.08333	0.645295
1.12458e+06	10000	6	3.45833	0.773447
1.12458e+06	10000	7	3.70833	0.939977
1.12458e+06	10000	8	4.95833	0.95467
1.12458e+06	10000	9	6.5	1.09408
1.12458e+06	10000	10	7.08333	1.16743
1.12458e+06	10000	11	9.20833	1.62184
1.12458e+06	10000	12	11.0417	2.06202
1.12458e+06	10000	13	16.75	2.90008
1.12458e+06	10000	14	19.7917	3.65728
1.12458e+06	10000	15	23.4583	3.55891
1.12458e+06	10000	16	33.1667	4.33747
1.12458e+06	10000	17	40.75	6.60072
1.12458e+06	10000	18	52.2083	7.21017
1.12458e+06	10000	19	66.2917	10.1183
1.12458e+06	10000	20	85.6667	12.9457
1.12458e+06	10000	21	109.292	14.4394
1.12458e+06	10000	22	139.708	19.1206
1.12458e+06	10000	23	176.667	23.409
1.12458e+06	10000	24	213.75	28.6022
1.12458e+06	10000	25	264.917	32.0277
1.12458e+06	10000	26	308.792	35.358
1.12458e+06	10000	27	370.5	40.8063
1.12458e+06	10000	28	429.708	43.8943
1.12458e+06	10000	29	495.75	48.642
1.12458e+06	10000	30	551.167	52.0726
1.12458e+06	10000	31	596.333	49.0882
1.12458e+06	10000	32	655.875	52.634
1.12458e+06	10000	33	713.833	50.6599
1.12458e+06	10000	34	761.875	50.2657
1.12458e+06	10000	35	788.792	53.1847
1.12458e+06	10000	36	829.167	47.5542
1.12458e+06	10000	37	849.833	44.9519
1.12458e+06	10000	38	859.875	41.6667
1.12458e+06	10000	39	863.5	33.348
1.12458e+06	10000	40	875.917	36.1725
1.12458e+06	10000	41	865.875	29.3629
1.12458e+06	10000	42	861.708	25.7923
1.12458e+06	10000	43	854.042	22.264
1.12458e+06	10000	44	835.333	23.8875
1.12458e+06	10000	45	819.458	28.8492
1.12458e+06	10000	46	808.25	24.913
1.12458e+06	10000	47	791.542	23.3072
1.12458e+06	10000	48	761.542	31.4236
1.12458e+06	10000	49	745.875	29.3709
1.12458e+06	10000	50	719.125	29.9921
1.12458e+06	10000	51	714.042	36.5729
1.12458e+06	10000	52	683.583	35.1836
1.12458e+06	10000	53	671.417	38.5005
1.12458e+06	10000	54	636.667	37.033
1.12458e+06	10000	55	617.875	36.5312
1.12458e+06	10000	56	602.542	34.948
1.12458e+06	10000	57	581.042	29.4108
1.12458e+06	10000	58	551.875	30.1099
1.12458e+06	10000	59	545.958	25.8258
1.12458e+06	10000	60	529.25	24.9169
1.12458e+06	10000	61	507.917	19.4148
1.12458e+06	10000	62	493.667	20.6353
1.12458e+06	10000	63	492.625	19.0668
1.12458e+06	10000	64	476.167	17.7445
1.12458e+06	10000	65	472.375	13.9228
1.12458e+06	10000	66	462.667	13.4499
1.12458e+06	10000	67	443.708	12.5875
1.12458e+06	10000	68	430.542	10.8713
1.12458e+06	10000	69	424.333	9.16491
1.12458e+06	10000	70	424.875	11.1477
1.12458e+06	10000	71	411.25	11.0593
1.12458e+06	10000	72	401.583	10.568
1.12458e+06	10000	73	400.417	7.65942
1.12458e+06	10000	74	396.292	9.20039
1.12458e+06	10000	75	375.958	7.68714
1.12458e+06	10000	76	370.625	8.50164
1.12458e+06	10000	77	361.458	9.89117
1.12458e+06	10000	78	357.708	9.1807
1.12458e+06	10000	79	356.125	7.92416
1.12458e+06	10000	80	346.75	8.10043
1.12458e+06	10000	81	327.5	8.90794
1.12458e+06	10000	82	326.542	10.0233
1.12458e+06	10000	83	325.5	8.24244
1.12458e+06	10000	84	316.958	9.41794
1.12458e+06	10000	85	312.417	8.14042
1.12458e+06	10000	86	305.458	5.94823
1.12458e+06	10000	87	300.583	7.73807
1.12458e+06	10000	88	286.375	6.90229
1.12458e+06	10000	89	285	9.2453
1.12458e+06	10000	90	272.417	6.39145
1.12458e+06	10000	91	266.333	6.67246
1.12458e+06	10000	92	261.708	6.95419
1.12458e+06	10000	93	256.833	5.88079
1.12458e+06	10000	94	254.25	7.27864
1.12458e+06	10000	95	245.458	7.77402
1.12458e+06	10000	96	237.25	5.57907
1.12458e+06	10000	97	231.667	7.61637
1.12458e+06	10000	98	227.333	7.26947
1.12458e+06	10000	99	222.542	7.02736
1.12458e+06	10000	100	218.167	5.24262
1.12458e+06	10000	101	204.958	5.78872
1.12458e+06	10000	102	198.292	5.88057
1.12458e+06	10000	103	197.458	6.19355
1.12458e+06	10000	104	190.917	8.55152
1.12458e+06	10000	105	182.458	6.41977
1.12458e+06	10000	106	179.792	5.39094
1.12458e+06	10000	107	168.167	6.13675
1.12458e+06	10000	108	165.125	6.78996
1.12458e+06	10000	109	160.833	6.49809
1.12458e+06	10000	110	154.167	5.12311
1.12458e+06	10000	111	152.75	7.42349
1.12458e+06	10000	112	150.333	6.41183
1.12458e+06	10000	113	143.417	5.37664
1.12458e+06	10000	114	137.333	5.24925
1.12458e+06	10000	115	133.125	6.50627
1.12458e+06	10000	116	126.333	5.6834
1.12458e+06	10000	117	123.208	5.5999
1.12458e+06	10000	118	120.167	5.17179
1.12458e+06	10000	119	114.917	5.43586
1.12458e+06	10000	120	113.458	4.80821
1.12458e+06	10000	121	111.667	4.84094
1.12458e+06	10000	122	102.958	3.71112
1.12458e+06	10000	123	101.208	5.6801
1.12458e+06	10000	124	100.083	4.29757
1.12458e+06	10000	125	91.25	3.25083
1.12458e+06	10000	126	92.7917	4.24718
1.12458e+06	10000	127	88.3333	5.50171
1.12458e+06	10000	128	88	5.40386
1.12458e+06	10000	129	80.9167	4.5798
1.12458e+06	10000	130	76.1667	4.53052
1.12458e+06	10000	131	76.0417	3.53635
1.12458e+06	10000	132	73.0417	3.25773
1.12458e+06	10000	133	70.9583	3.66204
1.12458e+06	10000	134	67.3333	3.87656
1.12458e+06	10000	135	63.25	3.41577
1.12458e+06	10000	136	63.5	2.73902
1.12458e+06	10000	137	62.2083	4.40484
1.12458e+06	10000	138	57.6667	2.68427
1.12458e+06	10000	139	57.9583	3.13804
1.12458e+06	10000	140	53.5	2.90906
1.12458e+06	10000	141	54.5	3.08327
1.12458e+06	10000	142	49.9583	2.51512
1.12458e+06	10000	143	49.9583	3.09337
1.12458e+06	10000	144	47.7917	3.65728
1.12458e+06	10000	145	46.2917	3.53438
1.12458e+06	10000	146	45.0833	2.64312
1.12458e+06	10000	147	43.2083	3.29702
1.12458e+06	10000	148	39.4583	1.72175
1.12458e+06	10000	149	39.9167	2.37695
1.12458e+06	10000	150	39.1667	2.26219
1.12458e+06	10000	151	36.875	2.50912
1.12458e+06	10000	152	34.8333	2.52668
1.12458e+06	10000	153	33.9583	3.0159
1.12458e+06	10000	154	31.9167	2.68492
1.12458e+06	10000	155	31.4167	2.73118
1.12458e+06	10000	156	31	1.99868
1.12458e+06	10000	157	29.5	2.3507
1.12458e+06	10000	158	26.375	2.42304
1.12458e+06	10000	159	26.5	2.08391
1.12458e+06	10000	160	25.1667	1.59015
1.12458e+06	10000	161	24.125	2.21445
1.12458e+06	10000	162	22.9167	2.07359
1.12458e+06	10000	163	22.1667	1.79957
1.12458e+06	10000	164	21.75	2.06124
1.12458e+06	10000	165	20.8333	1.39427
1.12458e+06	10000	166	18.9167	1.75354
1.12458e+06	10000	167	18.9167	1.53334
1.12458e+06	10000	168	18.25	1.54839
1.12458e+06	10000	169	16.8333	1.93379
1.12458e+06	10000	170	16.7917	1.52452
1.12458e+06	10000	171	16.0833	1.64712
1.12458e+06	10000	172	14.75	1.96443
1.12458e+06	10000	173	15.625	1.76893
1.12458e+06	10000	174	13.8333	1.60323
1.12458e+06	10000	175	14.3333	1.11092
1.12458e+06	10000	176	13.1667	1.63333
1.12458e+06	10000	177	12.6667	1.51852
1.12458e+06	10000	178	12.5	1.43041
1.12458e+06	10000	179	11.375	1.21931
2.19783e+06	20000	0	1.70833	0.661932
2.19783e+06	20000	1	3	0.697968
2.19783e+06	20000	2	2.41667	0.53957
2.19783e+06	20000	3	2	0.553367
2.19783e+06	20000	4	3	0.755429
2.19783e+06	20000	5	3.5	0.782578
2.19783e+06	20000	6	3.79167	0.612796
2.19783e+06	20000	7	3.75	0.627062
2.19783e+06	20000	8	4.25	0.819502
2.19783e+06	20000	9	4.25	0.930832
2.19783e+06	20000	10	5.875	1.02385
2.19783e+06	20000	11	7.41667	1.08717
2.19783e+06	20000	12	8.625	1.30744
2.19783e+06	20000	13	8.5	1.42554
2.19783e+06	20000	14	12.75	1.99955
2.19783e+06	20000	15	17.4167	2.02605
2.19783e+06	20000	16	19.875	2.55583
2.19783e+06	20000	17	25.8333	3.78021
2.19783e+06	20000	18	31.375	4.45485
2.19783e+06	20000	19	39.5833	5.34028
2.19783e+06	20000	20	51.875	6.29423
2.19783e+06	20000	21	63.0833	8.39381
2.19783e+06	20000	22	81.7083	9.8379
2.19783e+06	20000	23	99.0833	12.6319
2.19783e+06	20000	24	126.167	14.9979
2.19783e+06	20000	25	155.375	16.5232
2.19783e+06	20000	26	178.333	18.1413
2.19783e+06	20000	27	213.375	19.8171
2.19783e+06	20000	28	242.25	22.8038
2.19783e+06	20000	29	281.792	26.5128
2.19783e+06	20000	30	320.5	25.9447
2.19783e+06	20000	31	355.333	30.3735
2.19783e+06	20000	32	389.208	28.8446
2.19783e+06	20000	33	421.833	30.132
2.19783e+06	20000	34	455.667	28.3358
2.19783e+06	20000	35	484.458	32.2821
2.19783e+06	20000	36	507.25	27.1425
2.19783e+06	20000	37	530.292	27.641
2.19783e+06	20000	38	553.167	25.8767
2.19783e+06	20000	39	567.292	25.5491
2.19783e+06	20000	40	590.167	23.4384
2.19783e+06	20000	41	600.333	22.4709
2.19783e+06	20000	42	609.458	21.9179
2.19783e+06	20000	43	625.292	19.2125
2.19783e+06	20000	44	629.542	20.2187
2.19783e+06	20000	45	646.375	19.4187
2.19783e+06	20000	46	651.417	19.9386
2.19783e+06	20000	47	649	17.0832
2.19783e+06	20000	48	658.167	18.7625
2.19783e+06	20000	49	656.25	20.0976
2.19783e+06	20000	50	648.875	17.5971
2.19783e+06	20000	51	654.458	13.9149
2.19783e+06	20000	52	653.25	17.5523
2.19783e+06	20000	53	657.333	18.0848
2.19783e+06	20000	54	645.667	18.4268
2.19783e+06	20000	55	643.292	17.6631
2.19783e+06	20000	56	624.667	14.1862
2.19783e+06	20000	57	628.75	17.8367
2.19783e+06	20000	58	615.958	12.3627
2.19783e+06	20000	59	612.5	14.5993
2.19783e+06	20000	60	604.083	15.2516
2.19783e+06	20000	61	594.75	14.5989
2.19783e+06	20000	62	578.833	10.0112
2.19783e+06	20000	63	580.75	13.4357
2.19783e+06	20000	64	566.292	14.19
2.19783e+06	20000	65	561.375	11.351
2.19783e+06	20000	66	553.333	12.3199
2.19783e+06	20000	67	536.5	14.2373
2.19783e+06	20000	68	527.208	9.11795
2.19783e+06	20000	69	516	13.6717
2.19783e+06	20000	70	507.125	13.6871
2.19783e+06	20000	71	499.125	12.8911
2.19783e+06	20000	72	484.458	10.4409
2.19783e+06	20000	73	489.167	11.1816
2.19783e+06	20000	74	470.125	8.12621
2.19783e+06	20000	75	458.792	11.2371
2.19783e+06	20000	76	451.917	7.34684
2.19783e+06	20000	77	431.792	14.3303
2.19783e+06	20000	78	432.667	9.22395
2.19783e+06	20000	79	419.875	12.7035
2.19783e+06	20000	80	413.083	11.0421
2.19783e+06	20000	81	404.875	11.4228
2.19783e+06	20000	82	391.917	8.1975
2.19783e+06	20000	83	385.75	10.011
2.19783e+06	20000	84	371.958	10.2196
2.19783e+06	20000	85	359.625	9.09107
2.19783e+06	20000	86	352.208	7.81331
2.19783e+06	20000	87	349.125	7.079
2.19783e+06	20000	88	332.25	8.35253
2.19783e+06	20000	89	324.125	7.74112
2.19783e+06	20000	90	322.167	10.7914
2.19783e+06	20000	91	311.458	10.0233
2.19783e+06	20000	92	304.417	8.21531
2.19783e+06	20000	93	294.333	8.29099
2.19783e+06	20000	94	288.25	6.43305
2.19783e+06	20000	95	278.542	6.9946
2.19783e+06	20000	96	276.125	9.02769
2.19783e+06	20000	97	268.875	8.2503
2.19783e+06	20000	98	259.417	7.63941
2.19783e+06	20000	99	252.917	5.20164
2.19783e+06	20000	100	241.125	6.20739
2.19783e+06	20000	101	242.208	7.95979
2.19783e+06	20000	102	228.833	6.86777
2.19783e+06	20000	103	225.833	7.86452
2.19783e+06	20000	104	211.917	6.38709
2.19783e+06	20000	105	210.583	5.2971
2.19783e+06	20000	106	199.208	8.55157
2.19783e+06	20000	107	190.417	7.54776
2.19783e+06	20000	108	182.708	6.79013
2.19783e+06	20000	109	180.125	7.33015
2.19783e+06	20000	110	176.083	5.73854
2.19783e+06	20000	111	173.292	5.81631
2.19783e+06	20000	112	168.417	7.92732
2.19783e+06	20000	113	159.25	7.33768
2.19783e+06	20000	114	155.875	5.46827
2.19783e+06	20000	115	152.75	5.64479
2.19783e+06	20000	116	148.917	6.42945
2.19783e+06	20000	117	142.083	6.56654
2.19783e+06	20000	118	137.833	6.20106
2.19783e+06	20000	119	127.542	6.33355
2.19783e+06	20000	120	122.958	4.83635
2.19783e+06	20000	121	118.583	5.975
2.19783e+06	20000	122	115.333	4.47955
2.19783e+06	20000	123	108.375	5.43956
2.19783e+06	20000	124	105.167	5.19863
2.19783e+06	20000	125	110.167	4.45149
2.19783e+06	20000	126	104.792	4.57533
2.19783e+06	20000	127	98.625	5.61458
2.19783e+06	20000	128	94.5	3.55112
2.19783e+06	20000	129	88.9167	5.60355
2.19783e+06	20000	130	88	4.21101
2.19783e+06	20000	131	84.375	3.61486
2.19783e+06	20000	132	81.4583	3.56673
2.19783e+06	20000	133	78.9167	3.21351
2.19783e+06	20000	134	77.625	4.24363
2.19783e+06	20000	135	74.4583	3.79365
2.19783e+06	20000	136	68.25	3.18814
2.19783e+06	20000	137	66.125	3.04766
2.19783e+06	20000	138	62.4167	3.38438
2.19783e+06	20000	139	61.4583	3.79365
2.19783e+06	20000	140	59.2083	3.6876
2.19783e+06	20000	141	56.625	3.5153
2.19783e+06	20000	142	55.5417	3.42132
2.19783e+06	20000	143	54.4167	2.43194
2.19783e+06	20000	144	53	3.18104
2.19783e+06	20000	145	48.6667	2.57037
2.19783e+06	20000	146	50.6667	3.69832
2.19783e+06	20000	147	46.75	2.79
2.19783e+06	20000	148	43.5417	2.71088
2.19783e+06	20000	149	42	2.40629
2.19783e+06	20000	150	38.5417	2.92571
2.19783e+06	20000	151	37.75	2.45567
2.19783e+06	20000	152	38.5417	2.67989
2.19783e+06	20000	153	36.875	3.09749
2.19783e+06	20000	154	35.6667	2.78605
2.19783e+06	20000	155	33.4583	2.04337
2.19783e+06	20000	156	34.25	3.0906
2.19783e+06	20000	157	30.2083	2.93047
2.19783e+06	20000	158	31.0417	3.01128
2.19783e+06	20000	159	27.5833	2.19108
2.19783e+06	20000	160	27.9583	2.23997
2.19783e+06	20000	161	26.25	2.11786
2.19783e+06	20000	162	26	2.35956
2.19783e+06	20000	163	24.9167	2.38863
2.19783e+06	20000	164	24.7917	1.52908
2.19783e+06	20000	165	24.875	1.95043
2.19783e+06	20000	166	21.1667	1.99054
2.19783e+06	20000	167	20.1667	1.84162
2.19783e+06	20000	168	19.5833	1.35504
2.19783e+06	20000	169	19	1.50624
2.19783e+06	20000	170	18.125	1.69459
2.19783e+06	20000	171	17.3333	1.94813
2.19783e+06	20000	172	16.25	1.7902
2.19783e+06	20000	173	15.625	1.75709
2.19783e+06	20000	174	16.7083	1.67877
2.19783e+06	20000	175	14.4583	1.5695
2.19783e+06	20000	176	13	1.46882
2.19783e+06	20000	177	13.4583	1.49222
2.19783e+06	20000	178	14.0833	1.36016
2.19783e+06	20000	179	13.2917	1.37827
5.45286e+06	45000	0	2.08333	0.470682
5.45286e+06	45000	1	2.25	0.700456
5.45286e+06	45000	2	2.45833	0.577722
5.45286e+06	45000	3	2	0.635332
5.45286e+06	45000	4	1.95833	0.322647
5.45286e+06	45000	5	2.29167	0.661932
5.45286e+06	45000	6	2.29167	0.651333
5.45286e+06	45000	7	2.95833	0.795624
5.45286e+06	45000	8	3.04167	0.804323
5.45286e+06	45000	9	3.58333	0.85007
5.45286e+06	45000	10	3.54167	0.745965
5.45286e+06	45000	11	4.625	0.978668
5.45286e+06	45000	12	5.29167	1.21167
5.45286e+06	45000	13	5.79167	0.898333
5.45286e+06	45000	14	7.875	1.27237
5.45286e+06	45000	15	8.54167	1.14371
5.45286e+06	45000	16	10.25	1.70253
5.45286e+06	45000	17	13.3333	2.13559
5.45286e+06	45000	18	15.6667	2.28667
5.45286e+06	45000	19	18.25	2.70901
5.45286e+06	45000	20	24.25	2.96886
5.45286e+06	45000	21	30.5833	3.79354
5.45286e+06	45000	22	36.0833	4.52322
5.45286e+06	45000	23	43.5833	5.98315
5.45286e+06	45000	24	55.5417	6.65712
5.45286e+06	45000	25	67.2083	8.15243
5.45286e+06	45000	26	80.625	8.72146
5.45286e+06	45000	27	93.0833	8.35891
5.45286e+06	45000	28	109.125	11.7519
5.45286e+06	45000	29	129.208	13.5767
5.45286e+06	45000	30	144.833	12.9409
5.45286e+06	45000	31	158.375	14.1327
5.45286e+06	45000	32	176.167	13.5175
5.45286e+06	45000	33	200.167	14.8534
5.45286e+06	45000	34	211.458	15.0721
5.45286e+06	45000	35	224	14.5778
5.45286e+06	45000	36	243.833	12.701
5.45286e+06	45000	37	255.875	14.1526
5.45286e+06	45000	38	270.542	13.9668
5.45286e+06	45000	39	276.875	14.4678
5.45286e+06	45000	40	295.208	14.8075
5.45286e+06	45000	41	303.75	13.3416
5.45286e+06	45000	42	317.208	13.8989
5.45286e+06	45000	43	329.292	10.9125
5.45286e+06	45000	44	338.375	13.5756
5.45286e+06	45000	45	346.458	9.51754
5.45286e+06	45000	46	356.375	11.967
5.45286e+06	45000	47	364.167	12.6845
5.45286e+06	45000	48	373.542	12.9947
5.45286e+06	45000	49	391.042	12.0485
5.45286e+06	45000	50	394.667	11.133
5.45286e+06	45000	51	410.167	8.72453
5.45286e+06	45000	52	412.542	8.1165
5.45286e+06	45000	53	422.375	8.30788
5.45286e+06	45000	54	415.875	8.94949
5.45286e+06	45000	55	427.833	8.82841
5.45286e+06	45000	56	432.708	11.0058
5.45286e+06	45000	57	441.292	9.72621
5.45286e+06	45000	58	453.125	9.45395
5.45286e+06	45000	59	447.25	7.974
5.45286e+06	45000	60	457.5	9.09197
5.45286e+06	45000	61	466.792	9.0035
5.45286e+06	45000	62	469.833	10.9851
5.45286e+06	45000	63	465.583	10.6455
5.45286e+06	45000	64	479.958	10.4665
5.45286e+06	45000	65	476.542	8.16097
5.45286e+06	45000	66	478.583	6.22821
5.45286e+06	45000	67	481.5	8.27615
5.45286e+06	45000	68	477.917	6.83756
5.45286e+06	45000	69	488	10.4369
5.45286e+06	45000	70	476.292	7.48439
5.45286e+06	45000	71	481.708	10.121
5.45286e+06	45000	72	478.292	9.35194
5.45286e+06	45000	73	472.042	7.97071
5.45286e+06	45000	74	475.083	9.39014
5.45286e+06	45000	75	469.292	8.0989
5.45286e+06	45000	76	468.667	9.97224
5.45286e+06	45000	77	463.625	8.71028
5.45286e+06	45000	78	463.375	8.1155
5.45286e+06	45000	79	452.375	10.3005
5.45286e+06	45000	80	449.625	8.22369
5.45286e+06	45000	81	452.833	9.45716
5.45286e+06	45000	82	437.625	7.43993
5.45286e+06	45000	83	431.958	8.65712
5.45286e+06	45000	84	430.083	9.04202
5.45286e+06	45000	85	427.792	11.4347
5.45286e+06	45000	86	408.333	9.54433
5.45286e+06	45000	87	408	7.26213
5.45286e+06	45000	88	395.958	11.1734
5.45286e+06	45000	89	388.708	8.93717
5.45286e+06	45000	90	383.125	10.2792
5.45286e+06	45000	91	375.292	8.62732
5.45286e+06	45000	92	367.042	9.3266
5.45286e+06	45000	93	355.708	8.41663
5.45286e+06	45000	94	345.167	8.88734
5.45286e+06	45000	95	340.75	10.1319
5.45286e+06	45000	96	335.833	6.75023
5.45286e+06	45000	97	321.083	7.48573
5.45286e+06	45000	98	310.417	9.77932
5.45286e+06	45000	99	308.875	9.20026
5.45286e+06	45000	100	294.5	8.9803
5.45286e+06	45000	101	289.917	10.0357
5.45286e+06	45000	102	280.417	8.16347
5.45286e+06	45000	103	271.167	6.8627
5.45286e+06	45000	104	264.167	7.84592
5.45286e+06	45000	105	251.125	6.67209
5.45286e+06	45000	106	256.417	7.40346
5.45286e+06	45000	107	244.417	8.64299
5.45286e+06	45000	108	230.125	6.66896
5.45286e+06	45000	109	225.833	5.97588
5.45286e+06	45000	110	222.292	6.62936
5.45286e+06	45000	111	213.75	7.29583
5.45286e+06	45000	112	206.25	6.47188
5.45286e+06	45000	113	200.375	7.64204
5.45286e+06	45000	114	193.542	5.79653
5.45286e+06	45000	115	184.583	7.73267
5.45286e+06	45000	116	182.667	8.09821
5.45286e+06	45000	117	171.375	6.96252
5.45286e+06	45000	118	165.375	8.17531
5.45286e+06	45000	119	160.833	5.90205
5.45286e+06	45000	120	158.083	7.54591
5.45286e+06	45000	121	151.792	5.48564
5.45286e+06	45000	122	148.083	6.96662
5.45286e+06	45000	123	142.042	5.12286
5.45286e+06	45000	124	136.042	5.10244
5.45286e+06	45000	125	133	4.22091
5.45286e+06	45000	126	124.875	6.5659
5.45286e+06	45000	127	122.625	5.02733
5.45286e+06	45000	128	116.833	4.46554
5.45286e+06	45000	129	112.042	4.86791
5.45286e+06	45000	130	109.833	5.23598
5.45286e+06	45000	131	104.125	4.42742
5.45286e+06	45000	132	104.958	4.28714
5.45286e+06	45000	133	95.5417	3.91641
5.45286e+06	45000	134	94.0417	3.8816
5.45286e+06	45000	135	91.6667	3.62419
5.45286e+06	45000	136	85.125	3.05678
5.45286e+06	45000	137	84.75	4.06511
5.45286e+06	45000	138	83.0417	4.16361
5.45286e+06	45000	139	76.4167	4.6671
5.45286e+06	45000	140	75.125	3.47848
5.45286e+06	45000	141	74.4583	3.75863
5.45286e+06	45000	142	69.4583	3.59781
5.45286e+06	45000	143	66.4583	3.57257
5.45286e+06	45000	144	62.8333	2.69978
5.45286e+06	45000	145	59.7917	4.46291
5.45286e+06	45000	146	57.7083	3.83289
5.45286e+06	45000	147	55.0417	3.52452
5.45286e+06	45000	148	53.2917	3.06398
5.45286e+06	45000	149	53.375	2.54355
5.45286e+06	45000	150	49.625	2.67166
5.45286e+06	45000	151	49.5833	3.21351
5.45286e+06	45000	152	47.0417	2.83265
5.45286e+06	45000	153	44.75	2.24856
5.45286e+06	45000	154	41.5833	2.67713
5.45286e+06	45000	155	42.0833	2.89688
5.45286e+06	45000	156	39.2083	3.19409
5.45286e+06	45000	157	40.875	3.45237
5.45286e+06	45000	158	35.4583	2.58202
5.45286e+06	45000	159	36.2083	2.85102
5.45286e+06	45000	160	35.5833	2.53287
5.45286e+06	45000	161	33.9167	2.21948
5.45286e+06	45000	162	30.9167	2.23199
5.45286e+06	45000	163	30.25	1.93229
5.45286e+06	45000	164	29.1667	2.13885
5.45286e+06	45000	165	28.3333	1.8188
5.45286e+06	45000	166	25.25	1.93588
5.45286e+06	45000	167	27.3333	1.86415
5.45286e+06	45000	168	25.25	2.28235
5.45286e+06	45000	169	22.8333	1.74459
5.45286e+06	45000	170	23.5	2.0091
5.45286e+06	45000	171	21.875	1.66141
5.45286e+06	45000	172	21.0417	1.95459
5.45286e+06	45000	173	19.9583	1.39832
5.45286e+06	45000	174	19.25	2.00996
5.45286e+06	45000	175	19.25	2.0272
5.45286e+06	45000	176	18.375	2.1328
5.45286e+06	45000	177	16.9167	1.39052
5.45286e+06	45000	178	14.5833	1.43
5.45286e+06	45000	179	16	1.37078
