1 0
3 1
7 2
8 3
9 4
10 5
11 6
12 7
13 8
14 9
15 10
16 11
17 12
18 13
20 14
21 15
23 16
24 17
25 18
26 19
27 20
28 21
29 22
30 23
31 24
32 25
33 26
34 27
36 28
37 29
38 30
39 31
40 32
41 33
42 34
43 35
44 36
45 37
46 38
47 39
48 40
49 41
50 42
51 43
52 44
53 45
54 46
55 47
56 48
57 49
58 50
59 51
60 52
61 53
62 54
63 55
64 56
65 57
66 58
67 59
68 60
69 61
70 62
71 63
72 64
73 65
74 66
75 67
76 68
77 69
78 70
79 71
81 72
82 73
83 74
84 75
85 76
86 77
87 78
88 79
89 80
90 81
91 82
92 83
93 84
94 85
95 86
96 87
97 88
98 89
99 90
100 91
101 92
102 93
103 94
104 95
105 96
106 97
107 98
108 99
109 100
110 101
111 102
112 103
113 104
114 105
115 106
116 107
117 108
118 109
120 110
121 111
122 112
123 113
124 114
125 115
126 116
127 117
128 118
129 119
130 120
131 121
132 122
133 123
134 124
135 125
136 126
137 127
138 128
139 129
140 130
141 131
142 132
143 133
144 134
145 135
146 136
147 137
148 138
149 139
150 140
151 141
152 142
153 143
154 144
155 145
156 146
158 147
159 148
160 149
161 150
163 151
164 152
165 153
166 154
167 155
168 156
169 157
170 158
171 159
172 160
173 161
174 162
175 163
176 164
177 165
178 166
179 167
180 168
181 169
182 170
183 171
184 172
185 173
186 174
187 175
188 176
189 177
190 178
191 179
192 180
193 181
194 182
195 183
196 184
197 185
198 186
199 187
200 188
201 189
202 190
203 191
204 192
205 193
206 194
207 195
208 196
209 197
210 198
211 199
212 200
213 201
215 202
216 203
217 204
218 205
220 206
221 207
222 208
223 209
224 210
225 211
226 212
227 213
228 214
229 215
230 216
231 217
232 218
233 219
234 220
235 221
236 222
237 223
238 224
239 225
240 226
241 227
242 228
243 229
244 230
245 231
246 232
247 233
248 234
250 235
251 236
252 237
253 238
254 239
255 240
256 241
257 242
258 243
259 244
260 245
261 246
262 247
263 248
264 249
265 250
266 251
267 252
269 253
270 254
271 255
272 256
273 257
274 258
275 259
276 260
277 261
278 262
279 263
280 264
281 265
282 266
283 267
284 268
285 269
286 270
287 271
288 272
290 273
291 274
292 275
293 276
294 277
295 278
298 279
299 280
300 281
301 282
302 283
303 284
304 285
305 286
306 287
307 288
308 289
309 290
310 291
311 292
312 293
313 294
314 295
315 296
316 297
317 298
318 299
319 300
320 301
321 302
322 303
323 304
324 305
325 306
326 307
327 308
328 309
329 310
330 311
331 312
332 313
333 314
335 315
336 316
337 317
339 318
340 319
341 320
342 321
343 322
344 323
345 324
346 325
348 326
349 327
350 328
351 329
352 330
353 331
354 332
355 333
356 334
357 335
358 336
359 337
360 338
361 339
362 340
363 341
364 342
365 343
366 344
367 345
368 346
369 347
370 348
371 349
372 350
373 351
374 352
375 353
376 354
377 355
378 356
379 357
380 358
381 359
382 360
383 361
384 362
385 363
386 364
388 365
389 366
390 367
391 368
392 369
393 370
394 371
395 372
396 373
397 374
398 375
399 376
400 377
401 378
402 379
403 380
405 381
406 382
407 383
408 384
409 385
410 386
411 387
412 388
413 389
414 390
415 391
416 392
417 393
418 394
419 395
420 396
421 397
422 398
423 399
424 400
425 401
426 402
427 403
428 404
429 405
430 406
431 407
432 408
433 409
434 410
435 411
436 412
437 413
438 414
439 415
440 416
441 417
442 418
443 419
444 420
445 421
446 422
447 423
448 424
449 425
450 426
451 427
452 428
453 429
454 430
455 431
456 432
457 433
458 434
459 435
460 436
461 437
462 438
463 439
464 440
465 441
466 442
467 443
468 444
469 445
470 446
471 447
472 448
473 449
474 450
475 451
476 452
477 453
479 454
481 455
482 456
483 457
484 458
485 459
486 460
487 461
488 462
489 463
490 464
491 465
492 466
493 467
494 468
495 469
496 470
497 471
498 472
499 473
500 474
501 475
502 476
503 477
504 478
505 479
506 480
507 481
508 482
509 483
510 484
511 485
512 486
513 487
514 488
515 489
516 490
517 491
518 492
519 493
520 494
521 495
522 496
523 497
524 498
525 499
526 500
527 501
528 502
529 503
530 504
531 505
532 506
533 507
534 508
535 509
536 510
537 511
538 512
539 513
540 514
542 515
543 516
544 517
545 518
546 519
547 520
548 521
549 522
550 523
551 524
552 525
553 526
554 527
556 528
557 529
558 530
560 531
561 532
562 533
563 534
564 535
565 536
566 537
567 538
568 539
569 540
570 541
571 542
572 543
573 544
574 545
575 546
576 547
577 548
578 549
579 550
580 551
581 552
582 553
583 554
584 555
585 556
586 557
587 558
588 559
589 560
590 561
591 562
592 563
593 564
594 565
595 566
596 567
597 568
598 569
599 570
600 571
601 572
602 573
603 574
604 575
605 576
606 577
607 578
608 579
609 580
610 581
611 582
612 583
613 584
614 585
615 586
616 587
617 588
618 589
619 590
620 591
621 592
622 593
623 594
624 595
625 596
626 597
627 598
628 599
629 600
630 601
631 602
632 603
633 604
634 605
635 606
636 607
637 608
638 609
639 610
640 611
641 612
642 613
643 614
644 615
645 616
648 617
649 618
650 619
651 620
653 621
654 622
655 623
656 624
657 625
658 626
660 627
661 628
662 629
663 630
664 631
665 632
666 633
667 634
668 635
669 636
670 637
672 638
673 639
674 640
675 641
677 642
678 643
679 644
680 645
681 646
682 647
683 648
684 649
685 650
686 651
687 652
688 653
689 654
690 655
691 656
692 657
693 658
694 659
696 660
698 661
699 662
700 663
701 664
702 665
703 666
708 667
709 668
710 669
711 670
712 671
713 672
714 673
715 674
716 675
717 676
718 677
719 678
720 679
721 680
722 681
723 682
724 683
725 684
727 685
728 686
729 687
730 688
731 689
732 690
733 691
734 692
735 693
736 694
737 695
739 696
740 697
741 698
742 699
743 700
744 701
745 702
748 703
749 704
750 705
751 706
752 707
753 708
754 709
755 710
756 711
757 712
758 713
759 714
760 715
761 716
768 717
769 718
795 719
797 720
835 721
836 722
837 723
838 724
839 725
840 726
841 727
842 728
843 729
844 730
845 731
847 732
848 733
849 734
850 735
851 736
852 737
853 738
854 739
855 740
939 741
940 742
941 743
942 744
943 745
944 746
945 747
946 748
947 749
948 750
950 751
951 752
952 753
953 754
954 755
955 756
956 757
957 758
958 759
959 760
960 761
961 762
962 763
963 764
964 765
965 766
966 767
968 768
969 769
970 770
972 771
973 772
974 773
975 774
976 775
977 776
978 777
979 778
980 779
981 780
982 781
983 782
984 783
986 784
987 785
988 786
989 787
990 788
991 789
992 790
993 791
995 792
996 793
997 794
998 795
999 796
1001 797
1003 798
1006 799
1008 800
1009 801
1017 802
1020 803
1021 804
1022 805
1024 806
1025 807
1026 808
1028 809
1032 810
1034 811
1035 812
1036 813
1038 814
1043 815
1048 816
1049 817
1050 818
1051 819
1066 820
1069 821
1070 822
1074 823
1075 824
1141 825
