0 48 3550148.622426838
1 261 1089564.1918165754
2 1798 246370.7614107394
3 64 701889.9284472589
4 18380 726694.413382297
5 2434 388742.57217413466
6 26840 914074.7433397579
7 16284 460093.8318943819
8 25106 485394.8542739573
9 6240 207472.38196426048
10 1872 91999.78970306576
11 4269 196263.14576841076
12 3267 334558.0720180544
13 30 162578.20477290484
14 2088 217713.95597238065
15 85 472113.964894745
16 11848 249191.86832648847
17 9345 149459.47887664873
18 12322 689204.0771735173
19 2047 181354.89381133835
20 22795 1566782.512108691
21 2092 967463.3347708498
22 14 282398.7171769397
23 4064 1160490.137946365
24 261 226215.11815733323
25 5931 277175.86322011106
26 41449 1230492.383649526
27 73 2046349.0568813768
28 44417 1990547.8175763194
29 49997 1048820.1061334317
30 16151 549700.2694025278
31 16236 411833.19801939855
32 22506 590714.1000782099
33 22075 818378.3363052832
34 4842 883696.3238468863
35 1429 409848.1443254681
36 6177 713826.7155505728
37 14128 533222.3884887097
38 27090 943107.9778313499
39 22273 668560.0899411176
40 15962 287500.6521202219
41 7525 292503.29443297087
42 7867 789194.6185338461
43 8454 527923.288044641
44 9921 764361.5747216523
45 6474 475500.84990441235
46 21988 644969.7955793574
47 10244 654778.8624264459
48 14425 537513.4024241829
49 6397 513153.68924788095
50 15269 706390.5988564524
51 16733 411335.80750864465
52 12158 360589.5300249883
53 10311 506818.80205166485
54 2898 353884.73211483064
55 2426 460664.54675126384
56 11047 321412.6031744795
57 4069 242710.1075593625
58 19932 612350.4333661761
59 19654 1062635.7441130131
60 5807 348967.44505967473
61 11008 667530.7357169074
62 8913 317217.5566775779
63 5553 423788.9379145073
64 17281 594487.8523132049
65 13850 446158.2854052735
66 5243 168757.2883179567
67 12342 401253.25745277357
68 7058 478290.65483392664
69 10758 482005.80975098175
70 3188 118193.45981357816
71 5324 153930.70456677533
72 1691 79568.51648546802
73 5746 212481.7068357202
74 4793 1015433.6031495236
75 283 239695.50317712696
76 2869 372529.4584713529
77 7324 463089.1124723423
78 14122 2070643.454776345
79 9633 757914.7080083294
80 14733 986455.6176561665
81 7922 304874.32979622314
82 11298 436880.68438784877
83 6112 506689.79547089664
84 14430 904971.6637760337
85 20328 769916.0610766764
86 3137 319435.4383006998
87 2051 367328.96085865813
88 2959 853385.1307202906
89 603 488151.43481889163
90 10474 538584.3634317535
91 16333 306986.27062433324
92 19868 504192.04598554614
93 2014 291508.7602963936
94 28579 849112.3245882178
95 14693 554738.4792028754
96 34641 751300.2771110982
97 21325 523975.78043350385
98 24518 633442.330278975
99 18965 520651.32627783983
100 14146 394902.32073745626
101 17216 484270.505606384
102 6926 190588.32188147717
103 30798 738747.381436938
104 26609 848622.7579167645
105 33218 1177813.7366582623
106 45205 1111030.0536224958
107 17965 249720.68137004029
108 29719 518272.46212998265
109 14167 324060.01420940994
110 21097 766619.8939911141
111 14400 442134.4792084644
112 27243 584069.8987181757
113 8454 287677.6670534954
114 11555 399031.2563370924
115 13212 464232.06504952663
116 3531 104644.3746242462
117 4964 1564058.2765000698
118 3208 270845.7097557302
119 11815 457865.5674941082
120 5857 306434.6706097974
121 10701 506714.2695963738
122 1432 188373.54848320165
123 3558 1017912.2223510945
124 6099 665076.7500310426
125 15556 625382.9525137756
126 9082 835108.9287286445
127 3893 254891.74418505927
128 9462 692586.6393695676
129 10554 675304.1979320504
130 10128 553057.5996903401
131 5620 438136.8931462219
132 4068 177275.8122103275
133 3855 536190.2113634961
134 6713 447556.5378444366
135 5212 379498.8271726413
136 6430 468494.69752998237
137 19359 1080583.5921100925
138 10223 626642.4030599943
139 1707 181543.96127281687
140 3561 133686.78848601168
141 764 518457.5007260323
142 4446 400664.9839902496
143 1790 336132.83942274196
144 10687 542036.3031646262
145 3054 890394.195842123
146 2609 598471.7939881328
147 83 434795.12553577474
148 4153 877793.4249763595
149 3128 765891.8094021219
150 7158 851345.2369550541
151 4178 355372.4796140106
152 3214 265301.6542214216
153 2882 269324.1229176647
154 2551 166767.5266936926
155 4715 717439.4668422695
156 4745 662540.771974056
157 2303 207961.88203287547
158 2469 785406.817814716
159 6787 347656.70821678475
160 7289 667333.6924611118
161 4346 461120.49910011544
162 4813 153097.0753811829
163 10173 458687.49402398133
164 10259 628885.055932117
165 1585 176262.6388526746
166 4348 341925.59786153183
167 9487 461113.05122444825
168 12474 610647.3660021452
169 6649 552689.38911214
170 10546 332092.7327018184
171 6872 281975.0263075063
172 8452 382111.81220005796
173 14676 492532.5449180008
174 12522 350842.41953851905
175 25357 1024736.8950262389
176 9631 248232.7412350667
177 12091 309535.22651856055
178 21194 477073.52730410965
179 13879 364901.0831513358
180 52362 2477380.7337331204
181 87 2709212.828949977
182 40224 896334.7626123971
183 27534 810503.4930555506
184 19235 548317.1884530142
185 28265 613511.8729852348
186 21606 661462.7272205777
187 10648 425892.5887224172
188 17756 532066.950369468
189 11459 897990.6965354362
190 9520 327234.8496225326
191 11045 341095.0076066343
192 19093 797791.1249713737
193 6891 274106.15180198575
194 6583 253603.41748575112
195 12730 511999.0923028917
196 4147 219746.3807635994
197 5618 214198.6109316188
198 7941 304755.3886402339
199 4213 191353.57149637418
200 12680 405003.4262495111
201 5478 448984.5675238076
202 8413 509673.3864033142
203 8536 351583.1456129692
204 5490 330718.5468918891
205 14094 578694.815936104
206 1298 113380.16616163033
207 2722 171332.3232913292
208 4371 351883.92192459264
209 1834 231876.43177425975
210 1691 187208.57437706803
211 1810 148171.91153332777
212 1547 183364.25404555906
213 3268 338883.1601243777
214 1655 184589.91689600164
215 1692 157297.78122947324
216 2495 243010.77319585835
217 1851 292875.4565339052
218 734 108077.38618096533
219 1836 131353.06874678057
220 1437 283697.0592883909
221 3200 276535.94758705393
222 1630 119002.36341457126
223 1604 109954.09015906185
224 2053 131851.9418594942
225 2043 228783.73208389455
226 1350 140427.42712097216
227 1747 257553.29944983366
228 32 130483.82942143176
229 1246 130848.89486529752
230 6378 474996.11658160377
231 4899 362896.69733218837
232 1007 206768.36823718698
233 1327 261135.47148654982
234 6963 498250.2709122727
235 1928 414472.77270104067
236 7631 344299.5801215492
237 5919 296355.0994395177
238 1273 124491.71995258606
239 464 177425.3270513187
240 4240 276135.93565774127
241 1689 203725.86598836503
242 2624 182036.50597710206
243 1434 338800.149985744
244 2737 428165.64666510624
245 2117 149159.55588925787
246 3750 353839.1650470769
247 2549 185982.2376501852
248 2681 228080.55268895123
249 3158 300140.30674804363
250 587 474351.37950102426
251 3005 206141.94605749552
252 1092 248862.69698662357
253 3525 99155.0845266821
254 4379 319484.1936359694
255 1098 219462.05259531987
256 6464 336198.3179241242
257 4595 193045.05858922284
258 3046 153486.97716207046
259 7372 464029.00688246544
260 5335 356615.2028870789
261 4685 207124.39904533216
262 3055 194579.57711159394
263 5913 368890.05824453005
264 3812 178759.9893997465
265 4501 306983.7979999331
266 6279 480633.9505318987
267 1363 147841.13327713712
268 2513 237542.58115670743
269 2373 158515.32928275858
270 2519 217288.34639145734
271 5772 307959.23126090586
272 6005 311336.2250189062
273 9527 533207.3441745742
274 2736 180212.84497289083
275 9823 500792.0326873879
276 7538 191894.74889143062
277 31 541610.4634987722
278 4840 528264.3457836348
279 2398 608990.2060745041
280 1920 1617891.715366111
281 6019 631622.3620734344
282 12015 705914.0133179507
283 561 1099993.4585242043
284 12821 419842.27826114005
285 510 7441361.095314649
286 4626 564294.2501671386
287 1949 1176693.5311897278
288 1960 398523.7706626002
289 11 1073987.225959874
290 15274 1080419.6173753468
291 16480 1442713.0338429785
292 20744 747073.4039504117
293 21789 631739.2994666108
294 9262 586395.6883937112
295 20812 859693.2552813289
296 11137 580585.7014106539
297 9401 429118.6243935629
298 21415 846031.0626024264
299 11252 718375.3730513143
300 9145 598642.3838837198
301 4872 377734.4721478929
302 8690 638751.1501844324
303 23706 1134033.9063153248
304 10780 514272.6549782727
305 260 1333120.5894365106
306 177 591028.543312896
307 285 1012736.5405171827
308 3062 796515.7304499395
309 2353 832358.5151438271
310 99 412176.8654321619
311 7696 380304.51910792483
312 47 147617.328938
313 275 449586.898213508
314 2387 186051.94306099287
315 5264 333151.35235604655
316 2382 182987.89500494933
317 4664 233210.34958675707
318 1760 235310.94080566106
319 4912 381827.5707967303
320 977 225463.00938102038
321 1484 191657.471012762
322 16 485148.3349051447
323 2632 360704.1532350793
324 4914 200817.4781055667
325 397 105491.04508309098
326 4620 122811.45934425792
327 3183 210651.4412846804
328 1701 339863.54618395265
329 890 144132.24263815765
330 970 153142.64635481403
331 2144 131598.65537406036
332 4174 317505.44058944046
333 4282 262001.20180538733
334 2111 177697.7968554131
335 164 259507.33499801139
336 1180 113173.8956320576
337 5296 314566.59960329474
338 6715 417002.30805370247
339 3341 196878.87064427507
340 1266 373169.6377887432
341 335 625726.1933247861
342 2162 513410.68358784274
343 68 246300.39071166556
344 1275 164921.28320461247
345 296 443164.48311556247
346 68 271773.81986209436
347 196 386847.1895007166
348 597 573217.0585690486
349 1155 842045.0977446237
350 5714 257169.42593105903
351 13088 438992.5611103937
352 12676 564207.6885617105
353 266 337459.1199537125
354 3750 96963.48554002595
355 5146 179506.0998523566
356 8218 287407.2523067561
357 4756 181209.62270915206
358 3885 203470.74225228326
359 3687 328407.3507962011
360 21587 773869.4300478769
361 484 167164.2702503342
362 1817 847690.7998700268
363 115 592886.6822220128
364 15469 841515.0427995202
365 3087 181539.9442619046
366 21842 1288518.0123093848
367 14517 599046.3278893692
368 21082 642832.4348627795
369 618 499569.53758104146
370 507 740503.5082545329
371 23613 722749.4579158386
372 1189 122291.12651049152
373 21790 877109.5745087669
374 8257 337845.7288069362
375 12267 867679.5740459168
376 9980 406412.08468925016
377 9147 217169.3910801408
378 13629 1006178.7797952491
379 1854 562117.5642555163
380 5372 157740.7630154433
381 21387 1138495.7451253638
382 2354 440541.0113322159
383 3633 877644.0165180509
384 11596 409142.7376987026
385 1725 134307.79373760606
386 13409 416773.6529850999
387 22022 445047.51110324037
388 11270 211387.50863926616
389 67800 1609886.4112690354
390 24532 624732.6504505514
391 20300 425098.6221272402
392 85 509663.7458749101
393 14929 648367.3073565151
394 6161 167353.99721871532
395 5161 421062.14552852657
396 10832 605728.6410942234
397 10119 708122.4173543641
398 20258 445702.4043905788
399 11904 718773.74215789
400 4636 348574.9620913533
401 10933 503639.295374992
402 6110 308457.91192041064
403 8789 387164.05270694516
404 8419 451299.57892163616
405 4617 180445.7687601231
406 5305 197911.91010848852
407 7882 284142.20399665646
408 6984 414872.5792959426
409 3304 665969.7210005616
410 4622 311777.2374447185
411 5557 323912.2342964453
412 6625 360472.23018535017
413 5038 233958.5890622703
414 3971 242857.5454893871
415 3847 198423.84061572968
416 1326 237343.05317385547
417 1194 183027.1719335412
418 1540 156825.91932269285
419 1247 404342.0227505061
420 2966 331901.49781454774
421 1471 114748.29935285084
422 10427 447718.20176188916
423 10640 604856.3101248314
424 1443 111259.90623514884
425 4180 244179.47344547507
426 7153 193873.54153493576
427 340 158019.41340628633
428 8793 359980.9106792726
429 354 326387.7547668008
430 2303 288598.83348843554
431 822 173419.34689208202
432 2121 200340.57359169322
433 197 130902.69565463274
434 1449 223084.2555550093
435 1687 477066.3870188273
436 5059 265241.42694669793
437 1096 82600.60776916053
438 9904 468856.1993708339
439 2772 171984.0788679003
440 2881 144163.3727412106
441 4600 170610.89745062272
442 5104 209638.82734011373
443 1043 73302.32235265702
444 2824 171007.028043769
445 1515 107842.8117295508
446 5504 154171.79855684904
447 3977 127014.04894918774
448 8066 265462.3512580111
449 4027 134789.31799203332
450 2622 114640.8006427986
451 1980 256823.79107374
452 586 199285.30306807155
453 2328 308757.91582843557
454 46 201108.65158570354
455 2281 296986.27055440424
456 3807 119826.38289804556
457 930 63007.47254467803
458 637 53342.670639361255
459 3786 167384.08724490917
460 4273 134858.51679036263
461 6105 164740.31476335958
462 3429 167325.3353762867
463 442 65877.44883694293
464 4084 246751.118496329
465 729 23291.10531484215
466 6107 305751.66028030496
467 273 546767.7672310476
468 1984 186533.61368979784
469 9 123951.4757661769
470 2613 182704.20425486757
471 886 64073.55843595906
472 1424 74388.40631809601
473 2805 312748.17232371465
474 10811 642978.2220102844
475 4987 454960.4572735525
476 11960 615190.6575060927
477 3634 247808.86045939662
478 1701 208495.92062124153
479 306 98134.8128748183
480 8295 542897.3855783414
481 9506 431131.05438021437
482 2288 145668.68462452976
483 13776 585762.3236319765
484 3998 144626.18028918316
485 5377 287384.6920545314
486 4453 200429.0462204602
487 7598 403462.65186179406
488 3434 171488.35159122522
489 9579 302952.0599694277
490 4933 202344.33920103256
491 23667 957244.7674760218
492 2215 106408.32440425661
493 17133 1051756.521748133
494 17519 914322.9417761809
495 3492 167381.7986307036
496 13155 603486.5066749592
497 11010 473027.2093572084
498 4439 195995.19974445482
499 11906 513978.7177837019
500 10552 388200.73581824586
501 31246 724892.0775790004
502 22768 532123.6057863552
503 34986 811189.077422049
504 27636 776151.5291815724
505 29873 855334.9654053964
506 13127 297148.75335591414
507 17251 368955.20891392446
508 6648 204338.84606702244
509 39982 1189882.508482489
510 10696 393869.3330700872
511 11346 709046.4908593954
512 10339 389771.2931242235
513 8551 343797.1744867151
514 6979 513918.78982457775
515 12419 815655.6568815378
516 22082 661338.7063657423
517 32514 1035786.4119566618
518 4784 192046.67766408747
519 19732 424499.0776356483
520 12315 295190.1559228515
521 16483 580597.350744042
522 4881 136275.798031243
523 36785 696496.1441279654
524 47240 1146976.6324388187
525 12688 229284.78794894362
526 35197 1184937.3084156334
527 31567 634373.0372505924
528 21172 586990.9645166126
529 42257 976083.3382282058
530 26599 1308568.9306355617
531 59452 1303317.4289218031
532 5742 807194.9447964389
533 44112 1275315.6939671966
534 20998 570154.9994139518
535 12112 341199.7988344182
536 18434 774780.5420770193
537 13037 408207.9621492826
538 14239 639579.2508529031
539 8335 247805.09336802847
540 49500 1442644.215500894
541 17090 394639.055498922
542 17312 499395.8339948115
543 18109 770866.2868455914
544 13173 623063.0441152204
545 8518 348053.1274539162
546 11221 459292.9652093424
547 14104 372811.5041468166
548 918 652187.0010351996
549 4834 187112.0039475355
550 896 95972.56528680758
551 4241 266205.0883558517
552 1503 130396.88039184103
553 3469 280863.59468970745
554 3838 196466.00166034914
555 6332 220849.21229111377
556 2827 172734.16388878247
557 1926 123431.95890762261
558 3551 135417.71821756987
559 4723 350929.6996584913
560 5290 208816.06107739094
561 10730 402064.343704094
562 8845 315574.0327254408
563 7969 431966.1249416475
564 9993 529668.8585416477
565 2002 82724.27321545663
566 8012 292508.3506680777
567 4317 154721.20984980176
568 7961 211620.18381640557
569 17324 570888.5474833928
570 7091 226793.48016431948
571 15645 524271.9558059501
572 6564 153317.79750470896
573 10411 397383.45338228863
574 1746 85808.7997637248
575 4302 357075.8490770694
576 1597 652746.508183349
577 16148 426276.4097563781
578 7811 194324.54621302307
579 4948 140904.48252691736
580 4664 273456.88447154843
581 4414 284240.04199214734
582 13401 496908.11310294893
583 7125 258096.38979794763
584 5439 303766.67021823075
585 12133 480954.1928320659
586 9583 373990.97715943644
587 13647 325084.89939743635
588 9389 233217.5900319037
589 21065 538066.6733227506
590 2313 363998.85554903967
591 15749 756596.6908283897
592 37202 926396.2889042638
593 11139 363775.2330274316
594 8768 588042.211620115
595 3547 376169.60389452754
596 18052 959779.1909322724
597 21020 440152.1869520034
598 13665 423629.5230563119
599 10181 317637.04495775315
600 16237 534134.51759526
601 20 264640.4677591738
602 13399 413570.5870525159
603 21 720086.545967509
604 7885 312474.20801298076
605 9891 427467.66483273794
606 1286 172895.1776742797
607 7379 235186.66705602105
608 9437 286679.71469584474
609 4157 166298.01074293064
610 9362 214293.99953627176
611 16531 459782.57675542124
612 35 98569.49957774798
613 4296 157284.14452392538
614 12523 375841.4664417266
615 7774 268384.10055757675
616 4965 359384.3391945257
617 6966 231874.73717630628
618 7870 282993.2554022937
619 11909 417064.90204054327
620 5069 203943.6685851975
621 12936 396365.06404655153
622 18282 468970.08777494676
623 8834 415620.28675794957
624 12967 352423.2136019613
625 17403 627934.4787672332
626 6087 404982.5950652428
627 5508 193683.21975694183
628 12154 279830.7960403308
629 14632 358155.18348298094
630 12259 313916.6362683094
631 12468 460316.6336402544
632 25361 541684.5500125277
633 11678 348348.082543106
634 18257 631086.9803073127
635 1254 2613582.0181218386
636 8003 503573.28494260565
637 6855 212865.99782332536
638 9451 222093.47607775123
639 3034 80921.07736641611
640 13573 374698.08538515744
641 4575 176360.65877421811
642 9984 438262.82481467485
643 4588 196829.84252787245
644 7635 255318.65842724574
645 2101 528294.4656592148
646 20912 513364.13889857323
647 33758 829684.9522279495
648 7198 270348.91140384023
649 1821 309035.2698329638
650 838 3817613.7449712995
651 10271 377224.48786590004
652 7228 203329.92207381452
653 11344 341478.9834161495
654 18207 729670.8188749257
655 9255 361260.86700013425
656 10012 376926.9349136218
657 11493 438898.44562719093
658 9706 673249.4541033157
659 5648 417318.151561064
660 4000 477517.1495172914
661 3410 451890.2739016029
662 3198 206130.8875123819
663 1567 104212.04317562022
664 7874 615137.3350755181
665 3795 495191.73439214693
666 20226 425670.6012154914
667 5212 142420.578556497
668 10374 335457.969886344
669 11560 324654.2056018432
670 11852 314595.28197593807
671 3936 137004.7341154631
672 45 363488.1223968831
673 13668 512496.65244415356
674 12394 619588.7081758542
675 11486 382652.13665305177
676 13989 392009.6184189073
677 5853 289710.6836943457
678 3093 132151.45850424952
679 10738 825949.6804917835
680 4842 408385.65608661645
681 2956 685408.7022271806
682 5623 372348.1216979322
683 5499 188530.437880701
684 13693 576756.488393325
685 7326 350468.3898764172
686 9189 293869.80319740274
687 3286 248435.68698760384
688 33 1404271.1844898008
689 13736 536026.7487486167
690 14973 605093.6313100767
691 6084 276549.1985245252
692 2301 826573.3909230079
693 15724 677688.1306124876
694 16690 393287.32513908704
695 3874 341114.2423453364
696 77 879062.1729190297
697 15083 374328.4469830821
698 4413 205038.06162699006
699 5807 156477.18155953407
700 18561 1033731.0787269054
701 10551 269785.65074880363
702 13574 644831.9814695385
703 1222 177604.14156850966
704 8907 812099.1450264832
705 566 300915.1609711785
706 30548 768951.4329742708
707 11053 358805.00263956265
708 11500 689138.0632261684
709 12467 346435.0161198176
710 19291 715549.2684226173
711 7126 446833.95606919366
712 2787 385307.5928291972
713 373 880402.2060063833
714 1820 577438.7157890565
715 2812 524704.0885520164
716 13388 637553.7281184433
717 303 687188.4665345469
718 44 381826.7095675017
719 4448 135170947.9962198
720 201 22110004.891634177
721 16206 282216.39522578503
722 9800 664925.4960463989
723 3400 223169.43191285868
724 13278 681628.0359934212
725 3867 408860.0649083232
726 3420 248037.31871432305
727 10325 346347.16059443436
728 8109 375569.99333863636
729 1276 129811.89991244809
730 18 87490.59570288104
731 259 67955.5765850843
732 1040 224109.6208132738
733 1266 268510.01040898776
734 4787 468455.8976653735
735 3695 351737.7180141428
736 6028 495219.4362037298
737 6525 565924.8572342448
738 5333 450633.04558727075
739 46 219640.77768584623
740 2326 794620.5432660342
741 11020 297105.1007670388
742 1935 121684.2673981182
743 103 451072.34969083447
744 10445 506763.19601532543
745 15129 387731.93259370816
746 6871 564445.9845086639
747 20142 586035.8031251151
748 1053 651939.277627354
749 25199 915424.6984688501
750 27765 743562.730815952
751 18963 355442.27604233276
752 15311 712914.2589255758
753 2331 216940.72670293576
754 17893 318263.34919883445
755 6688 275992.8999214882
756 9071 874446.8579213166
757 6407 391907.72439072124
758 55 364929.8430212777
759 70 458216.9967549147
760 36 789078.9353919006
761 740 1772286.0107583862
762 4933 164020.8809973648
763 1370 126486.52700853306
764 5350 165209.38630498818
765 6072 156065.82744271908
766 3110 64070.2172500676
767 2296 122635.5526829602
768 860 88170.00482332829
769 2620 99993.25319121864
770 2894 108771.30124516199
771 2949 91233.09541259798
772 19783 490234.23782253783
773 3526 284351.6531425505
774 3138 197098.27223116186
775 3212 81746.38268304472
776 2894 112119.91313393021
777 7038 383437.2410278977
778 10189 315888.1026011091
779 2884 366140.1215827197
780 5319 201711.12011294908
781 4887 201909.6248595366
782 3275 153001.17102361246
783 921 100927.34513251223
784 1208 82419.23214008295
785 1686 106980.83094336966
786 759 37672.927036019704
787 10522 210015.88151756715
788 20989 902057.5644600991
789 2053 217771.98559667726
790 1068 120162.6783503207
791 1777 143018.9271234743
792 14130 984004.8367849202
793 17918 1121747.6798421422
794 17601 868106.864532586
795 6139 263697.9394078911
796 1742 320705.79978566937
797 18411 2193656.03298432
798 19133 486682.43399646186
799 39115 963356.6474272452
800 68 189500.71495534116
801 18 760831.1169263923
802 1243 1196721.923046877
803 18 380399.8708528538
804 15 1036205.5548640355
805 57 449108.69716497505
806 192 845167.3538595295
807 3730 790339.5320994786
808 8855 478285.31033582543
809 16457 612379.3450793006
810 8191 438624.53688775864
811 12048 329449.81841793045
812 26850 778923.501619696
813 57 301290.8297998106
814 19 431135.9854372353
815 1286 1486376.7016030818
816 29948 1816074.1100945813
817 28171 982398.7321122722
818 12944 9168744.471264271
819 1968 3755757.560607812
820 24 946502.5513475527
821 80 813539.2236693741
822 2019 2647481.642868281
823 159 35662480.4881418
824 455 24533948.55031269
825 3544 106917.84513143063
