2 135 0.9649610678531702
3 135 1.0
4 135 0.26490750816104464
4 136 0.6708378672470077
5 135 0.24239934264585045
5 136 0.7576006573541495
6 135 0.027682563338301044
6 136 0.5675111773472429
17 136 0.3575173889780631
18 45 0.07620516149975654
18 136 0.17732510956013633
19 45 1.0
20 45 0.053213423996490455
20 136 0.38525992542224174
33 36 0.5282446206115515
34 35 0.09933911606774061
34 36 0.473151590251962
34 39 0.09231722428748451
35 39 0.6214135759272218
36 38 0.5136797798283956
36 39 0.06070908207867897
39 45 0.42167646926772323
41 45 1.0
42 44 1.0
43 43 0.0631653655074521
43 44 0.7207239176721079
44 45 0.297752242717468
45 44 0.5024714241581711
45 45 0.1688291628050664
54 42 0.5072463768115942
54 43 0.3115942028985507
55 42 0.8198680956306678
55 43 0.18013190436933224
56 42 0.7322349959264959
56 43 0.2677650040735041
57 43 1.0
58 42 0.11679711017459361
58 43 0.27282761388721655
59 41 0.5877175129744582
59 42 0.05098198839930803
60 40 0.9388668847942139
60 41 0.015842948166006544
61 40 0.3116824127906977
61 41 0.5714026162790697
61 42 0.11691497093023256
62 41 0.6231347469987658
62 42 0.232357231010883
63 40 0.4005042319466955
63 41 0.030433999639834324
78 33 0.062384931312845206
78 34 0.15883019402350942
79 33 0.12405273538876778
79 34 0.8638015156233779
79 40 0.012145748987854251
80 33 0.17131609312427884
80 34 0.7033869544559832
80 40 0.1127401072422453
81 34 0.1656147437515779
81 40 0.49684423125473365
82 33 0.39741547176491415
82 34 0.15153124446804744
83 25 0.008835078534031414
83 26 0.6608311518324608
84 37 0.04816354816354816
85 37 0.47899449035812675
85 38 0.3891676505312869
86 26 0.5240675804909148
86 37 0.4759324195090851
87 26 0.984397854705022
87 37 0.015602145294978059
88 37 0.374112875971612
88 38 0.5843190266982089
88 39 0.04156809733017911
89 37 0.2935323383084577
89 39 0.5505804311774462
90 35 0.27401183883902996
90 39 0.6000572847049838
97 35 0.4243845252051583
97 36 0.24539273153575616
98 35 0.28660575903417895
98 36 0.4818908556978546
99 35 0.07877669390983391
99 36 0.9212233060901661
110 3 0.11323884912546808
111 3 0.1926388888888889
112 3 0.28623866681349336
113 3 0.338064821386326
113 4 0.3176011355571327
114 3 0.044569450454348764
114 4 0.7144093466032021
114 7 0.08403288619645176
115 4 0.044883439297608234
115 7 0.6392673327278232
117 5 0.4188154713940371
117 6 0.3918211120064464
118 8 0.07231920199501247
119 7 0.7044435040203132
119 8 0.1600507829030893
120 5 0.04234249615844289
120 8 0.9576575038415571
121 5 0.37146061115783574
121 6 0.0012148397346042426
121 8 0.2973553873469769
123 25 0.7245643620011242
123 26 0.27543563799887577
124 6 0.36251844564682734
124 22 0.06656828988358747
124 24 0.21069027709460567
125 6 0.37059655438416045
125 22 0.33363332476214963
125 24 0.20892260221136538
126 22 0.0670557146003083
126 23 0.5775159656463335
126 24 0.0225721206782647
126 29 0.3223959480290685
127 27 0.08322630362188543
127 29 0.9167736963781146
128 24 0.3027901077996195
128 27 0.045233565842316636
128 29 0.6519763263580638
129 25 0.8653591055523971
129 26 0.1346408944476028
130 24 0.019549763033175356
130 25 0.10969589257503949
130 33 0.819806477093207
131 24 0.27455516014234876
131 32 0.7254448398576513
132 27 0.5319567354965585
132 29 0.4083087512291052
132 31 0.059734513274336286
133 27 0.16031128404669262
133 28 0.016861219195849545
133 30 0.06588845654993515
133 31 0.7569390402075227
134 30 0.17443765827498883
134 31 0.8255623417250112
135 31 0.5007674597083653
135 32 0.49923254029163466
136 32 0.3849144634525661
136 33 0.6150855365474339
151 16 0.05768310196266156
151 20 0.9423168980373384
152 20 0.04729309271935283
152 21 0.9527069072806472
153 21 0.8490631505898681
153 30 0.15093684941013186
154 30 0.8694629557036456
155 18 0.15270413573700956
155 21 0.06935312831389183
155 27 0.2048780487804878
155 28 0.19915164369034993
155 30 0.3739130434782609
156 15 0.3032665964172814
156 16 0.12413066385669125
156 19 0.34899894625922023
156 20 0.1863013698630137
156 21 0.03730242360379347
157 13 0.059921841076856275
157 17 0.40382110290924883
157 18 0.02127659574468085
157 19 0.5149804602692141
158 9 0.5078979343863913
158 12 0.48724179829890646
158 17 0.004860267314702308
159 18 0.7069397377339031
159 27 0.026668631206718727
159 28 0.26639163105937824
160 9 0.06818493620524077
160 12 0.01179860063108794
160 18 0.16353409246810263
160 27 0.6088626697763754
160 28 0.026752640965838934
160 29 0.12086705995335437
161 11 0.18384721583064886
161 12 0.6044638748274275
161 13 0.2116889093419236
162 12 1.0
163 9 0.9403322520397129
163 12 0.05966774796028704
164 22 0.1581050784676869
164 23 0.7281411443610488
165 23 1.0
166 6 0.21573137074517018
166 22 0.7842686292548298
167 22 0.7975123853694529
168 5 0.051066217732884396
168 6 0.4531024531024531
168 22 0.2257495590828924
169 5 0.7128891562640999
169 8 0.054444277334937584
170 8 0.7343068461976104
171 7 0.6789871944121071
171 8 0.13344004656577416
172 7 0.462020823473734
172 8 0.5379791765262659
173 3 0.3308803488689016
173 4 0.5392477514309076
173 7 0.12987189970019078
174 3 0.44833093754991216
174 4 0.509343555342597
174 7 0.04232550710749081
175 3 0.3380131719051938
187 3 0.08724643125469572
192 63 0.10370292777457707
203 9 0.04896907216494845
203 12 0.27225866916588565
204 10 0.8704918032786885
204 12 0.12950819672131147
205 10 0.1922094508301405
205 66 0.4071945508727118
206 65 0.711864406779661
206 66 0.288135593220339
207 10 0.4481998530492285
207 66 0.5518001469507715
208 10 0.3639899336536262
208 11 0.595973461450469
208 12 0.040036604895904826
209 11 0.35714285714285715
209 13 0.10577971646673937
209 15 0.5370774263904035
210 14 0.054405677114133646
210 15 0.6777054997043169
210 16 0.2678888231815494
211 10 0.17955801104972377
211 11 0.8204419889502762
212 10 1.0
213 10 0.09730722154222766
213 66 0.9026927784577723
214 65 0.43202416918429004
214 66 0.56797583081571
215 65 0.783096926713948
215 66 0.21690307328605202
216 66 0.6921843687374749
216 67 0.27895791583166335
216 68 0.028857715430861724
217 10 0.9184224743381956
217 68 0.08157752566180443
218 10 0.09673024523160763
218 11 0.5177111716621253
218 14 0.03678474114441417
218 15 0.34877384196185285
219 11 0.39923747276688454
219 15 0.6007625272331155
220 14 0.9512874043145442
220 15 0.013221990257480862
220 68 0.03549060542797495
221 14 0.070625
221 67 0.0271875
221 68 0.9021875
222 67 1.0
223 59 0.16645885286783044
223 65 0.5617206982543641
223 66 0.1502493765586035
223 67 0.121571072319202
224 59 0.69995129079396
224 67 0.30004870920603993
225 59 0.41605482134116495
225 67 0.583945178658835
226 67 0.44592592592592595
226 68 0.554074074074074
227 14 0.6073268460217516
227 16 0.3926731539782484
228 16 1.0
231 14 0.3108797713819147
232 14 0.9106256206554121
232 16 0.08937437934458789
233 14 0.7407686510926903
233 68 0.2592313489073097
236 59 0.2602542261826759
237 59 0.10407163372191248
237 67 0.032775806724108805
238 67 0.36606441476826396
239 67 0.6056034482758621
239 68 0.39439655172413796
240 59 0.5568396226415094
240 67 0.44316037735849056
241 20 0.7027827116637063
242 20 0.1760670731707317
242 21 0.06516768292682927
243 21 0.16596931659693165
252 58 0.13003663003663005
253 56 0.23177304964539008
255 55 0.028233151183970857
255 56 0.9717668488160291
256 56 0.37035891089108913
256 57 0.6296410891089109
257 57 0.047225244831338414
257 58 0.9527747551686616
258 58 0.35915955351280365
258 59 0.41726854891661197
259 58 0.5769126424308193
259 59 0.4230873575691807
260 56 0.3105904404873477
260 57 0.6894095595126523
261 55 0.28367129135538954
261 56 0.7163287086446105
262 51 0.021931260229132568
262 56 0.9780687397708674
263 53 0.1035007610350076
263 56 0.39404701505158124
263 57 0.5024522239134112
264 57 0.8719832109129066
264 58 0.12801678908709338
265 58 0.6218618084870029
265 59 0.3781381915129971
266 54 0.3215480172001911
266 58 0.2371396719222806
266 59 0.39608217869087436
266 65 0.04523013218665393
267 65 1.0
268 57 0.25348189415041783
269 57 0.1369574378423936
269 58 0.8630425621576064
270 54 0.8364430329495832
270 57 0.09686383485510124
270 58 0.0666931321953156
271 53 0.586971586971587
271 57 0.41302841302841303
272 53 0.8226477935054122
272 54 0.17735220649458786
273 54 0.7368531541933452
273 65 0.26314684580665476
274 54 0.4199561403508772
274 65 0.5800438596491229
275 65 0.16084699175404663
276 48 0.4307508622976917
276 54 0.5692491377023083
277 47 1.0
278 46 0.2212809917355372
278 47 0.23574380165289255
279 60 0.7335279399499584
279 61 0.2664720600500417
280 61 0.6244791666666667
280 62 0.37552083333333336
281 62 0.36102342581824226
281 64 0.1910616381458714
282 63 0.04502704952143154
282 64 0.4362047440699126
283 63 0.8413547237076648
283 64 0.08912655971479501
284 63 0.6742843771936666
284 64 0.010451602839092114
287 63 0.2765520779887122
287 64 0.689584402257568
300 63 0.7480590486604702
300 64 0.13624931656642975
301 64 1.0
302 64 0.021749136939010358
303 61 0.5737787901797013
303 62 0.42622120982029865
307 83 0.08070175438596491
308 46 0.7544088830829523
308 60 0.24559111691704769
309 83 0.8844028899277518
309 84 0.0807479813004675
310 48 0.20202020202020202
310 84 0.797979797979798
311 47 0.14176195426195426
311 48 0.8158783783783784
311 49 0.04235966735966736
312 48 1.0
313 84 0.19272727272727272
313 86 0.01818181818181818
314 48 0.8420611646418098
314 49 0.1579388353581902
315 49 0.5797872340425532
315 50 0.42021276595744683
316 50 0.3711167086481948
316 51 0.38245172124265325
316 100 0.24643157010915198
317 50 0.5495283018867925
317 99 0.24206689536878215
317 100 0.20840480274442538
318 51 0.4005681818181818
318 100 0.5869318181818182
318 101 0.0125
319 51 0.7477605863192183
319 100 0.08326547231270358
319 101 0.16897394136807817
320 55 0.9027635619242579
320 56 0.09723643807574207
321 52 0.09973045822102426
321 55 0.9002695417789758
322 52 1.0
323 52 0.5520516717325228
323 55 0.11778115501519756
323 101 0.3301671732522796
324 52 0.7472527472527473
324 97 0.015466015466015465
324 137 0.2372812372812373
325 52 1.0
326 52 0.11082251082251082
326 97 0.8891774891774892
327 97 1.0
328 97 0.25102880658436216
328 132 0.7489711934156379
329 52 0.2966292134831461
329 97 0.7033707865168539
330 97 1.0
331 98 0.24813432835820895
331 132 0.7518656716417911
332 96 0.27527551509343556
332 98 0.2479635840919981
332 132 0.47676090081456635
333 93 0.0824381130312938
333 94 0.04413825315273237
333 95 0.31200373657169544
333 96 0.5163475011676787
333 137 0.04507239607659972
334 52 0.10990052108005685
334 137 0.8900994789199431
335 101 0.8353658536585366
335 137 0.16463414634146342
336 99 0.04152542372881356
336 101 0.9584745762711865
337 95 0.6965634441087614
337 101 0.2854984894259819
337 137 0.017938066465256797
338 87 0.005361131794489948
338 99 0.8214445271779598
338 101 0.17319434102755027
339 93 0.7707273271475606
339 95 0.22927267285243938
340 82 0.8688783570300158
340 93 0.13112164296998421
341 80 0.3253731343283582
341 82 0.25970149253731345
341 87 0.41492537313432837
342 79 0.10869565217391304
342 85 0.017113783533765033
342 87 0.8741905642923219
343 99 1.0
344 87 0.7427450980392157
344 99 0.2572549019607843
345 85 0.9256756756756757
345 86 0.07432432432432433
346 84 0.47058823529411764
346 86 0.5294117647058824
347 84 0.5153061224489796
347 85 0.0663265306122449
347 86 0.41836734693877553
348 85 0.8927973199329984
348 86 0.07370184254606366
349 78 0.2779220779220779
349 79 0.09783549783549783
349 81 0.561038961038961
349 85 0.0632034632034632
351 86 0.02643643031784841
352 83 0.1606184916377406
352 84 0.34024928999684445
352 86 0.05916692963079836
353 83 1.0
354 83 1.0
356 76 0.16780238500851788
356 83 0.36213190557313213
357 76 0.866484440706476
357 83 0.13351555929352396
358 76 1.0
359 76 1.0
360 76 0.08732107286792977
361 75 1.0
362 76 0.9345074298293891
362 83 0.022564667033571822
363 76 0.8434782608695652
364 74 0.16019135044282112
364 75 0.8398086495571788
366 72 0.18020327808808717
366 73 0.4123248786741141
366 74 0.0001831334126911455
367 71 0.042433009574981057
367 72 0.26238203485568645
367 73 0.0073017841151753115
371 71 0.13043662389361793
372 101 1.0
384 71 0.6782511210762332
384 72 0.3217488789237668
385 71 1.0
386 69 0.03758669550302036
386 70 0.8242971138787382
386 71 0.13811619061824149
387 69 0.14803378439742076
387 70 0.8519662156025792
388 69 0.08660159716060337
388 70 0.9133984028393967
389 70 0.1005457227138643
391 69 0.9807881773399014
392 69 0.7764705882352941
392 71 0.2235294117647059
393 71 0.4540826579141269
393 72 0.24690200281331637
394 72 1.0
395 72 0.49079635729509785
395 73 0.5092036427049021
396 72 0.11050590841949778
396 73 0.4809822747415066
397 74 0.4916493724676351
397 75 0.5083506275323648
398 75 0.4294599664330141
404 124 0.07007958189808766
405 77 0.05847953216374269
405 124 0.9415204678362573
406 77 0.6633364750235626
406 124 0.2936852026390198
407 77 0.8864501395584877
407 78 0.015097690941385435
407 124 0.09845216950012688
408 77 0.0743127147766323
408 78 0.9256872852233677
409 80 0.09412832929782082
409 81 0.2820823244552058
409 82 0.12590799031476999
409 133 0.4978813559322034
410 78 0.4022068368671571
410 133 0.5977931631328429
411 77 0.6555695519165017
411 78 0.17671405434587006
411 133 0.16771639373762823
412 77 0.8846792452830189
412 124 0.11532075471698114
413 77 0.056173084557364035
413 125 0.1687177451369591
413 126 0.054982135768161966
414 77 0.1130697557290355
414 126 0.1563837824225636
414 133 0.4046839587005792
414 134 0.21782926215059178
415 133 0.4845334026514167
415 134 0.5154665973485834
416 82 0.20588235294117646
416 133 0.6546003016591252
416 134 0.13951734539969834
417 82 1.0
418 89 0.7915584415584416
418 90 0.09545454545454546
418 91 0.09285714285714286
418 93 0.02012987012987013
419 88 0.27425821972734565
419 89 0.35525260625501204
419 90 0.31595829991980756
419 134 0.0545308740978348
420 88 0.4008766014834794
420 134 0.5991233985165205
421 134 1.0
422 126 0.44240913014289823
422 128 0.3038266040088232
422 134 0.2537642658482785
423 125 0.625375939849624
423 126 0.3746240601503759
424 115 0.352044352044352
424 125 0.647955647955648
425 115 0.44760765550239234
425 125 0.3650717703349282
425 127 0.18732057416267942
426 126 0.3746679714804977
426 127 0.6253320285195023
427 126 0.04411764705882353
427 127 0.9558823529411765
428 88 0.011372682815876264
428 126 0.04787899465483908
428 128 0.46138974184010006
428 129 0.2229045831911748
428 130 0.2564539974980098
429 88 0.3418079096045198
429 90 0.23728813559322035
429 91 0.07062146892655367
429 131 0.3502824858757062
430 90 0.0039079461571862786
430 91 0.4146765089014329
430 93 0.22231871471993053
430 94 0.3512809379070777
430 131 0.007815892314372557
431 92 0.2871046228710462
431 94 0.6642335766423357
431 131 0.04866180048661801
432 92 0.157001414427157
432 98 0.842998585572843
433 92 0.34517766497461927
433 131 0.6548223350253807
434 92 0.9268461007591442
434 98 0.07315389924085576
435 92 0.22762299940723177
435 130 0.6028452874925904
435 131 0.16953171310017784
436 130 0.8446333267444159
437 130 1.0
438 129 0.7767568659127625
438 130 0.16599353796445881
439 127 0.9213564213564214
439 129 0.07864357864357864
440 127 0.9180839986115932
440 129 0.08191600138840681
441 127 0.8523913043478261
441 129 0.09891304347826087
442 115 0.8816614420062696
442 127 0.11833855799373041
443 115 1.0
444 115 0.6504957507082153
445 115 0.8930693069306931
445 127 0.10693069306930693
446 127 0.18441133720930233
448 130 0.11009174311926606
451 92 0.3686868686868687
452 92 0.5853242320819113
452 98 0.41467576791808874
453 98 0.9553264604810997
453 132 0.044673539518900345
454 98 1.0
469 113 1.0
470 113 0.995790279372369
471 113 1.0
472 113 1.0
473 113 1.0
474 111 0.10517065951345851
474 113 0.40088798446027196
474 114 0.3130145222458607
474 115 0.10054574044954213
474 125 0.08038109333086671
475 111 0.44555845197513533
475 114 0.543613394826549
475 125 0.010828153198315621
476 111 0.19632107023411371
476 114 0.17750836120401337
476 124 0.22918060200668897
477 124 1.0
478 124 1.0
479 124 1.0
480 123 0.025075346594333935
480 124 0.6591922845087402
481 123 0.41563223227435303
481 124 0.1751525352409005
482 123 1.0
483 122 0.4806910569105691
483 123 0.5013066202090593
484 122 0.6398199099549775
485 121 0.7785010228752092
485 122 0.22149897712479077
486 120 0.6537165955535594
486 121 0.3462834044464406
487 120 0.5569886812319031
488 120 0.034653465346534656
488 121 0.8037274315666861
489 121 0.018686710512579603
489 122 0.11326860841423948
491 119 0.20272953902057717
491 120 0.09139307897071872
492 123 1.0
496 72 0.028430254656024324
497 72 0.16821071752951863
501 69 0.5908276259361198
502 69 0.7729708362614195
512 118 0.006286874939549279
513 119 1.0
514 118 0.8303481874194011
514 119 0.16965181258059894
515 116 0.22948707625412673
515 117 0.7475642161204605
516 116 0.7272891948193099
517 0 0.25616657439872054
517 1 0.6190256504890201
538 1 0.029847601657419762
539 0 0.2935812837432514
539 1 0.21883623275344932
540 0 0.09486868686868687
540 2 0.014343434343434344
542 1 0.46326247689463956
542 116 0.02183456561922366
543 116 0.17289745430448947
543 117 0.6296868960185543
544 117 0.5356410840355272
544 118 0.16488271464358917
545 118 0.03521953510213665
545 119 0.9031462784691242
546 119 0.5736565368505481
546 120 0.42634346314945193
547 119 0.05005672149744753
547 120 0.38506806579693703
548 120 0.9128540305010894
548 121 0.08714596949891068
549 121 0.6181216383947041
549 122 0.3818783616052958
550 121 0.0078125
550 122 0.9921875
551 122 0.555293562838953
551 123 0.4447064371610469
552 123 1.0
553 123 0.9051599884692995
553 124 0.09484001153070049
554 108 0.027357998957790515
554 122 0.24960917144346015
555 109 0.3108022741629817
555 123 0.1173404927353127
556 123 0.16802263883975946
557 110 0.018172377985462097
558 110 0.7288087862573923
558 111 0.04787383835539285
559 110 0.8863010798221469
559 111 0.11369892017785306
560 109 0.023818525519848772
560 110 0.9761814744801512
561 110 0.29263746505125815
561 111 0.4118359739049394
561 112 0.2781919850885368
561 113 0.01733457595526561
562 110 0.8669304691916337
562 112 0.1330695308083663
563 112 0.8485380850796838
563 113 0.15146191492031622
564 112 0.773941759231462
564 113 0.22605824076853798
565 112 1.0
566 112 0.0801298052920619
566 113 0.34560659011482775
567 112 0.08362288626360899
568 112 0.18628313026001758
577 112 0.007059697795392618
579 112 0.13439773645917544
580 112 0.5606775300171527
581 109 0.042818305391934756
581 110 0.4012233801540553
581 112 0.2625736293611237
582 108 0.2797552421461085
582 109 0.6959928363554958
583 109 1.0
584 108 1.0
585 108 0.36009231022830296
585 122 0.2029176625731476
586 108 0.06281957633308985
586 121 0.1731190650109569
592 116 0.09273694962636417
600 105 0.1351234834021063
601 105 1.0
602 105 0.20508993208448392
602 106 0.2518098365549668
603 106 1.0
604 106 0.5700697526949905
604 107 0.4299302473050095
605 107 0.3965220907896067
605 108 0.5708219593569912
606 107 0.09642301710730948
606 108 0.9035769828926905
607 107 0.712291638433392
607 108 0.13999186881691286
608 109 0.3517007523577408
610 112 0.22569963682973723
621 103 0.42517006802721086
622 103 0.3685592385953397
623 102 0.0020375820692777906
624 103 0.8136037633993984
624 104 0.08537055602683735
625 102 0.20663104062517956
625 105 0.3463770614261909
625 106 0.3975751307245877
625 107 0.049416767224041834
626 102 0.15393461475275177
626 105 0.8371940200427139
627 105 0.5490196078431373
641 105 0.2544262295081967
642 102 0.5299479166666666
642 104 0.4700520833333333
643 103 0.6617262423714037
643 104 0.33827375762859635
644 103 1.0
645 103 0.011899095668729176
722 35 0.20744897959183672
722 39 0.7925510204081633
723 39 1.0
725 38 1.0
729 82 0.6622257053291536
729 93 0.03213166144200627
729 95 0.3056426332288401
730 49 1.0
731 56 1.0
732 68 0.9096153846153846
733 67 0.9770932069510269
733 68 0.022906793048973143
734 30 1.0
735 30 0.008119079837618403
735 31 0.2868741542625169
736 31 0.12076974120769741
736 32 0.1856337093563371
737 32 0.09639846743295019
737 33 0.2085823754789272
738 24 0.18826176636039751
738 32 0.6591036939808738
738 33 0.15263453965872867
744 118 0.5199617041646721
745 116 0.5281247934430564
746 116 0.8639208266627856
747 1 0.6063449508489723
748 1 1.0
750 117 0.07549072573383757
750 118 0.0813974428236989
751 70 0.059800664451827246
751 71 0.9401993355481728
752 74 0.20462412644503952
753 49 0.08236808236808237
753 99 0.8605748605748605
758 135 1.0
766 75 0.912540192926045
767 95 1.0
770 112 1.0
774 110 1.0
775 108 0.5233499377334994
776 107 0.9540428472702143
776 108 0.04595715272978576
777 102 0.11864165956237567
777 104 0.8751065643648764
778 102 0.5775836686622828
778 107 0.41839238394346845
780 109 0.7589772513630382
780 110 0.24102274863696183
781 109 1.0
782 109 0.23694656488549617
782 123 0.2082442748091603
783 123 1.0
784 124 1.0
787 69 1.0
789 51 0.37408670238675107
789 55 0.43010228933268385
789 56 0.11933755479785679
789 101 0.07647345348270823
790 97 0.6095505617977528
790 137 0.3904494382022472
791 94 0.19020821609454136
791 96 0.8097917839054586
793 60 0.044033932358522154
793 61 0.27458421698850316
793 62 0.14767273133162184
794 46 0.34219646610988014
794 47 0.2467473439009147
794 60 0.21328333617408102
800 48 1.0
801 135 1.0
807 26 0.0648793565683646
807 37 0.7383378016085791
808 39 0.03828345567476002
809 35 0.13690223005408034
809 36 0.6917421158169775
812 70 0.26007448789571697
814 135 1.0
