population	links	tests	detected	time	error	time_error
191060	2223	30000	2999.67	17.9167	235.645	1.51841
267948	3869	30000	2875.71	18.1667	238.705	0.942809
318905	5502	30000	2860.62	18.25	226.101	0.866025
356239	6857	30000	2968.96	17.9583	210.539	1.0769
386986	8175	30000	3048.83	17.7083	227.486	0.909059
413535	9184	30000	3118.96	17.5	247.982	1
437394	10332	30000	3164.88	17.2083	231.779	0.996522
459141	11405	30000	3141.42	17.375	239.883	0.968246
478911	12424	30000	3187.54	17.1667	202.879	0.745356
497189	13439	30000	3178.54	17.125	230.138	0.661438
514251	14343	30000	3204.17	17.0417	214.737	1.0769
530344	15176	30000	3230.29	17.0833	204.581	0.799305
545537	16101	30000	3255.46	16.9167	171.478	0.799305
560041	16870	30000	3295.96	16.8333	218.552	0.942809
573888	17726	30000	3298.96	16.9167	224.267	1.14261
587011	18540	30000	3318.75	16.7917	188.896	0.996522
599601	19367	30000	3319.33	16.9583	212.517	0.909059
611764	20209	30000	3331.54	16.875	247.846	0.661438
623487	20891	30000	3337.46	16.8333	230.478	0.942809
634680	21747	30000	3352.12	16.8333	206.455	0.942809
645514	22527	30000	3364.33	16.75	235.83	1.04083
656029	23231	30000	3370.67	16.8333	237.636	0.942809
666170	23939	30000	3385.08	16.7917	210.523	0.812233
675961	24607	30000	3409.58	16.75	211.268	0.866025
685385	25322	30000	3418.92	16.6667	218.084	0.942809
694385	25894	30000	3426.46	16.625	218.106	0.968246
703250	26481	30000	3460.17	16.5417	218.627	0.996522
711853	27082	30000	3443.71	16.7083	211.872	0.909059
720182	27760	30000	3447.21	16.6667	208.149	0.942809
728242	28462	30000	3460.58	16.625	218.356	0.968246
736107	29087	30000	3483.38	16.5833	191.3	0.986013
743768	29742	30000	3471.5	16.5417	217.944	0.996522
751277	30368	30000	3469.58	16.5417	218.855	0.996522
758593	31041	30000	3492.12	16.6667	239.859	0.942809
765740	31621	30000	3472.46	16.5833	223.651	0.986013
772705	32231	30000	3484.33	16.6667	248.914	0.942809
779487	32812	30000	3490.12	16.5417	198.748	0.996522
786114	33415	30000	3492.46	16.625	166.67	0.968246
792541	34075	30000	3495.58	16.5	229.629	1.1547
798841	34660	30000	3518	16.5	174.451	1
805038	35195	30000	3500.75	16.5417	206.231	0.996522
811028	35803	30000	3488.12	16.5833	212.954	0.986013
816926	36376	30000	3530.67	16.4583	252.66	0.996522
822700	36948	30000	3498.83	16.5417	196.017	0.996522
828376	37474	30000	3505.62	16.5	169.125	1
833901	38066	30000	3511.25	16.4167	245.337	0.986013
839360	38582	30000	3512.62	16.5417	213.248	0.996522
844700	39089	30000	3506.25	16.6667	213.1	0.942809
849924	39658	30000	3493.17	16.5417	238.359	0.996522
855080	40236	30000	3518.71	16.5833	209.931	0.986013
860130	40837	30000	3509.04	16.5833	246.817	0.986013
865030	41309	30000	3502.08	16.5417	221.379	0.996522
869838	41861	30000	3499.04	16.625	202.01	0.968246
874547	42499	30000	3512.83	16.625	227.801	0.968246
879193	43003	30000	3506.04	16.5833	224.931	0.986013
883751	43479	30000	3507.88	16.5417	176.099	0.996522
888162	44046	30000	3491.08	16.625	240.69	0.968246
892546	44541	30000	3485.79	16.5833	198.188	0.986013
896822	45014	30000	3500.33	16.5833	193.78	0.986013
900977	45560	30000	3496.25	16.625	202.774	0.968246
905076	46070	30000	3498.83	16.625	195.801	0.968246
909078	46634	30000	3494	16.5417	212.614	0.996522
913076	47070	30000	3505.75	16.5417	232.469	0.996522
916980	47548	30000	3495	16.625	203.44	0.968246
920824	48013	30000	3482.67	16.625	215.486	0.968246
924588	48482	30000	3495.04	16.625	202.928	0.968246
928276	48989	30000	3496.12	16.5833	217.347	0.986013
931854	49583	30000	3511.08	16.5	244.066	1
935403	50122	30000	3486.88	16.625	197.428	0.968246
938898	50600	30000	3486.96	16.6667	213.778	0.942809
942345	51089	30000	3488.71	16.6667	238.825	0.942809
945730	51579	30000	3479.29	16.5417	229.973	0.996522
949066	52034	30000	3490.17	16.5833	213.336	0.986013
952346	52506	30000	3486.17	16.625	201.175	0.968246
955576	52962	30000	3479.17	16.5833	199.311	0.986013
958757	53439	30000	3490.5	16.5833	230.574	0.986013
961885	53890	30000	3493.88	16.625	232.035	0.968246
964915	54334	30000	3494.71	16.5417	249.236	0.996522
967932	54797	30000	3483.54	16.7083	234.25	0.909059
970898	55313	30000	3480.17	16.7083	233.75	0.909059
973828	55779	30000	3489.04	16.5833	209.906	0.986013
976683	56264	30000	3483.88	16.6667	220.886	0.942809
979497	56729	30000	3499.12	16.6667	229.383	0.942809
982276	57177	30000	3483.38	16.625	215.135	1.12731
984998	57624	30000	3480.33	16.5	220.19	1
987669	58119	30000	3507.21	16.5417	235.426	0.996522
990305	58566	30000	3481	16.625	235.659	0.968246
992916	58977	30000	3469.25	16.5833	204.452	0.986013
995471	59427	30000	3482.17	16.625	199.28	0.968246
997971	59928	30000	3492.38	16.5417	202.089	0.996522
1000459	60353	30000	3474.04	16.5417	187.502	0.996522
1002894	60793	30000	3490.75	16.5833	222.773	0.986013
1005298	61227	30000	3458.71	16.7083	221.916	0.909059
1007660	61658	30000	3488.96	16.6667	185.653	0.942809
1009982	62092	30000	3466.54	16.5833	198.931	0.986013
1012263	62588	30000	3473	16.7083	225.423	0.909059
1014511	63060	30000	3464	16.625	168.617	0.968246
1016709	63532	30000	3479.83	16.7083	182.167	0.909059
1018911	63930	30000	3455.79	16.7083	191.35	0.909059
1021072	64328	30000	3476.29	16.625	198.135	0.968246
1023170	64781	30000	3473	16.6667	220.366	0.942809
1025250	65208	30000	3458.92	16.6667	212.233	0.942809
1027297	65636	30000	3471.21	16.5833	220.952	0.986013
1029281	65997	30000	3458	16.6667	248.479	1.10554
1031274	66356	30000	3462.21	16.7083	207.867	0.909059
1033219	66762	30000	3471.62	16.6667	160.901	0.942809
1035137	67182	30000	3449.33	16.7083	221.78	0.909059
1037005	67605	30000	3459.04	16.7083	253.093	0.909059
1038820	68082	30000	3465.62	16.5833	219.483	0.986013
1040642	68478	30000	3453.21	16.75	206.117	0.866025
1042448	68840	30000	3454.5	16.7083	196.93	1.0769
1044198	69258	30000	3459.04	16.6667	226.523	0.942809
1045931	69649	30000	3459.62	16.7083	197.178	0.909059
1047623	70046	30000	3446.33	16.5833	229.487	0.986013
1049303	70390	30000	3442.25	16.7083	227.942	0.909059
1050928	70808	30000	3441.83	16.875	219.884	0.661438
1052543	71204	30000	3466.5	16.625	198.991	0.968246
1054116	71604	30000	3447.58	16.7083	207.759	0.909059
1055661	72009	30000	3446.62	16.5833	206.384	0.986013
1057179	72387	30000	3425.88	16.75	223.959	1.04083
1058666	72818	30000	3452.75	16.7083	236.086	0.909059
1060140	73211	30000	3458.75	16.7083	201.12	0.909059
1061584	73601	30000	3446.67	16.75	206.36	0.866025
1063024	73940	30000	3457.29	16.7083	210.25	0.909059
1064425	74275	30000	3438.33	16.625	229.793	0.968246
1065802	74631	30000	3442.62	16.6667	220.884	0.942809
1067169	74972	30000	3437.17	16.625	227.268	0.968246
1068486	75380	30000	3435.17	16.75	211.479	0.866025
1069810	75721	30000	3433.54	16.75	174.308	0.866025
1071085	76060	30000	3439.25	16.75	210.458	0.866025
1072341	76420	30000	3455.29	16.625	251.885	0.968246
1073594	76745	30000	3424.42	16.75	216.898	0.866025
1074822	77060	30000	3430.62	16.7083	214.719	0.909059
1076026	77385	30000	3430	16.75	206.023	0.866025
1077194	77755	30000	3433.17	16.7083	224.685	1.0769
1078344	78114	30000	3429.92	16.6667	202.801	0.942809
1079470	78506	30000	3448.5	16.75	212.134	0.866025
1080577	78841	30000	3418.46	16.6667	258.938	0.942809
1081678	79178	30000	3419.29	16.75	205.165	0.866025
1082749	79516	30000	3437.42	16.6667	223.467	0.942809
1083803	79861	30000	3428.79	16.6667	203.798	0.942809
1084856	80146	30000	3405.29	16.75	222.611	0.866025
1085866	80501	30000	3411.71	16.75	193.687	0.866025
1086846	80853	30000	3417.42	16.7083	195.208	0.909059
1087831	81156	30000	3434.29	16.7917	225.078	0.812233
1088795	81477	30000	3428.83	16.7083	213.298	0.909059
1089734	81801	30000	3416.25	16.7917	178.806	0.812233
1090658	82135	30000	3409.96	16.7083	271.122	0.909059
1091571	82476	30000	3413.08	16.8333	180.943	0.745356
1092467	82807	30000	3426.17	16.75	184.977	0.866025
1093340	83136	30000	3437.83	16.7083	197.631	0.909059
1094184	83503	30000	3408.75	16.875	189.257	0.661438
1095016	83820	30000	3403.96	16.8333	224.681	0.745356
1095827	84200	30000	3420.92	16.6667	203.705	0.942809
1096623	84519	30000	3383.21	16.7917	233.159	0.812233
1097393	84864	30000	3410.83	16.75	222.44	0.866025
1098150	85231	30000	3399.83	16.75	221.796	0.866025
1098930	85535	30000	3431.38	16.75	222.605	0.866025
1099669	85878	30000	3426.75	16.7083	214.607	0.909059
1100401	86198	30000	3413.83	16.7917	220.242	0.996522
1101128	86465	30000	3398.21	16.6667	221.265	0.942809
1101830	86791	30000	3401.92	16.8333	216.415	0.745356
1102519	87070	30000	3416.54	16.75	214.511	0.866025
1103193	87370	30000	3398.75	16.7083	259.043	0.909059
1103866	87682	30000	3417.38	16.8333	236.571	0.942809
1104508	87987	30000	3420.83	16.7917	221.231	0.812233
1105157	88242	30000	3389.96	16.7083	210.213	0.909059
1105768	88564	30000	3401.33	16.75	204.896	0.866025
1106374	88862	30000	3408.12	16.7917	184.83	0.812233
1106952	89194	30000	3419.96	16.7917	224.132	0.812233
1107515	89512	30000	3408.92	16.8333	215.507	0.745356
1108076	89804	30000	3401.17	16.75	220.915	0.866025
1108619	90102	30000	3417.83	16.6667	231.354	0.942809
1109162	90373	30000	3408.17	16.75	214.022	0.866025
1109676	90705	30000	3399.75	16.7917	223.372	0.812233
1110198	90987	30000	3405.83	16.8333	206.302	0.745356
1110682	91293	30000	3399	16.7917	210.883	0.812233
1111166	91551	30000	3405.96	16.7083	198.432	0.909059
1111641	91818	30000	3390.96	16.75	223.603	0.866025
1112116	92072	30000	3406.5	16.7083	207.451	0.909059
1112572	92326	30000	3392.88	16.7917	215.085	0.812233
1113020	92576	30000	3403.29	16.75	203.755	0.866025
1113428	92891	30000	3399.83	16.8333	194.844	0.745356
1113852	93166	30000	3395.62	16.7917	203.175	0.812233
1114259	93445	30000	3395.92	16.875	183.204	0.877971
1114650	93735	30000	3388.92	16.8333	194.421	0.942809
1115046	94036	30000	3396.71	16.8333	208.728	0.745356
1115423	94291	30000	3395.04	16.7917	212.799	0.812233
1115800	94504	30000	3379.62	16.8333	203.123	0.745356
1116158	94739	30000	3402	16.75	236.792	0.866025
1116516	94963	30000	3413.04	16.75	232.145	1.04083
1116843	95259	30000	3414.62	16.75	213.246	0.866025
1117154	95548	30000	3385.83	16.7083	205.861	0.909059
1117481	95774	30000	3403.67	16.75	223.844	0.866025
1117777	96042	30000	3383.54	16.8333	199.531	0.942809
1118076	96254	30000	3409.25	16.75	234.868	0.866025
1118367	96469	30000	3387.33	16.75	202.531	0.866025
1118623	96803	30000	3406.67	16.875	234.919	0.661438
1118902	97046	30000	3372.75	16.9167	209.98	0.799305
1119166	97285	30000	3389.75	16.8333	225.099	0.942809
1119411	97529	30000	3405.21	16.9167	204.19	0.799305
1119637	97789	30000	3397.42	16.7917	235.025	0.812233
1119865	98032	30000	3393.38	16.7917	197.215	0.812233
1120086	98285	30000	3395.04	16.875	218.484	0.661438
1120311	98522	30000	3377.54	16.8333	195.276	0.745356
1120517	98765	30000	3399.12	16.875	194.717	0.661438
1120707	99048	30000	3395.08	16.7083	261.657	0.909059
1120908	99283	30000	3401.29	16.8333	201.946	0.942809
1121089	99520	30000	3383.54	16.8333	201.047	0.942809
1121262	99760	30000	3403.67	16.7083	201.396	0.909059
1121432	99955	30000	3405.21	16.875	226.228	0.661438
1121589	100202	30000	3407.08	16.875	224.306	0.661438
1121746	100414	30000	3389.54	16.7917	198.155	0.996522
1121892	100652	30000	3383.67	16.6667	196.138	0.942809
1122018	100930	30000	3377.71	16.7917	178.414	0.996522
1122147	101162	30000	3387.62	16.8333	208.032	0.745356
1122265	101421	30000	3374.12	16.75	191.186	0.866025
1122374	101681	30000	3398.88	16.8333	224.082	0.942809
1122481	101891	30000	3397.92	16.7917	246.083	0.996522
1122582	102125	30000	3404.04	16.7917	217.393	0.996522
1122686	102342	30000	3380.71	16.875	230.691	0.877971
1122787	102568	30000	3388.88	16.7917	219.256	0.996522
1122886	102781	30000	3386.58	16.8333	213.556	1.10554
1122976	102997	30000	3393.96	16.8333	192.262	0.942809
1123072	103205	30000	3374.83	16.9167	204.594	0.799305
1123161	103389	30000	3382.83	16.7917	222.103	0.812233
1123243	103609	30000	3406.33	16.7917	219.15	0.812233
1123298	103811	30000	3377.54	16.7917	195.171	0.812233
1123353	104060	30000	3374.96	16.7917	219.804	0.812233
1123412	104214	30000	3387.54	16.875	224.853	0.661438
1123464	104395	30000	3385.25	16.8333	172.518	0.745356
1123512	104582	30000	3385.83	16.75	231.336	0.866025
1123551	104776	30000	3386.5	16.7917	205.555	0.996522
1123597	104959	30000	3367.17	16.7917	191.09	0.812233
1123641	105110	30000	3382.29	16.7917	221.567	0.812233
1123678	105295	30000	3393.38	16.7083	218.209	0.909059
1123705	105502	30000	3386.46	16.7917	218.97	0.812233
1123726	105718	30000	3367.58	16.7917	195.884	0.812233
1123750	105892	30000	3391.29	16.8333	193.038	0.745356
1123750	106049	30000	3412.33	16.75	213.003	0.866025
1123750	106232	30000	3386.71	16.7917	231.892	0.812233
1123750	106396	30000	3374.58	16.9167	239.518	0.799305
1123750	106545	30000	3387.38	16.8333	217.1	0.745356
1123750	106694	30000	3396.71	16.75	205.707	0.866025
1123750	106854	30000	3379.21	16.8333	179.184	0.745356
1123750	106986	30000	3362.5	17	226.182	0.816497
1123750	107125	30000	3395.67	16.7083	222.439	1.0769
1123750	107262	30000	3378.08	16.75	192.321	0.866025
1123750	107417	30000	3378.54	16.8333	201.537	0.745356
1123750	107533	30000	3382	16.7917	203.424	0.812233
1123750	107665	30000	3377.67	16.8333	199.664	0.745356
1123750	107798	30000	3377.08	16.875	254.732	0.877971
1123750	107909	30000	3389.79	16.7917	196.788	0.996522
1123750	108028	30000	3387.75	16.7917	224.048	0.812233
1123750	108130	30000	3395.46	16.7083	209.005	0.909059
1123750	108226	30000	3380.92	16.75	230.649	0.866025
1123750	108318	30000	3389.67	16.7917	194.074	0.996522
