population	links	tests	detected	time	error	time_error
11384	47	30000	3572.29	18.7917	435.969	1.2883
21859	73	30000	4094.67	18.5417	504.426	1.15169
37448	134	30000	3285.79	19.375	361.667	1.39194
44003	165	30000	3168.29	19.2917	362.892	1.22191
49402	177	30000	3098.46	19.5	316.813	1.1547
59251	315	30000	2891.12	19.7083	308.288	1.22191
63796	334	30000	2898.92	19.5	250.793	1.1547
68273	343	30000	2865.21	19.5	267.051	1
76331	414	30000	3250.54	18.1667	328.067	0.942809
80148	444	30000	3239.71	18.4167	354.772	1.40436
86872	519	30000	3671.71	16.4167	388.109	1.72401
89989	560	30000	3593.38	16.5833	354.696	1.72401
93069	576	30000	3569.62	16.6667	318.474	1.69967
98949	645	30000	3406.04	16.9583	329.798	1.86897
101802	697	30000	3357.29	17.0417	344.719	1.4696
104652	731	30000	3340.08	16.9583	339.34	1.4696
109936	777	30000	3231.08	17.4167	317.73	1.72401
112547	800	30000	3197.04	17.5417	267.468	1.52525
115148	826	30000	3435.46	16.5	358.495	1.91485
120161	880	30000	3352.71	16.625	339.806	1.61374
122621	906	30000	3315.67	16.75	308.841	1.44338
127275	996	30000	3256.46	16.9583	316.284	1.4696
129479	1033	30000	3254.33	16.875	286.127	1.56125
131622	1090	30000	3229	16.9583	298.284	1.57894
135888	1132	30000	3167.79	17.2083	264.849	1.52525
137990	1171	30000	3132.29	17.2917	280.774	1.22191
140063	1191	30000	3138.21	17.375	291.768	1.50693
144034	1239	30000	3074.71	17.4583	278.286	1.63087
145919	1264	30000	3067	17.4167	278.358	1.72401
147793	1315	30000	3038.67	17.4167	276.47	1.72401
151523	1369	30000	3023.29	17.6667	251.988	1.49071
153352	1407	30000	3014.46	17.5	282.675	1.63299
156946	1442	30000	3005.58	17.5417	269.001	1.63087
158693	1480	30000	2991.62	17.5833	269.749	1.28019
160418	1506	30000	3051.5	17.5833	266.845	1.40436
163737	1604	30000	3032.12	17.6667	263.631	1.49071
165381	1633	30000	3032.5	17.75	262.127	1.04083
167003	1682	30000	3043.29	17.7083	288.788	1.77756
170219	1783	30000	3025.67	17.9167	286.821	1.40436
171822	1825	30000	3084	17.4167	266.55	1.40436
173348	1875	30000	3096.5	17.5833	320.708	1.28019
176396	1918	30000	3054.46	17.625	262.652	1.39194
177892	1949	30000	3056.04	17.5833	262.671	1.28019
180864	2034	30000	3014.5	17.7083	273.36	1.35144
182347	2062	30000	3007.5	17.7083	253.72	1.22191
183804	2125	30000	3022.29	17.7083	243.844	1.35144
186715	2182	30000	3001.75	17.7917	299.63	1.52525
188170	2194	30000	3017.12	17.7083	235.986	1.22191
189620	2206	30000	2998.79	17.7083	265.185	1.22191
192485	2249	30000	3002.25	17.7083	266.797	1.22191
193894	2262	30000	2980.17	17.7917	269.646	1.2883
195275	2329	30000	3014	17.6667	240.868	1.24722
198061	2368	30000	3004.71	17.75	280.245	1.32288
199423	2409	30000	3005.42	17.7917	248.036	1.2883
202129	2457	30000	3034.88	17.7083	253.154	1.22191
203472	2474	30000	3013.08	17.75	261.631	1.32288
204790	2490	30000	3001.75	17.7917	258.469	1.15169
207400	2525	30000	2992.08	17.6667	276.644	1.10554
208684	2575	30000	3015.54	17.6667	259.743	1.24722
209967	2620	30000	3047.75	17.6667	264.003	1.24722
212547	2666	30000	3042.88	17.7917	264.47	1.15169
213825	2697	30000	3062.58	17.625	285.952	1.26656
215110	2713	30000	3050.75	17.7083	275.749	1.22191
217582	2735	30000	3047.58	17.625	311.706	1.39194
218803	2755	30000	3064.5	17.7917	264.059	1.2883
221194	2810	30000	3067	17.6667	272.197	1.24722
222379	2838	30000	3044.08	17.9167	259.693	1.14261
223565	2861	30000	3040.62	17.6667	271.353	1.24722
225908	2941	30000	3041.62	17.8333	271.97	1.24722
227068	2969	30000	3030.21	17.875	278.011	1.45057
228227	2999	30000	3027.29	17.75	268	1.04083
230542	3031	30000	3008.71	17.9583	224.826	1.22191
231685	3055	30000	3011.21	17.875	268.972	1.33073
232831	3069	30000	3011.46	17.8333	270.217	1.37437
235069	3102	30000	2996.58	17.9167	232.508	1.14261
236166	3120	30000	2994.42	18	277.127	1
238343	3152	30000	2979.04	18	262.589	1.1547
239430	3166	30000	2967.29	18.0833	299.38	1.28019
240498	3195	30000	2951.17	18.0417	269.593	1.22191
242604	3261	30000	2950.38	18.0417	245.058	1.35144
243660	3278	30000	2925.29	17.9583	256.108	1.0769
244710	3297	30000	2927.21	18.0833	238.689	0.986013
246763	3368	30000	2919.21	18	194.767	1
247777	3415	30000	2955.25	18	253.734	1.1547
248785	3435	30000	2956.38	17.9167	219.606	1.14261
250788	3479	30000	2963.08	17.9583	276.284	1.0769
251783	3511	30000	2961.5	18.0417	216.106	0.909059
253761	3569	30000	2919.21	17.9583	269.735	1.0769
254738	3602	30000	2922.92	18.0417	258.792	1.22191
255716	3614	30000	2913.75	18	245.468	1.29099
257638	3682	30000	2918.83	18.0417	275.95	1.0769
258610	3687	30000	2918.46	18.0417	252.75	1.0769
259565	3708	30000	2915.79	18.0833	275.173	0.799305
261472	3746	30000	2899.21	18.0833	259.742	1.28019
262405	3769	30000	2891.96	18.125	246.694	1.05079
263338	3786	30000	2884.17	18.125	265.591	1.05079
265193	3819	30000	2900.08	18.125	246.458	0.877971
266113	3836	30000	2886.42	18.2083	233.615	1.41176
267948	3869	30000	2871.04	18.25	242.466	1.04083
268838	3921	30000	2870.12	18.1667	227.29	0.942809
269738	3949	30000	2886.42	18.2083	248.396	1.15169
271518	4024	30000	2893.92	18.1667	249.442	1.10554
272387	4067	30000	2906.67	18.125	223.328	0.877971
273271	4081	30000	2909.92	18.1667	244.115	0.942809
275025	4121	30000	2875.75	18.2083	246.525	1.2883
275903	4132	30000	2904.29	18.0833	253.539	0.986013
276774	4157	30000	2873.58	18.125	227.951	0.877971
278488	4212	30000	2868.83	18.1667	264.599	0.942809
279336	4238	30000	2862.42	18.1667	243.55	0.942809
281025	4292	30000	2879.46	18.1667	232.34	1.10554
281841	4358	30000	2903.25	18.2083	253.241	0.812233
282683	4374	30000	2897.54	18.0833	241.135	1.14261
284327	4421	30000	2897.75	18.125	240.999	0.877971
285140	4450	30000	2876.67	18.2083	233.944	1.15169
285960	4458	30000	2865.83	18.25	221.859	1.19024
287581	4505	30000	2850.92	18.25	227.555	1.19024
288382	4537	30000	2860.38	18.25	236.157	1.32288
289968	4580	30000	2843.67	18.2917	232.636	1.0769
290757	4603	30000	2848.58	18.2917	201.134	0.909059
291526	4629	30000	2841.96	18.1667	240.217	0.942809
293057	4657	30000	2859.21	18.2083	242.418	0.996522
293801	4705	30000	2860.62	18.2083	257.067	1.15169
294554	4727	30000	2864.71	18.2083	264.07	0.996522
296045	4775	30000	2866.79	18.1667	261.44	0.942809
296779	4798	30000	2874.88	18.1667	258.586	0.942809
297506	4823	30000	2868.25	18.3333	254.599	1.37437
298965	4862	30000	2880.54	18.125	221.442	0.877971
299683	4890	30000	2871.38	18.2083	236.25	0.996522
301110	4944	30000	2886.25	18.2083	275.745	1.2883
301818	4955	30000	2873.25	18.1667	223.245	0.942809
302523	4967	30000	2879.75	18.1667	228.595	1.10554
303927	4996	30000	2862.12	18.3333	226.131	1.10554
304622	5018	30000	2862.96	18.2083	231.537	1.15169
305311	5039	30000	2882.21	18.25	223.634	1.04083
306678	5087	30000	2857.46	18.3333	250.186	1.10554
307358	5106	30000	2850.17	18.25	232.34	1.04083
308023	5132	30000	2857.67	18.25	254.987	1.19024
309356	5169	30000	2859.38	18.2917	219.758	1.0769
310007	5196	30000	2865	18.2083	284.177	0.996522
311320	5227	30000	2846	18.25	215.904	1.04083
311963	5262	30000	2837.25	18.4167	219.352	0.986013
312611	5289	30000	2840.67	18.2917	255.58	0.909059
313908	5322	30000	2840.42	18.25	214.41	1.04083
314554	5334	30000	2850.08	18.375	209.411	0.968246
315187	5356	30000	2846.08	18.25	254.248	1.04083
316430	5406	30000	2858.38	18.2917	230.286	0.909059
317049	5436	30000	2848.25	18.3333	227.891	1.10554
317668	5473	30000	2853.04	18.2917	229.026	1.22191
318905	5502	30000	2828.04	18.4583	235.942	0.996522
319515	5540	30000	2853.5	18.2917	214.52	1.0769
320728	5606	30000	2861.75	18.3333	234.673	1.10554
321334	5634	30000	2840.04	18.2917	221.917	1.0769
321943	5641	30000	2892.62	18.2083	254.887	1.2883
323126	5695	30000	2872.79	18.2917	232.088	0.909059
323726	5711	30000	2893.25	18.0833	244.037	0.986013
324318	5732	30000	2886.83	18.2083	205.413	0.996522
325484	5803	30000	2896.62	18.1667	223.399	0.942809
326073	5819	30000	2883.71	18.2083	225.899	1.15169
326654	5838	30000	2864.75	18.1667	280.491	1.10554
327806	5885	30000	2880.04	18.0833	261.351	0.986013
328385	5898	30000	2879	18.0833	265.61	0.986013
329528	5947	30000	2883.29	18.0833	229.607	0.799305
330100	5973	30000	2872	18.2083	225.477	0.996522
330665	6007	30000	2882.5	18.1667	229.833	0.942809
331814	6037	30000	2884.92	18.1667	241.057	1.37437
332385	6052	30000	2883.83	18.0833	238.5	1.14261
332958	6060	30000	2866.08	18.1667	231.132	1.10554
334082	6109	30000	2853.25	18.3333	220.416	1.24722
334647	6129	30000	2857.75	18.2083	214.95	0.996522
335208	6154	30000	2870.83	18.125	249.549	1.05079
336344	6163	30000	2884.42	18.125	262.553	1.19896
336900	6182	30000	2881.21	18.0833	264.175	1.14261
338016	6197	30000	2888.21	18.1667	279.691	1.24722
338560	6229	30000	2888.29	18.1667	209.69	0.942809
339109	6245	30000	2887.92	18.125	212.648	0.877971
340206	6275	30000	2877.75	18.125	243.009	0.877971
340756	6286	30000	2882.5	18.1667	215.789	0.942809
341291	6324	30000	2894.5	18	233.283	1
342373	6353	30000	2891.67	17.9583	232.316	1.0769
342908	6373	30000	2901.79	18	224.986	1
343444	6387	30000	2896.04	18	253.919	1.1547
344480	6466	30000	2919.79	18.0417	249.933	1.0769
345008	6480	30000	2923.54	17.9583	218.171	0.909059
346062	6510	30000	2944.29	17.9583	267.159	1.0769
346576	6542	30000	2944.88	17.9167	248.171	1.14261
347097	6557	30000	2923.96	17.9167	214.049	0.986013
348140	6580	30000	2944.71	17.9583	254.478	1.0769
348664	6584	30000	2926.33	17.9167	218.218	0.986013
349183	6597	30000	2922.04	18	227.669	1.1547
350209	6641	30000	2925.5	18	245.892	1
350728	6646	30000	2911.54	18	211.422	1
351239	6665	30000	2926.75	17.9583	237.088	1.0769
352252	6710	30000	2915.42	18	268.87	1.1547
352763	6713	30000	2942.46	17.875	234.194	1.05079
353766	6749	30000	2942.54	17.9583	222.798	1.0769
354262	6771	30000	2947.46	17.9583	240.385	0.909059
354761	6784	30000	2941.75	17.9583	214.095	0.909059
355745	6842	30000	2959.33	18.0417	229.03	1.0769
356239	6857	30000	2965.54	17.7917	241.433	1.15169
356729	6889	30000	2983.21	17.7917	253.597	0.996522
357717	6914	30000	2967.25	17.8333	242.161	1.10554
358207	6931	30000	2951.67	17.7917	224.997	1.2883
358700	6943	30000	2964.54	17.7917	264.268	0.996522
359659	7027	30000	2999.75	17.875	227.909	1.05079
360142	7051	30000	2971	17.875	225.449	1.05079
361110	7090	30000	2966.46	18	233.502	1.1547
361590	7115	30000	2970.17	17.9583	234.333	1.0769
362066	7158	30000	2977.29	17.9167	238.236	1.14261
363025	7189	30000	2966.42	17.8333	245.912	0.942809
363498	7212	30000	2983.29	17.8333	233.283	1.10554
363973	7230	30000	2984.71	17.875	239.656	1.05079
364907	7285	30000	2988	17.875	227.653	1.05079
365382	7295	30000	2980.12	17.7917	244.897	1.15169
365849	7312	30000	2992.75	17.8333	258.946	0.942809
366784	7341	30000	2976.12	17.7917	242.199	0.996522
367254	7349	30000	2994.12	17.8333	245.919	0.942809
368157	7433	30000	2989.33	17.7917	247.644	0.996522
368613	7458	30000	2999.46	17.9167	236.778	1.14261
369079	7461	30000	2976.67	17.75	260.161	1.04083
369998	7489	30000	2985.17	17.875	249.852	1.05079
370454	7511	30000	2989.62	17.8333	285.323	1.10554
370916	7516	30000	2974.04	17.875	208.629	1.05079
371820	7563	30000	2982	17.7083	210.563	1.0769
372271	7581	30000	2998.04	17.7083	227.314	1.0769
372719	7601	30000	2992.62	17.875	242.506	1.19896
373624	7625	30000	2967.75	17.9167	237.627	0.986013
374074	7647	30000	2972.46	17.75	237.295	1.04083
374958	7704	30000	2987.67	17.8333	242.217	0.942809
375400	7733	30000	2964.12	17.875	245.942	1.05079
375835	7763	30000	2980.38	17.9583	219.609	0.909059
376726	7779	30000	2982.79	17.8333	287.215	0.942809
377169	7790	30000	2985.08	17.9167	223.853	1.14261
377612	7800	30000	2977.92	17.8333	262.838	1.24722
378478	7854	30000	3005.62	17.75	250.538	1.04083
378918	7861	30000	2994.96	17.6667	242.163	1.10554
379794	7879	30000	2996.46	17.75	253.639	1.04083
380230	7889	30000	2986.79	17.75	266.723	1.19024
380661	7907	30000	2991.54	17.8333	193.257	0.942809
381506	7960	30000	2998.42	17.7083	266.536	1.22191
381932	7979	30000	2998.33	17.7917	227.328	0.996522
382356	8002	30000	3016.29	17.875	221.446	0.877971
383201	8052	30000	3034.67	17.7083	235.574	0.909059
383621	8076	30000	3032.04	17.6667	238.406	0.942809
384042	8092	30000	3035.04	17.8333	242.351	1.10554
384889	8117	30000	3025	17.7917	236.006	0.996522
385310	8129	30000	3034	17.6667	243.419	0.942809
386156	8138	30000	3019.62	17.75	227.785	1.04083
386571	8156	30000	3027.92	17.75	249.856	0.866025
386986	8175	30000	3033.42	17.75	234.329	1.04083
387821	8190	30000	3020.62	17.875	234.129	0.877971
388234	8208	30000	3034.62	17.8333	218.559	1.10554
388641	8231	30000	3031.25	17.75	246.354	1.19024
389460	8268	30000	3022.33	17.9167	259.005	1.14261
389866	8288	30000	3037.88	17.75	261.242	1.19024
390277	8296	30000	3035.29	17.75	237.823	1.04083
391090	8323	30000	3054.29	17.5833	247.904	0.986013
391500	8331	30000	3072.04	17.5833	292.723	0.986013
413535	9184	30000	3118.96	17.5	247.982	1
437394	10332	30000	3164.88	17.2083	231.779	0.996522
459141	11405	30000	3141.42	17.375	239.883	0.968246
478911	12424	30000	3187.54	17.1667	202.879	0.745356
497189	13439	30000	3178.54	17.125	230.138	0.661438
514251	14343	30000	3204.17	17.0417	214.737	1.0769
530344	15176	30000	3230.29	17.0833	204.581	0.799305
545537	16101	30000	3255.46	16.9167	171.478	0.799305
560041	16870	30000	3295.96	16.8333	218.552	0.942809
573888	17726	30000	3298.96	16.9167	224.267	1.14261
587011	18540	30000	3318.75	16.7917	188.896	0.996522
599601	19367	30000	3319.33	16.9583	212.517	0.909059
611764	20209	30000	3331.54	16.875	247.846	0.661438
623487	20891	30000	3337.46	16.8333	230.478	0.942809
634680	21747	30000	3352.12	16.8333	206.455	0.942809
645514	22527	30000	3364.33	16.75	235.83	1.04083
656029	23231	30000	3370.67	16.8333	237.636	0.942809
666170	23939	30000	3385.08	16.7917	210.523	0.812233
675961	24607	30000	3409.58	16.75	211.268	0.866025
685385	25322	30000	3418.92	16.6667	218.084	0.942809
694385	25894	30000	3426.46	16.625	218.106	0.968246
703250	26481	30000	3460.17	16.5417	218.627	0.996522
711853	27082	30000	3443.71	16.7083	211.872	0.909059
720182	27760	30000	3447.21	16.6667	208.149	0.942809
728242	28462	30000	3460.58	16.625	218.356	0.968246
736107	29087	30000	3483.38	16.5833	191.3	0.986013
743768	29742	30000	3471.5	16.5417	217.944	0.996522
751277	30368	30000	3469.58	16.5417	218.855	0.996522
758593	31041	30000	3492.12	16.6667	239.859	0.942809
765740	31621	30000	3472.46	16.5833	223.651	0.986013
772705	32231	30000	3484.33	16.6667	248.914	0.942809
779487	32812	30000	3490.12	16.5417	198.748	0.996522
786114	33415	30000	3492.46	16.625	166.67	0.968246
792541	34075	30000	3495.58	16.5	229.629	1.1547
798841	34660	30000	3518	16.5	174.451	1
805038	35195	30000	3500.75	16.5417	206.231	0.996522
811028	35803	30000	3488.12	16.5833	212.954	0.986013
816926	36376	30000	3530.67	16.4583	252.66	0.996522
822700	36948	30000	3498.83	16.5417	196.017	0.996522
828376	37474	30000	3505.62	16.5	169.125	1
833901	38066	30000	3511.25	16.4167	245.337	0.986013
839360	38582	30000	3512.62	16.5417	213.248	0.996522
844700	39089	30000	3506.25	16.6667	213.1	0.942809
849924	39658	30000	3493.17	16.5417	238.359	0.996522
855080	40236	30000	3518.71	16.5833	209.931	0.986013
860130	40837	30000	3509.04	16.5833	246.817	0.986013
865030	41309	30000	3502.08	16.5417	221.379	0.996522
869838	41861	30000	3499.04	16.625	202.01	0.968246
874547	42499	30000	3512.83	16.625	227.801	0.968246
879193	43003	30000	3506.04	16.5833	224.931	0.986013
883751	43479	30000	3507.88	16.5417	176.099	0.996522
888162	44046	30000	3491.08	16.625	240.69	0.968246
892546	44541	30000	3485.79	16.5833	198.188	0.986013
896822	45014	30000	3500.33	16.5833	193.78	0.986013
900977	45560	30000	3496.25	16.625	202.774	0.968246
905076	46070	30000	3498.83	16.625	195.801	0.968246
909078	46634	30000	3494	16.5417	212.614	0.996522
913076	47070	30000	3505.75	16.5417	232.469	0.996522
916980	47548	30000	3495	16.625	203.44	0.968246
920824	48013	30000	3482.67	16.625	215.486	0.968246
924588	48482	30000	3495.04	16.625	202.928	0.968246
928276	48989	30000	3496.12	16.5833	217.347	0.986013
931854	49583	30000	3511.08	16.5	244.066	1
935403	50122	30000	3486.88	16.625	197.428	0.968246
938898	50600	30000	3486.96	16.6667	213.778	0.942809
942345	51089	30000	3488.71	16.6667	238.825	0.942809
945730	51579	30000	3479.29	16.5417	229.973	0.996522
949066	52034	30000	3490.17	16.5833	213.336	0.986013
952346	52506	30000	3486.17	16.625	201.175	0.968246
955576	52962	30000	3479.17	16.5833	199.311	0.986013
958757	53439	30000	3490.5	16.5833	230.574	0.986013
961885	53890	30000	3493.88	16.625	232.035	0.968246
964915	54334	30000	3494.71	16.5417	249.236	0.996522
967932	54797	30000	3483.54	16.7083	234.25	0.909059
970898	55313	30000	3480.17	16.7083	233.75	0.909059
973828	55779	30000	3489.04	16.5833	209.906	0.986013
976683	56264	30000	3483.88	16.6667	220.886	0.942809
979497	56729	30000	3499.12	16.6667	229.383	0.942809
982276	57177	30000	3483.38	16.625	215.135	1.12731
984998	57624	30000	3480.33	16.5	220.19	1
987669	58119	30000	3507.21	16.5417	235.426	0.996522
990305	58566	30000	3481	16.625	235.659	0.968246
992916	58977	30000	3469.25	16.5833	204.452	0.986013
995471	59427	30000	3482.17	16.625	199.28	0.968246
997971	59928	30000	3492.38	16.5417	202.089	0.996522
1000459	60353	30000	3474.04	16.5417	187.502	0.996522
1002894	60793	30000	3490.75	16.5833	222.773	0.986013
1005298	61227	30000	3458.71	16.7083	221.916	0.909059
1007660	61658	30000	3488.96	16.6667	185.653	0.942809
1009982	62092	30000	3466.54	16.5833	198.931	0.986013
1012263	62588	30000	3473	16.7083	225.423	0.909059
1014511	63060	30000	3464	16.625	168.617	0.968246
1016709	63532	30000	3479.83	16.7083	182.167	0.909059
1018911	63930	30000	3455.79	16.7083	191.35	0.909059
1021072	64328	30000	3476.29	16.625	198.135	0.968246
1023170	64781	30000	3473	16.6667	220.366	0.942809
1025250	65208	30000	3458.92	16.6667	212.233	0.942809
1027297	65636	30000	3471.21	16.5833	220.952	0.986013
1029281	65997	30000	3458	16.6667	248.479	1.10554
1031274	66356	30000	3462.21	16.7083	207.867	0.909059
1033219	66762	30000	3471.62	16.6667	160.901	0.942809
1035137	67182	30000	3449.33	16.7083	221.78	0.909059
1037005	67605	30000	3459.04	16.7083	253.093	0.909059
1038820	68082	30000	3465.62	16.5833	219.483	0.986013
1040642	68478	30000	3453.21	16.75	206.117	0.866025
1042448	68840	30000	3454.5	16.7083	196.93	1.0769
1044198	69258	30000	3459.04	16.6667	226.523	0.942809
1045931	69649	30000	3459.62	16.7083	197.178	0.909059
1047623	70046	30000	3446.33	16.5833	229.487	0.986013
1049303	70390	30000	3442.25	16.7083	227.942	0.909059
1050928	70808	30000	3441.83	16.875	219.884	0.661438
1052543	71204	30000	3466.5	16.625	198.991	0.968246
1054116	71604	30000	3447.58	16.7083	207.759	0.909059
1055661	72009	30000	3446.62	16.5833	206.384	0.986013
1057179	72387	30000	3425.88	16.75	223.959	1.04083
1058666	72818	30000	3452.75	16.7083	236.086	0.909059
1060140	73211	30000	3458.75	16.7083	201.12	0.909059
1061584	73601	30000	3446.67	16.75	206.36	0.866025
1063024	73940	30000	3457.29	16.7083	210.25	0.909059
1064425	74275	30000	3438.33	16.625	229.793	0.968246
1065802	74631	30000	3442.62	16.6667	220.884	0.942809
1067169	74972	30000	3437.17	16.625	227.268	0.968246
1068486	75380	30000	3435.17	16.75	211.479	0.866025
1069810	75721	30000	3433.54	16.75	174.308	0.866025
1071085	76060	30000	3439.25	16.75	210.458	0.866025
1072341	76420	30000	3455.29	16.625	251.885	0.968246
1073594	76745	30000	3424.42	16.75	216.898	0.866025
1074822	77060	30000	3430.62	16.7083	214.719	0.909059
1076026	77385	30000	3430	16.75	206.023	0.866025
1077194	77755	30000	3433.17	16.7083	224.685	1.0769
1078344	78114	30000	3429.92	16.6667	202.801	0.942809
1079470	78506	30000	3448.5	16.75	212.134	0.866025
1080577	78841	30000	3418.46	16.6667	258.938	0.942809
1081678	79178	30000	3419.29	16.75	205.165	0.866025
1082749	79516	30000	3437.42	16.6667	223.467	0.942809
1083803	79861	30000	3428.79	16.6667	203.798	0.942809
1084856	80146	30000	3405.29	16.75	222.611	0.866025
1085866	80501	30000	3411.71	16.75	193.687	0.866025
1086846	80853	30000	3417.42	16.7083	195.208	0.909059
1087831	81156	30000	3434.29	16.7917	225.078	0.812233
1088795	81477	30000	3428.83	16.7083	213.298	0.909059
1089734	81801	30000	3416.25	16.7917	178.806	0.812233
1090658	82135	30000	3409.96	16.7083	271.122	0.909059
1091571	82476	30000	3413.08	16.8333	180.943	0.745356
1092467	82807	30000	3426.17	16.75	184.977	0.866025
1093340	83136	30000	3437.83	16.7083	197.631	0.909059
1094184	83503	30000	3408.75	16.875	189.257	0.661438
1095016	83820	30000	3403.96	16.8333	224.681	0.745356
1095827	84200	30000	3420.92	16.6667	203.705	0.942809
1096623	84519	30000	3383.21	16.7917	233.159	0.812233
1097393	84864	30000	3410.83	16.75	222.44	0.866025
1098150	85231	30000	3399.83	16.75	221.796	0.866025
1098930	85535	30000	3431.38	16.75	222.605	0.866025
1099669	85878	30000	3426.75	16.7083	214.607	0.909059
1100401	86198	30000	3413.83	16.7917	220.242	0.996522
1101128	86465	30000	3398.21	16.6667	221.265	0.942809
1101830	86791	30000	3401.92	16.8333	216.415	0.745356
1102519	87070	30000	3416.54	16.75	214.511	0.866025
1103193	87370	30000	3398.75	16.7083	259.043	0.909059
1103866	87682	30000	3417.38	16.8333	236.571	0.942809
1104508	87987	30000	3420.83	16.7917	221.231	0.812233
1105157	88242	30000	3389.96	16.7083	210.213	0.909059
1105768	88564	30000	3401.33	16.75	204.896	0.866025
1106374	88862	30000	3408.12	16.7917	184.83	0.812233
1106952	89194	30000	3419.96	16.7917	224.132	0.812233
1107515	89512	30000	3408.92	16.8333	215.507	0.745356
1108076	89804	30000	3401.17	16.75	220.915	0.866025
1108619	90102	30000	3417.83	16.6667	231.354	0.942809
1109162	90373	30000	3408.17	16.75	214.022	0.866025
1109676	90705	30000	3399.75	16.7917	223.372	0.812233
1110198	90987	30000	3405.83	16.8333	206.302	0.745356
1110682	91293	30000	3399	16.7917	210.883	0.812233
1111166	91551	30000	3405.96	16.7083	198.432	0.909059
1111641	91818	30000	3390.96	16.75	223.603	0.866025
1112116	92072	30000	3406.5	16.7083	207.451	0.909059
1112572	92326	30000	3392.88	16.7917	215.085	0.812233
1113020	92576	30000	3403.29	16.75	203.755	0.866025
1113428	92891	30000	3399.83	16.8333	194.844	0.745356
1113852	93166	30000	3395.62	16.7917	203.175	0.812233
1114259	93445	30000	3395.92	16.875	183.204	0.877971
1114650	93735	30000	3388.92	16.8333	194.421	0.942809
1115046	94036	30000	3396.71	16.8333	208.728	0.745356
1115423	94291	30000	3395.04	16.7917	212.799	0.812233
1115800	94504	30000	3379.62	16.8333	203.123	0.745356
1116158	94739	30000	3402	16.75	236.792	0.866025
1116516	94963	30000	3413.04	16.75	232.145	1.04083
1116843	95259	30000	3414.62	16.75	213.246	0.866025
1117154	95548	30000	3385.83	16.7083	205.861	0.909059
1117481	95774	30000	3403.67	16.75	223.844	0.866025
1117777	96042	30000	3383.54	16.8333	199.531	0.942809
1118076	96254	30000	3409.25	16.75	234.868	0.866025
1118367	96469	30000	3387.33	16.75	202.531	0.866025
1118623	96803	30000	3406.67	16.875	234.919	0.661438
1118902	97046	30000	3372.75	16.9167	209.98	0.799305
1119166	97285	30000	3389.75	16.8333	225.099	0.942809
1119411	97529	30000	3405.21	16.9167	204.19	0.799305
1119637	97789	30000	3397.42	16.7917	235.025	0.812233
1119865	98032	30000	3393.38	16.7917	197.215	0.812233
1120086	98285	30000	3395.04	16.875	218.484	0.661438
1120311	98522	30000	3377.54	16.8333	195.276	0.745356
1120517	98765	30000	3399.12	16.875	194.717	0.661438
1120707	99048	30000	3395.08	16.7083	261.657	0.909059
1120908	99283	30000	3401.29	16.8333	201.946	0.942809
1121089	99520	30000	3383.54	16.8333	201.047	0.942809
1121262	99760	30000	3403.67	16.7083	201.396	0.909059
1121432	99955	30000	3405.21	16.875	226.228	0.661438
1121589	100202	30000	3407.08	16.875	224.306	0.661438
1121746	100414	30000	3389.54	16.7917	198.155	0.996522
1121892	100652	30000	3383.67	16.6667	196.138	0.942809
1122018	100930	30000	3377.71	16.7917	178.414	0.996522
1122147	101162	30000	3387.62	16.8333	208.032	0.745356
1122265	101421	30000	3374.12	16.75	191.186	0.866025
1122374	101681	30000	3398.88	16.8333	224.082	0.942809
1122481	101891	30000	3397.92	16.7917	246.083	0.996522
1122582	102125	30000	3404.04	16.7917	217.393	0.996522
1122686	102342	30000	3380.71	16.875	230.691	0.877971
1122787	102568	30000	3388.88	16.7917	219.256	0.996522
1122886	102781	30000	3386.58	16.8333	213.556	1.10554
1122976	102997	30000	3393.96	16.8333	192.262	0.942809
1123072	103205	30000	3374.83	16.9167	204.594	0.799305
1123161	103389	30000	3382.83	16.7917	222.103	0.812233
1123243	103609	30000	3406.33	16.7917	219.15	0.812233
1123298	103811	30000	3377.54	16.7917	195.171	0.812233
1123353	104060	30000	3374.96	16.7917	219.804	0.812233
1123412	104214	30000	3387.54	16.875	224.853	0.661438
1123464	104395	30000	3385.25	16.8333	172.518	0.745356
1123512	104582	30000	3385.83	16.75	231.336	0.866025
1123551	104776	30000	3386.5	16.7917	205.555	0.996522
1123597	104959	30000	3367.17	16.7917	191.09	0.812233
1123641	105110	30000	3382.29	16.7917	221.567	0.812233
1123678	105295	30000	3393.38	16.7083	218.209	0.909059
1123705	105502	30000	3386.46	16.7917	218.97	0.812233
1123726	105718	30000	3367.58	16.7917	195.884	0.812233
1123750	105892	30000	3391.29	16.8333	193.038	0.745356
1123750	106049	30000	3412.33	16.75	213.003	0.866025
1123750	106232	30000	3386.71	16.7917	231.892	0.812233
1123750	106396	30000	3374.58	16.9167	239.518	0.799305
1123750	106545	30000	3387.38	16.8333	217.1	0.745356
1123750	106694	30000	3396.71	16.75	205.707	0.866025
1123750	106854	30000	3379.21	16.8333	179.184	0.745356
1123750	106986	30000	3362.5	17	226.182	0.816497
1123750	107125	30000	3395.67	16.7083	222.439	1.0769
1123750	107262	30000	3378.08	16.75	192.321	0.866025
1123750	107417	30000	3378.54	16.8333	201.537	0.745356
1123750	107533	30000	3382	16.7917	203.424	0.812233
1123750	107665	30000	3377.67	16.8333	199.664	0.745356
1123750	107798	30000	3377.08	16.875	254.732	0.877971
1123750	107909	30000	3389.79	16.7917	196.788	0.996522
1123750	108028	30000	3387.75	16.7917	224.048	0.812233
1123750	108130	30000	3395.46	16.7083	209.005	0.909059
1123750	108226	30000	3380.92	16.75	230.649	0.866025
1123750	108318	30000	3389.67	16.7917	194.074	0.996522