0 0
1 1
2 2
3 3
4 3
5 3
6 4
7 5
8 6
9 7
10 8
11 9
12 10
13 11
14 12
15 13
16 14
17 15
18 16
19 17
20 18
21 19
22 20
23 21
24 22
25 23
26 24
27 25
28 26
29 27
30 28
31 29
32 30
33 31
34 32
35 33
36 34
37 35
38 36
39 37
40 38
41 39
42 40
43 18
44 41
45 42
46 43
47 44
48 43
49 43
50 43
51 45
52 46
53 47
54 48
55 49
56 46
57 50
58 51
59 52
60 53
61 54
62 55
63 56
64 57
65 58
66 59
67 60
68 61
69 62
70 63
71 64
72 65
73 66
74 67
75 68
76 69
77 70
78 55
79 59
80 71
81 72
82 73
83 74
84 75
85 76
86 77
87 78
88 79
89 80
90 81
91 82
92 83
93 84
94 85
95 86
96 87
97 88
98 89
99 90
100 91
101 92
102 93
103 94
104 95
105 96
106 97
107 98
108 99
109 100
110 101
111 102
112 103
113 104
114 105
115 106
116 107
117 108
118 109
119 110
120 111
121 112
122 113
123 114
124 115
125 116
126 117
127 118
128 119
129 120
130 121
131 122
132 123
133 124
134 125
135 126
136 127
137 128
138 129
139 130
140 131
141 132
142 133
143 134
144 135
145 136
146 137
147 138
148 139
149 140
150 141
151 142
152 143
153 144
154 145
155 146
156 147
157 148
158 149
159 150
160 151
161 152
162 153
163 150
164 154
165 155
166 156
167 157
168 158
169 159
170 160
171 161
172 162
173 163
174 164
175 165
176 166
177 167
178 168
179 169
180 170
181 171
182 172
183 173
184 174
185 175
186 176
187 177
188 178
189 179
190 42
191 180
192 181
193 180
194 177
195 182
196 177
197 183
198 184
199 172
200 179
201 185
202 179
203 185
204 186
205 187
206 179
207 179
208 188
209 179
210 189
211 190
212 191
213 186
214 192
215 187
216 193
217 194
218 186
219 179
220 195
221 196
222 187
223 197
224 197
225 3
226 3
227 3
228 3
229 3
230 3
231 3
232 3
233 197
234 197
235 197
236 197
237 197
238 197
239 197
240 197
241 197
242 3
243 198
244 3
245 3
246 198
247 198
248 198
249 198
250 198
251 3
252 3
253 3
254 3
255 3
256 3
257 3
258 197
259 197
260 179
261 3
262 3
263 3
264 3
265 3
266 3
267 3
268 3
269 3
270 3
271 3
272 199
273 3
274 194
275 194
276 194
277 200
278 194
279 187
280 194
281 194
282 201
283 202
284 194
285 203
286 187
287 201
288 204
289 205
290 206
291 207
292 208
293 194
294 194
295 194
296 194
297 194
298 194
299 187
300 3
301 209
302 210
303 3
304 211
305 212
306 213
307 213
308 179
309 194
310 194
311 194
312 194
313 194
314 194
315 194
316 3
317 214
318 203
319 203
320 3
321 203
322 215
323 198
324 198
325 198
326 198
327 198
328 198
329 198
330 198
331 198
332 198
333 198
334 198
335 198
336 198
337 194
338 194
339 198
340 198
341 198
342 198
343 198
344 198
345 198
346 198
347 198
348 194
349 194
350 198
351 198
352 198
353 198
354 198
355 198
356 198
357 198
358 198
359 198
360 198
361 198
362 198
363 198
364 198
365 198
366 198
367 198
368 198
369 198
370 198
371 198
372 198
373 198
374 198
375 198
376 198
377 198
378 198
379 198
380 198
381 198
382 198
383 198
384 214
385 198
386 198
387 198
388 198
389 198
390 198
391 216
392 217
393 218
394 219
395 220
396 221
397 222
398 223
399 224
400 225
401 226
402 227
403 228
404 229
405 230
406 231
407 232
408 233
409 234
410 235
411 236
412 237
413 238
414 239
415 240
416 241
417 242
418 243
419 244
420 245
421 246
422 247
423 248
424 249
425 250
426 251
427 252
428 253
429 254
430 255
431 256
432 257
433 258
434 259
435 260
436 261
437 262
438 263
439 264
440 265
441 266
442 267
443 268
444 269
445 270
446 271
447 272
448 273
449 274
450 265
451 275
452 276
453 277
454 278
455 266
456 266
457 279
458 280
459 281
460 200
461 282
462 283
463 284
464 200
465 285
466 265
467 265
468 265
469 286
470 287
471 288
472 289
473 290
474 291
475 292
476 293
477 294
478 295
479 296
480 297
481 298
482 299
483 300
484 301
485 302
486 303
487 304
488 305
489 306
490 307
491 308
492 309
493 310
494 271
495 271
496 271
497 271
