0 18472 17.92477301053132
1 12108 10.544786693992405
2 23956 9.955517940623663
3 17342 9.848032114434506
4 14052 6.586815074046675
5 13221 13.702363099751814
6 1396 0.7922133229960912
7 11261 16.82026519041787
8 32786 14.817026951476223
9 3771 0.1732981002228582
10 59503 5.045177429393496
11 57964 8.196205156162886
12 5112 13.620958089381109
13 56271 95.48569221170136
14 22157 22.18006762965697
15 10293 2.67134094829783
16 17489 10.30899409572554
17 7542 9.786360786227581
18 14559 3.806457018333676
19 16119 7.110046455813695
20 13879 15.537531834124328
21 10506 20.944569627349626
22 14608 3.7197739912308476
23 8457 2.0240808065519995
24 35744 13.762460675493477
25 10745 7.009978810712637
26 55055 8.97132457756561
27 17711 2.4525812474806834
28 27003 13.015939842192319
29 19505 2.0828795345769944
30 25562 2.0799714129949636
31 15059 23.70318897230412
32 25429 29.097752576459815
33 7518 15.973951230662072
34 17828 21.78202370049591
35 23106 68.83818303405266
36 12629 18.64312575965603
37 11509 37.30595662991489
38 17656 16.49500074903822
39 32158 10.073509220892143
40 197 0.9465310263985779
41 180 0.2391292932631348
42 2820 14.680873810998353
43 10612 29.800028803222254
44 10218 15.0199016366099
45 26999 16.0888880566242
46 14489 6.936085032054202
47 26563 27.247274890848914
48 6916 15.325460581284547
49 4356 4.29164536669668
50 32741 8.885417229732338
51 13794 17.23180725161661
52 61025 12.443317884098304
53 16029 9.67069345495037
54 8283 15.377807541965446
55 17486 22.676270700868113
56 16865 19.855765354897397
57 10955 21.706446130252342
58 16332 18.343929392723055
59 31635 26.639609913250563
60 10981 14.862473494085688
61 12752 11.5366013278826
62 1707 0.9704315232348567
63 8264 10.987731217287493
64 38499 20.86469242328536
65 17659 24.239332769109353
66 13109 15.206499026250315
67 1554 0.5279259981127326
68 20679 2.6034885103714767
69 22491 4.873025666528185
70 8955 2.7662560598736365
71 14636 10.896344307386752
72 31217 16.96717475138881
73 19931 9.539655782188952
74 10306 4.212376659660199
75 24711 10.246693034871203
76 21561 18.78806504122799
77 37206 8.089408522356088
78 5589 15.095995039359256
79 16593 12.337676854101254
80 4119 15.788289366591659
81 28602 10.357809765913974
82 12024 14.408910774876176
83 16244 5.6412068318463255
84 29311 1.2870129128011405
85 26125 0.7650186024027911
86 14925 26.22521532918299
87 13547 18.653630441531003
88 1432 0.1595520905888367
89 5273 1.4815531963854658
90 11710 2.2422617402088347
91 8096 1.7895619593604295
92 17426 5.525415561770942
93 28968 3.50794443835261
94 14238 3.701210198657291
95 8742 1.3439622114079293
96 21361 19.714361224839653
97 17726 24.435606265357215
98 4852 15.274337950600543
99 10106 5.209314869412522
100 19063 11.526727150859386
101 6590 17.32276327149006
102 469 0.04643264756439026
103 8924 16.515561848163003
104 19095 5.003369899783319
105 2953 0.5640211460439198
106 12131 1.9966710270472297
107 7059 1.4551928425923208
108 32014 4.036829900370194
109 4996 10.285309043902906
110 4226 2.338237088357166
111 7891 12.032769649897991
112 25861 4.559429232876755
113 24514 1.5440314781381226
114 11910 0.6437832916600386
115 3141 0.2779522530606319
116 36349 1.5577743989547441
117 24733 6.911804224575558
118 21437 6.014958370463493
119 23891 1.0808250849038683
120 17607 1.1546984001470277
121 36314 2.7406976402979475
122 26983 4.68244099972664
123 21503 1.3263246779521758
124 25439 1.3959906377944609
125 42780 2.63409753249822
126 16532 2.093052940785826
127 24664 4.643384448113273
128 21382 6.032427949473125
129 26312 3.0501971437705504
130 38903 12.66711081286863
131 41550 3.419421248283776
132 26660 10.797684004713535
133 14892 13.160973332694978
134 35124 2.2145168240161732
135 22325 16.98370031058059
136 24487 11.70919710824915
137 51808 5.873027983141235
138 17497 1.9724612623687832
139 40508 4.8509576106144126
140 10481 19.890179413958673
141 3754 9.731303002176071
142 4907 14.128033411737816
143 6045 17.3348030956128
144 3603 4.535441863051103
145 12690 14.27133446178129
146 5093 32.15702968507962
147 2156 1.2295991332778375
148 16439 1.3512352180782305
149 31799 2.0230757825904986
150 20628 0.6305226124599805
151 3825 0.13643229235038926
152 11999 0.4487993766766487
153 6915 0.100292742669078
154 0 0.03172640182116674
155 2582 0.09912323918103096
156 35401 3.3343698889724585
157 28441 0.7091592702360011
158 15181 0.6206507520498165
159 29826 2.5868390123815246
160 25346 1.5975205290526442
161 33295 2.132501000004633
162 23479 2.034980084849814
163 26498 1.096408168686496
164 47783 2.995488009983058
165 2090 0.9609256876865839
166 1146 0.0572299948880072
167 25978 1.745318511128237
168 7383 0.27035800938073845
169 1733 0.18117883171659482
170 28488 4.590781501690356
171 33508 4.97343423984976
172 21951 30.243939740261347
173 28667 20.466717992515797
174 10227 9.240220418009658
175 30310 16.566558223435784
176 29422 20.668393830396127
177 3179 16.456347288095543
178 11497 22.58148338911223
179 27606 3.934344483449344
180 33201 30.82936909360198
181 11305 16.803915307715712
182 24911 17.761448315590652
183 30190 3.344558353166115
184 15237 1.3596368014060296
185 8891 4.620173529761528
186 10646 32.77487810754336
187 7089 8.470841563744697
188 1795 5.277664606940264
189 7211 14.977529239517713
190 3074 23.664240143197574
191 6801 22.782618297845396
192 2125 9.930574195710559
193 28789 26.197820607663047
194 25251 3.5581736286036847
195 45139 2.4030844930555664
196 6952 6.987686043333019
197 18203 4.518992365987796
198 1689 0.247614660762907
199 13175 30.42663865624088
200 39502 15.0899131578988
201 5136 9.22944623681654
202 3504 13.962037661950557
203 41109 8.111610555724582
204 19808 4.389456630687092
205 4875 7.659518885801788
206 7764 14.176852170743649
207 3410 1.0757988067898383
208 14027 3.0349156057865905
209 50944 16.021714000219305
210 26342 13.205401723868992
211 6089 11.908477568235837
212 8987 13.447026395489091
213 7961 23.54956895553184
214 151 0.07305516473435399
215 47249 22.21221488284888
216 47225 3.0882706792463903
217 24425 3.373268524796254
218 5856 17.486726193325993
219 22060 11.40005976861669
220 3558 13.779687010132866
221 17416 8.350103166501157
222 8183 12.859100891587142
223 16283 12.292109075408844
224 4235 13.447241454400562
225 3108 9.592738267513209
226 6338 8.495129707164667
227 6459 8.880061220360867
228 28352 26.284160389932307
229 25137 13.824157872546127
230 13682 7.811269395842761
231 4733 0.4982169801558926
