0 0 378
0 1 465
0 2 133
0 3 112
0 4 1
0 5 17
0 6 223
0 7 39
0 8 31
0 9 45
0 10 21
0 11 2
0 12 5
0 13 574
0 14 299
0 15 345
0 16 1207
0 17 903
0 20 413
0 21 811
0 22 1
0 24 18
0 26 185
0 27 436
0 28 2
0 29 4
0 32 1
0 35 1
0 37 1
0 40 2
0 44 9
0 45 1
0 47 3
0 49 40
0 50 15
0 51 114
0 52 276
1 0 153
1 1 771
1 2 66
1 3 100
1 4 1
1 5 17
1 6 169
1 7 25
1 8 20
1 9 40
1 10 23
1 12 7
1 13 400
1 14 223
1 15 483
1 16 837
1 17 649
1 20 258
1 21 578
1 23 1
1 24 11
1 25 1
1 26 137
1 27 300
1 28 1
1 29 5
1 32 1
1 33 1
1 35 1
1 37 2
1 40 2
1 43 1
1 44 3
1 47 2
1 49 38
1 50 11
1 51 154
1 52 318
2 0 35
2 1 88
2 2 220
2 3 207
2 5 32
2 6 214
2 7 52
2 8 42
2 9 55
2 10 20
2 11 2
2 12 37
2 13 427
2 14 119
2 15 107
2 16 395
2 17 387
2 20 231
2 21 241
2 24 8
2 26 100
2 27 143
2 28 2
2 29 7
2 32 1
2 33 1
2 35 1
2 40 4
2 41 2
2 43 1
2 44 3
2 45 2
2 46 1
2 47 6
2 48 5
2 49 22
2 50 24
2 51 37
2 52 65
3 0 78
3 1 155
3 2 232
3 3 701
3 5 55
3 6 448
3 7 80
3 8 76
3 9 69
3 10 29
3 11 1
3 12 55
3 13 863
3 14 223
3 15 266
3 16 961
3 17 909
3 18 2
3 20 501
3 21 680
3 22 2
3 24 19
3 25 2
3 26 161
3 27 362
3 28 1
3 29 6
3 30 1
3 32 1
3 33 3
3 35 4
3 37 4
3 40 3
3 41 1
3 44 4
3 45 1
3 47 3
3 48 1
3 49 32
3 50 54
3 51 46
3 52 151
4 0 1
4 9 1
4 21 1
4 26 1
5 0 103
5 1 177
5 2 246
5 3 328
5 4 1
5 5 357
5 6 590
5 7 270
5 8 123
5 9 244
5 10 117
5 11 2
5 12 229
5 13 816
5 14 163
5 15 155
5 16 649
5 17 446
5 18 1
5 20 290
5 21 337
5 23 1
5 24 4
5 25 5
5 26 217
5 27 255
5 28 3
5 29 8
5 31 2
5 33 10
5 35 1
5 37 5
5 40 2
5 41 2
5 44 3
5 46 1
5 47 4
5 48 2
5 49 14
5 50 166
5 51 76
5 52 100
6 0 217
6 1 420
6 2 447
6 3 837
6 4 5
6 5 162
6 6 1863
6 7 388
6 8 228
6 9 336
6 10 138
6 11 4
6 12 149
6 13 2045
6 14 630
6 15 596
6 16 2032
6 17 2013
6 18 5
6 20 987
6 21 1226
6 22 4
6 23 1
6 24 31
6 25 2
6 26 517
6 27 773
6 28 5
6 29 13
6 30 1
6 31 4
6 32 5
6 33 4
6 35 6
6 36 1
6 37 10
6 38 1
6 39 1
6 40 4
6 41 3
6 42 1
6 44 17
6 45 4
6 46 1
6 47 4
6 48 8
6 49 60
6 50 223
6 51 126
6 52 365
7 0 69
7 1 108
7 2 94
7 3 121
7 5 61
7 6 345
7 7 229
7 8 145
7 9 88
7 10 38
7 11 1
7 12 58
7 13 542
7 14 121
7 15 101
7 16 411
7 17 372
7 20 179
7 21 236
7 22 2
7 23 2
7 24 5
7 25 1
7 26 191
7 27 179
7 29 2
7 31 2
7 33 2
7 37 3
7 40 3
7 44 4
7 45 1
7 47 1
7 48 1
7 49 30
7 50 70
7 51 52
7 52 65
8 0 75
8 1 134
8 2 110
8 3 154
8 5 39
8 6 294
8 7 129
8 8 241
8 9 127
8 10 48
8 11 7
8 12 47
8 13 571
8 14 193
8 15 170
8 16 480
8 17 423
8 18 3
8 20 220
8 21 305
8 22 1
8 23 1
8 24 7
8 26 253
8 27 159
8 28 2
8 29 2
8 33 1
8 35 2
8 40 3
8 41 1
8 44 5
8 45 2
8 46 1
8 47 8
8 48 2
8 49 108
8 50 45
8 51 58
8 52 93
9 0 365
9 1 554
9 2 375
9 3 501
9 4 1
9 5 102
9 6 1015
9 7 347
9 8 330
9 9 944
9 10 396
9 11 5
9 12 143
9 13 1891
9 14 1027
9 15 604
9 16 1686
9 17 1716
9 18 1
9 19 1
9 20 687
9 21 1040
9 22 4
9 23 4
9 24 27
9 25 1
9 26 692
9 27 647
9 28 13
9 29 13
9 30 2
9 31 6
9 32 3
9 33 14
9 35 3
9 37 12
9 38 2
9 40 5
9 41 13
9 43 4
9 44 12
9 45 2
9 46 1
9 47 6
9 48 6
9 49 74
9 50 144
9 51 249
9 52 286
10 0 99
10 1 148
10 2 90
10 3 114
10 5 19
10 6 216
10 7 71
10 8 75
10 9 196
10 10 147
10 12 22
10 13 397
10 14 174
10 15 148
10 16 360
10 17 325
10 20 160
10 21 230
10 22 1
10 23 1
10 24 6
10 26 115
10 27 113
10 28 3
10 29 3
10 35 5
10 37 2
10 40 1
10 41 4
10 44 2
10 47 1
10 48 1
10 49 31
10 50 24
10 51 45
10 52 67
11 0 1
11 2 6
11 3 5
11 5 1
11 6 8
11 7 2
11 8 4
11 9 1
11 12 2
11 13 9
11 14 3
11 15 8
11 16 13
11 17 6
11 20 1
11 21 7
11 26 13
11 27 7
11 28 1
11 29 1
11 49 5
11 50 2
11 52 1
12 0 166
12 1 277
12 2 348
12 3 604
12 5 301
12 6 859
12 7 344
12 8 184
12 9 313
12 10 117
12 11 3
12 12 500
12 13 1305
12 14 359
12 15 298
12 16 1030
12 17 790
12 18 3
12 20 399
12 21 536
12 22 5
12 23 7
12 24 17
12 25 4
12 26 333
12 27 428
12 28 9
12 29 18
12 30 2
12 31 2
12 33 12
12 35 1
12 36 1
12 37 8
12 40 3
12 41 4
12 42 1
12 44 11
12 45 4
12 46 1
12 47 6
12 48 4
12 49 26
12 50 235
12 51 101
12 52 120
13 0 182
13 1 308
13 2 367
13 3 381
13 4 2
13 5 69
13 6 657
13 7 188
13 8 111
13 9 196
13 10 81
13 11 4
13 12 61
13 13 1980
13 14 656
13 15 498
13 16 1841
13 17 1827
13 20 1031
13 21 1233
13 22 1
13 23 4
13 24 50
13 25 1
13 26 407
13 27 687
13 28 2
13 29 12
13 32 1
13 33 5
13 35 2
13 36 2
13 40 6
13 41 7
13 44 12
13 47 8
13 48 4
13 49 27
13 50 96
13 51 101
13 52 308
14 0 297
14 1 422
14 2 386
14 3 357
14 5 49
14 6 664
14 7 124
14 8 95
14 9 153
14 10 80
14 11 6
14 12 65
14 13 1719
14 14 1470
14 15 680
14 16 2848
14 17 2207
14 18 2
14 19 1
14 20 1067
14 21 1828
14 22 3
14 23 6
14 24 50
14 25 1
14 26 594
14 27 930
14 28 8
14 29 9
14 30 1
14 31 1
14 32 1
14 33 3
14 36 1
14 37 6
14 40 4
14 41 3
14 44 18
14 45 1
14 47 2
14 48 3
14 49 49
14 50 64
14 51 138
14 52 546
15 0 94
15 1 421
15 2 91
15 3 84
15 4 1
15 5 21
15 6 150
15 7 27
15 8 44
15 9 21
15 10 10
15 11 1
15 12 12
15 13 369
15 14 206
15 15 841
15 16 753
15 17 525
15 18 1
15 20 260
15 21 543
15 24 13
15 26 135
15 27 324
15 29 6
15 32 1
15 33 2
15 35 2
15 38 1
15 40 1
15 43 1
15 44 2
15 45 1
15 47 6
15 48 2
15 49 16
15 50 7
15 51 72
15 52 1140
16 0 22
16 1 33
16 2 31
16 3 24
16 5 2
16 6 40
16 7 3
16 8 4
16 9 7
16 10 4
16 12 3
16 13 140
16 14 79
16 15 74
16 16 415
16 17 210
16 20 97
16 21 260
16 22 1
16 23 2
16 24 5
16 26 33
16 27 134
16 28 2
16 41 1
16 47 1
16 48 1
16 49 5
16 50 4
16 51 7
16 52 67
17 0 47
17 1 91
17 2 102
17 3 59
17 5 6
17 6 144
17 7 26
17 8 34
17 9 28
17 10 5
17 11 1
17 12 9
17 13 442
17 14 203
17 15 170
17 16 725
17 17 800
17 20 345
17 21 505
17 23 2
17 24 15
17 25 1
17 26 59
17 27 233
17 29 3
17 32 1
17 33 1
17 37 3
17 40 1
17 41 1
17 44 5
17 46 1
17 47 3
17 48 1
17 49 9
17 50 5
17 51 25
17 52 90
20 0 1
20 1 9
20 2 14
20 3 11
20 5 1
20 6 21
20 7 3
20 8 6
20 9 2
20 10 2
20 12 1
20 13 93
20 14 16
20 15 11
20 16 75
20 17 118
20 20 116
20 21 86
20 24 2
20 26 10
20 27 30
20 35 1
20 44 2
20 46 1
20 48 1
20 50 4
20 51 2
20 52 8
21 0 1
21 1 5
21 2 4
21 3 2
21 5 2
21 6 9
21 7 2
21 9 2
21 10 1
21 12 2
21 13 17
21 14 4
21 15 15
21 16 49
21 17 17
21 20 14
21 21 48
21 26 1
21 27 18
21 33 2
21 37 1
21 44 1
21 51 3
21 52 8
26 0 206
26 1 335
26 2 183
26 3 277
26 5 39
26 6 451
26 7 111
26 8 109
26 9 206
26 10 88
26 11 6
26 12 57
26 13 1054
26 14 793
26 15 405
26 16 1337
26 17 1224
26 18 1
26 20 517
26 21 863
26 22 2
26 23 2
26 24 26
26 25 1
26 26 632
26 27 479
26 28 11
26 29 8
26 31 1
26 32 2
26 33 4
26 35 4
26 37 9
26 38 1
26 40 1
26 41 7
26 44 3
26 47 1
26 48 4
26 49 33
26 50 32
26 51 82
26 52 215
27 0 36
27 1 62
27 2 41
27 3 53
27 5 3
27 6 67
27 7 7
27 8 8
27 9 11
27 10 3
27 12 8
27 13 166
27 14 95
27 15 165
27 16 535
27 17 285
27 20 148
27 21 401
27 22 2
27 24 10
27 26 38
27 27 255
27 29 1
27 32 1
27 44 2
27 48 1
27 49 10
27 50 6
27 51 10
27 52 69
33 0 1
33 2 1
33 13 1
33 15 2
33 16 4
33 17 1
33 20 2
33 21 7
33 27 2
33 51 1
34 0 3
34 1 1
34 2 3
34 3 9
34 5 1
34 6 9
34 8 1
34 10 1
34 13 11
34 14 6
34 15 7
34 16 15
34 17 14
34 20 12
34 21 19
34 26 1
34 27 6
34 44 1
34 50 1
35 0 1
35 1 4
35 2 2
35 3 1
35 5 1
35 6 4
35 7 3
35 8 2
35 9 4
35 10 1
35 11 1
35 12 1
35 13 6
35 14 6
35 15 7
35 16 4
35 17 10
35 20 4
35 21 8
35 26 7
35 27 1
35 28 2
35 50 1
35 51 2
35 52 1
43 0 2
43 2 2
43 3 1
43 6 1
43 13 5
43 14 4
43 15 3
43 16 4
43 17 3
43 20 3
43 21 1
43 26 1
43 27 1
43 52 1
44 17 1
49 0 6
49 1 5
49 2 6
49 3 4
49 5 1
49 6 29
49 7 8
49 8 15
49 9 6
49 10 8
49 12 4
49 13 32
49 14 20
49 15 7
49 16 18
49 17 21
49 20 9
49 21 16
49 23 1
49 24 3
49 26 10
49 27 4
49 29 1
49 33 1
49 47 1
49 49 62
49 50 3
49 51 6
49 52 5
50 0 211
50 1 292
50 2 404
50 3 593
50 5 247
50 6 1168
50 7 496
50 8 215
50 9 348
50 10 146
50 11 7
50 12 343
50 13 1540
50 14 419
50 15 306
50 16 1104
50 17 858
50 18 1
50 20 491
50 21 637
50 22 4
50 23 5
50 24 15
50 25 5
50 26 422
50 27 459
50 28 10
50 29 20
50 30 1
50 31 5
50 32 2
50 33 16
50 35 2
50 37 18
50 40 1
50 41 5
50 43 2
50 44 6
50 45 2
50 47 5
50 48 7
50 49 43
50 50 556
50 51 133
50 52 176
51 0 118
51 1 259
51 2 52
51 3 53
51 5 5
51 6 105
51 7 12
51 8 4
51 9 27
51 10 13
51 11 1
51 12 6
51 13 258
51 14 105
51 15 122
51 16 443
51 17 361
51 20 137
51 21 307
51 24 6
51 26 68
51 27 125
51 29 2
51 32 1
51 35 1
51 37 1
51 47 2
51 49 17
51 50 9
51 51 263
51 52 104
52 0 1
52 3 2
52 6 3
52 7 4
52 13 1
52 14 3
52 15 1
52 16 2
52 17 1
52 26 1
52 27 3
52 49 1
52 50 4
52 52 9
