0 27525 3.0401175603902413
1 32519 4.437883109883135
2 11510 2.606734085254449
3 26454 2.2432084627419124
4 131 0.36315303391367065
5 35653 5.247018905106896
6 52370 5.247159832400768
7 16894 3.0219394838895006
8 17735 2.2145484843945225
9 58536 4.872317555139252
10 13414 2.2637803727275956
11 903 0.4574727759356414
12 49864 4.616099765713201
13 38551 2.183598534047262
14 47992 1.3144242367146102
15 26866 3.0018988504966044
16 5435 0.33290501732054356
17 12775 0.4261243681437906
18 0 0.018439081571034306
19 0 0.024893551630355046
20 1622 0.34788925662976045
21 3227 0.3395768629043841
22 0 0.012229014188482726
23 0 0.01274561889862038
24 0 0.01072051299079378
25 0 0.0214267402011129
26 30138 1.082430111645305
27 14642 0.642429617434521
28 0 0.0407781812116504
29 0 0.03232794900980236
30 0 0.009078420440558026
31 0 0.011358353783878535
32 0 0.006319720400248959
33 470 0.002726653559784833
34 584 0.004222027283524094
35 353 0.13225814173656403
36 0 0.01189580801146569
37 0 0.033549190189298174
38 0 0.029780832961388237
39 0 0.06684432514745242
40 0 0.007228218818002246
41 0 0.032959612168087266
42 0 0.0056517636375149225
43 84 0.13739021184654138
44 8 0.004988053998705786
45 0 0.020697779294730323
46 0 0.03228316115750343
47 0 0.017809348923624357
48 0 0.009704678168393058
49 1890 0.19407001113518674
50 54358 6.260692713634194
51 15332 3.448443776573482
52 3888 0.16997607710923757
