population	links	index	origin_mean	origing_error	destination_mean	destination_error
5452857	45000	0	0.0549645	0.0168232	0.0343479	0.00145666
5452857	45000	1	0.0709936	0.0104659	0.0366328	0.0025551
5452857	45000	2	0.0967279	0.00388028	0.061872	0.00259166
5452857	45000	3	0.291667	0.0127271	0.0325	0.00625828
5452857	45000	4	0.150145	0.000983143	0.0718531	0.00211408
5452857	45000	5	0.148869	0.00361705	0.0407531	0.0017748
5452857	45000	6	0.0961157	0.00112279	0.0590224	0.00166871
5452857	45000	7	0.126244	0.00127936	0.0453665	0.00135945
5452857	45000	8	0.0986881	0.00118493	0.074689	0.00246766
5452857	45000	9	0.0921437	0.00150257	0.0582894	0.00249952
5452857	45000	10	0.0470976	0.00322073	0.044354	0.00428644
5452857	45000	11	0.118481	0.00214023	0.0440216	0.00292558
5452857	45000	12	0.085478	0.00203309	0.0654754	0.0021986
5452857	45000	13	0.117754	0.0283188	0.0397333	0.00248827
5452857	45000	14	0.0980285	0.00193962	0.0550765	0.00203924
5452857	45000	15	0.0986842	0.0138846	0.0330929	0.00240086
5452857	45000	16	0.139155	0.00173228	0.0983019	0.00442308
5452857	45000	17	0.100142	0.00138917	0.0934708	0.00769326
5452857	45000	18	0.0926565	0.00142881	0.0578617	0.00135733
5452857	45000	19	0.112103	0.00294006	0.0677869	0.00346883
5452857	45000	20	0.145099	0.0006836	0.0457832	0.000801384
5452857	45000	21	0.0769184	0.00307936	0.0387284	0.00118365
5452857	45000	22	0.0416667	0.0564777	0.0445201	0.00222082
5452857	45000	23	0.0750021	0.00167811	0.0309442	0.00115086
5452857	45000	24	0.017401	0.00404249	0.0214041	0.00381701
5452857	45000	25	0.183719	0.00229294	0.0344069	0.00251615
5452857	45000	26	0.118903	0.00120473	0.0920879	0.00229831
5452857	45000	27	0.0802696	0.0137686	0.0315421	0.00193246
5452857	45000	28	0.173932	0.00130977	0.0558007	0.00115845
5452857	45000	29	0.156143	0.00131515	0.074776	0.00145818
5452857	45000	30	0.152802	0.000963817	0.0460063	0.00140042
5452857	45000	31	0.144436	0.00176421	0.0495915	0.00139278
5452857	45000	32	0.131652	0.00182866	0.395776	0.00620701
5452857	45000	33	0.145134	0.00137027	0.0713732	0.00182562
5452857	45000	34	0.0660132	0.00219121	0.0400066	0.00173277
5452857	45000	35	0.192402	0.0052877	0.0362035	0.00388395
5452857	45000	36	0.112321	0.00158408	0.0389748	0.00122946
5452857	45000	37	0.106612	0.00135949	0.0428866	0.00142146
5452857	45000	38	0.124632	0.001019	0.0537604	0.00142003
5452857	45000	39	0.136664	0.00125186	0.0708666	0.00174625
5452857	45000	40	0.115059	0.00148781	0.0993684	0.00434283
5452857	45000	41	0.101034	0.00228757	0.0463442	0.0022368
5452857	45000	42	0.156009	0.00134717	0.0342897	0.001103
5452857	45000	43	0.148045	0.0014292	0.0494711	0.00195353
5452857	45000	44	0.113087	0.00157999	0.0612518	0.00185511
5452857	45000	45	0.0763803	0.00137555	0.0492887	0.0021008
5452857	45000	46	0.131195	0.000937724	0.053447	0.00143482
5452857	45000	47	0.108675	0.00150644	0.0849654	0.00231565
5452857	45000	48	0.0861192	0.00120343	0.0964646	0.00283858
5452857	45000	49	0.159879	0.00189784	0.0445755	0.0018614
5452857	45000	50	0.0675265	0.00160358	0.0564404	0.0027956
5452857	45000	51	0.146659	0.00102425	0.113229	0.00359098
5452857	45000	52	0.167575	0.00148745	0.0628059	0.00160672
5452857	45000	53	0.123982	0.00130213	0.0482095	0.00110197
5452857	45000	54	0.0691	0.00276451	0.0512274	0.00189783
5452857	45000	55	0.104941	0.00241844	0.0414498	0.00164023
5452857	45000	56	0.104497	0.00207849	0.0734425	0.00335298
5452857	45000	57	0.145174	0.00232328	0.0503292	0.00259896
5452857	45000	58	0.13139	0.0011384	0.0417868	0.00119742
5452857	45000	59	0.124399	0.00123577	0.0422366	0.000908115
5452857	45000	60	0.144948	0.00222498	0.045303	0.00195017
5452857	45000	61	0.123475	0.00134178	0.0463726	0.00106924
5452857	45000	62	0.0874177	0.00155437	0.0414732	0.00154195
5452857	45000	63	0.0837687	0.00162071	0.0438373	0.00172182
5452857	45000	64	0.129295	0.00130172	0.0522702	0.0018328
5452857	45000	65	0.128207	0.00129191	0.0518985	0.00176465
5452857	45000	66	0.103323	0.00164591	0.0502495	0.00234812
5452857	45000	67	0.12329	0.0011946	0.0738338	0.00245628
5452857	45000	68	0.0676698	0.00148266	0.0414338	0.00158023
5452857	45000	69	0.129277	0.00169617	0.045063	0.00149852
5452857	45000	70	0.128131	0.00239239	0.0571004	0.00372696
5452857	45000	71	0.13172	0.00177553	0.0490133	0.00298286
5452857	45000	72	0.105664	0.00376174	0.0412976	0.00348691
5452857	45000	73	0.114732	0.00239074	0.0550671	0.00268356
5452857	45000	74	0.107539	0.00219446	0.0348268	0.00124258
5452857	45000	75	0.0906949	0.00993257	0.0238095	0.00973067
5452857	45000	76	0.0427149	0.00224548	0.0389228	0.00174159
5452857	45000	77	0.136925	0.00197234	0.0948633	0.0030629
5452857	45000	78	0.124949	0.00105493	0.0380679	0.000782258
5452857	45000	79	0.107875	0.00135968	0.056439	0.00161015
5452857	45000	80	0.0988328	0.00140573	0.0542199	0.00115183
5452857	45000	81	0.0957933	0.00156043	0.0444495	0.00205173
5452857	45000	82	0.161945	0.000991737	0.0467623	0.00185592
5452857	45000	83	0.0370052	0.00172424	0.0351316	0.00128232
5452857	45000	84	0.135577	0.00120254	0.0445987	0.00118713
5452857	45000	85	0.105817	0.000656848	0.0424613	0.00127777
5452857	45000	86	0.0724731	0.00241677	0.0667798	0.00253015
5452857	45000	87	0.104578	0.00331948	0.0470032	0.00214567
5452857	45000	88	0.167713	0.00320131	0.0368411	0.00219806
5452857	45000	89	0.0823611	0.00693499	0.0318991	0.00295504
5452857	45000	90	0.108839	0.00233177	0.0584855	0.00183495
5452857	45000	91	0.236459	0.00245346	0.065797	0.00264229
5452857	45000	92	0.104473	0.00120016	0.0515652	0.00269167
5452857	45000	93	0.225712	0.0034895	0.0371586	0.00234504
5452857	45000	94	0.100859	0.00186862	0.0379024	0.00118452
5452857	45000	95	0.162074	0.00196241	0.0444686	0.00151245
5452857	45000	96	0.0993899	0.00179261	0.114667	0.00394439
5452857	45000	97	0.124167	0.00170603	0.122204	0.00533215
5452857	45000	98	0.148187	0.00126992	0.125738	0.00322575
5452857	45000	99	0.137901	0.00169348	0.10369	0.00418372
5452857	45000	100	0.113299	0.001683	0.0909065	0.00366052
5452857	45000	101	0.148442	0.00156984	0.0733605	0.00225813
5452857	45000	102	0.162414	0.00263065	0.0728711	0.00423449
5452857	45000	103	0.119639	0.00123042	0.0941678	0.00289954
5452857	45000	104	0.175913	0.00133354	0.0487934	0.00121525
5452857	45000	105	0.102977	0.00138021	0.091182	0.00170515
5452857	45000	106	0.127033	0.00131076	0.0714123	0.00231933
5452857	45000	107	0.157172	0.00244833	0.394642	0.00841275
5452857	45000	108	0.100245	0.00421744	0.123364	0.00790608
5452857	45000	109	0.0690503	0.00421535	0.0284508	0.00340726
5452857	45000	110	0.141308	0.00093567	0.0677186	0.00175331
5452857	45000	111	0.120295	0.00165098	0.066205	0.00190631
5452857	45000	112	0.144993	0.00121635	0.0996139	0.00332805
5452857	45000	113	0.147685	0.00192937	0.0505064	0.00216842
5452857	45000	114	0.0998611	0.00212422	0.142175	0.00569355
5452857	45000	115	0.148789	0.00155142	0.0496231	0.00158235
5452857	45000	116	0.128442	0.00343592	0.0665402	0.0041011
5452857	45000	117	0.192295	0.00261981	0.0401078	0.000998
5452857	45000	118	0.0596801	0.00257918	0.0416102	0.00227894
5452857	45000	119	0.153365	0.00167081	0.0681741	0.00235956
5452857	45000	120	0.174005	0.00209227	0.0470169	0.00247454
5452857	45000	121	0.145198	0.00177928	0.11157	0.00297063
5452857	45000	122	0.023452	0.00268728	0.0482673	0.00993315
5452857	45000	123	0.103776	0.00242607	0.040536	0.00115259
5452857	45000	124	0.132367	0.00214713	0.0776435	0.0017937
5452857	45000	125	0.146576	0.00162874	0.067165	0.00239608
5452857	45000	126	0.134244	0.00147921	0.04332	0.00113163
5452857	45000	127	0.165391	0.00256956	0.0624698	0.00244047
5452857	45000	128	0.140371	0.00144232	0.0540483	0.00136627
5452857	45000	129	0.105688	0.00113848	0.0445456	0.00110522
5452857	45000	130	0.136124	0.00140403	0.0740607	0.00156825
5452857	45000	131	0.114947	0.00150979	0.0493088	0.00215439
5452857	45000	132	0.133587	0.00213546	0.0712687	0.00378152
5452857	45000	133	0.117347	0.0023891	0.0884347	0.00264384
5452857	45000	134	0.104157	0.00178807	0.100348	0.00358202
5452857	45000	135	0.128207	0.00188244	0.064155	0.00218206
5452857	45000	136	0.120548	0.00181	0.0569685	0.00182139
5452857	45000	137	0.113797	0.000817793	0.0629001	0.00149577
5452857	45000	138	0.155052	0.00168504	0.0460846	0.00178833
5452857	45000	139	0.176965	0.00409608	0.0587823	0.00276369
5452857	45000	140	0.184645	0.00394049	0.0649654	0.00373596
5452857	45000	141	0.120508	0.00514954	0.0511342	0.00168548
5452857	45000	142	0.178551	0.00204831	0.0781946	0.00211995
5452857	45000	143	0.0826669	0.00294128	0.185382	0.00718185
5452857	45000	144	0.0953271	0.00124932	0.034451	0.00160557
5452857	45000	145	0.109375	0.00248864	0.0510665	0.00108112
5452857	45000	146	0.0644188	0.00265901	0.0344565	0.0019787
5452857	45000	147	0.0627572	0.021153	0.0438296	0.00262546
5452857	45000	148	0.11507	0.00228626	0.0443335	0.00128924
5452857	45000	149	0.195198	0.00283521	0.0401646	0.00123469
5452857	45000	150	0.142004	0.00216791	0.0598378	0.00148368
5452857	45000	151	0.16205	0.00200317	0.151022	0.00545657
5452857	45000	152	0.131058	0.00283974	0.0719338	0.00286143
5452857	45000	153	0.149858	0.00308623	0.0886947	0.00349135
5452857	45000	154	0.215621	0.00348509	0.0532088	0.00293165
5452857	45000	155	0.130321	0.00246511	0.104894	0.00351555
5452857	45000	156	0.160175	0.0022382	0.0543547	0.00131819
5452857	45000	157	0.168794	0.00376827	0.0484625	0.00290432
5452857	45000	158	0.163831	0.00292873	0.0429869	0.00159195
5452857	45000	159	0.14681	0.00219052	0.057459	0.00230961
5452857	45000	160	0.131902	0.00204258	0.0963352	0.00272862
5452857	45000	161	0.117338	0.00213345	0.0450416	0.00224813
5452857	45000	162	0.212391	0.00254452	0.0699989	0.00347104
5452857	45000	163	0.120397	0.0013878	0.0591574	0.00173174
5452857	45000	164	0.120364	0.00135529	0.07219	0.00194844
5452857	45000	165	0.194997	0.0047413	0.0567482	0.00291874
5452857	45000	166	0.156162	0.00185425	0.55634	0.00498228
5452857	45000	167	0.14065	0.00148441	0.0786513	0.0026401
5452857	45000	168	0.176522	0.00151087	0.0436095	0.00154088
5452857	45000	169	0.115551	0.0018324	0.0591478	0.00158443
5452857	45000	170	0.153738	0.00156355	0.0525084	0.0017922
5452857	45000	171	0.204729	0.00243186	0.0495037	0.00206852
5452857	45000	172	0.177426	0.00212128	0.0496514	0.00198374
5452857	45000	173	0.141274	0.00132208	0.0621332	0.00174415
5452857	45000	174	0.0774448	0.00158538	0.051553	0.00179081
5452857	45000	175	0.145805	0.00113994	0.0525934	0.000877078
5452857	45000	176	0.0839437	0.0024208	0.0652099	0.00247452
5452857	45000	177	0.10865	0.00257293	0.112513	0.00620172
5452857	45000	178	0.14053	0.00146095	0.0635967	0.0026809
5452857	45000	179	0.0953545	0.00149821	0.0478987	0.00203426
5452857	45000	180	0.142833	0.000600588	0.0501569	0.000876132
5452857	45000	181	0.0292659	0.00865556	0.0297527	0.00307431
5452857	45000	182	0.100151	0.00101096	0.0875164	0.002014
5452857	45000	183	0.118664	0.00108295	0.0454914	0.00129127
5452857	45000	184	0.0819352	0.00167647	0.0551408	0.00240288
5452857	45000	185	0.100279	0.00135016	0.0405081	0.00178671
5452857	45000	186	0.129147	0.0013385	0.077109	0.00260026
5452857	45000	187	0.132572	0.00183535	0.091157	0.00239813
5452857	45000	188	0.110558	0.00124053	0.0548862	0.00216918
5452857	45000	189	0.143246	0.00114256	0.049597	0.0011614
5452857	45000	190	0.136704	0.00176826	0.0502839	0.00201587
5452857	45000	191	0.110221	0.00159325	0.0627292	0.00248975
5452857	45000	192	0.0907693	0.00134263	0.0823941	0.00238427
5452857	45000	193	0.179608	0.00160019	0.0421965	0.00204473
5452857	45000	194	0.134881	0.00214799	0.110856	0.0051666
5452857	45000	195	0.140146	0.00155537	0.0510813	0.00175274
5452857	45000	196	0.129831	0.00265544	0.0640681	0.00269589
5452857	45000	197	0.0524534	0.00169926	0.0453678	0.00215952
5452857	45000	198	0.151509	0.00170157	0.0410351	0.00258541
5452857	45000	199	0.133584	0.00195444	0.0592189	0.00281603
5452857	45000	200	0.0924644	0.00150544	0.0370355	0.00208117
5452857	45000	201	0.19881	0.00212449	0.0506043	0.0017935
5452857	45000	202	0.139763	0.00182454	0.0660044	0.00196565
5452857	45000	203	0.202796	0.00250899	0.0491801	0.00165713
5452857	45000	204	0.11649	0.00252795	0.0650026	0.0015884
5452857	45000	205	0.127927	0.00122396	0.0778052	0.00175092
5452857	45000	206	0.303961	0.00325114	0.805758	0.00347044
5452857	45000	207	0.0925448	0.00288894	0.0442067	0.00326372
5452857	45000	208	0.130878	0.00133757	0.0482353	0.00199794
5452857	45000	209	0.157529	0.00404588	0.054741	0.00227263
5452857	45000	210	0.110619	0.00294755	0.0511094	0.00247917
5452857	45000	211	0.112005	0.00401067	0.0499078	0.00321206
5452857	45000	212	0.178693	0.00404608	0.0534378	0.00249633
5452857	45000	213	0.13047	0.00256048	0.0671472	0.00211502
5452857	45000	214	0.230268	0.00375892	0.0506349	0.00313109
5452857	45000	215	0.246934	0.00426284	0.0694081	0.00402355
5452857	45000	216	0.191587	0.00433534	0.155815	0.005085
5452857	45000	217	0.0998067	0.0032352	0.0474782	0.00183254
5452857	45000	218	0.160361	0.00587097	0.0850215	0.00476209
5452857	45000	219	0.163995	0.00387023	0.0595755	0.00380586
5452857	45000	220	0.189647	0.00455911	0.0662879	0.00288109
5452857	45000	221	0.134053	0.00329948	0.0667043	0.00299853
5452857	45000	222	0.240494	0.00303774	0.071811	0.00401223
5452857	45000	223	0.143818	0.0036316	0.0447154	0.00342348
5452857	45000	224	0.164129	0.00325101	0.0686074	0.00388878
5452857	45000	225	0.187906	0.0034795	0.111935	0.00532627
5452857	45000	226	0.186181	0.00418232	0.155868	0.00904215
5452857	45000	227	0.160973	0.00419781	0.391027	0.00786656
5452857	45000	228	0.4375	0.1225	0.680492	0.00484723
5452857	45000	229	0.134361	0.00482769	0.0861329	0.00485939
5452857	45000	230	0.18182	0.00246433	0.0479578	0.00169534
5452857	45000	231	0.199075	0.0028011	0.0833416	0.0029756
5452857	45000	232	0.193201	0.0052547	0.371112	0.00607152
5452857	45000	233	0.195543	0.00405367	0.685184	0.00361148
5452857	45000	234	0.183109	0.00206861	0.0561433	0.00207063
5452857	45000	235	0.185644	0.00346475	0.0484636	0.00191848
5452857	45000	236	0.328476	0.00208121	0.0572699	0.00227879
5452857	45000	237	0.231472	0.00212897	0.143149	0.00589302
5452857	45000	238	0.215842	0.00418212	0.159586	0.0059179
5452857	45000	239	0.192772	0.00736744	0.663163	0.00579514
5452857	45000	240	0.231543	0.00265862	0.732158	0.00331211
5452857	45000	241	0.222491	0.00475503	0.0619008	0.00352103
5452857	45000	242	0.162017	0.00328027	0.0783524	0.0030643
5452857	45000	243	0.158954	0.00581751	0.535024	0.00559705
5452857	45000	244	0.167154	0.00280458	0.252874	0.00619325
5452857	45000	245	0.116576	0.00295325	0.0420029	0.00303362
5452857	45000	246	0.161359	0.00261164	0.0740527	0.0023365
5452857	45000	247	0.0669187	0.0030639	0.047474	0.00257495
5452857	45000	248	0.150538	0.00284104	0.058708	0.00301716
5452857	45000	249	0.194178	0.00331154	0.0440307	0.00238124
5452857	45000	250	0.085114	0.0061995	0.0405895	0.00341835
5452857	45000	251	0.241658	0.00471483	0.0423405	0.00423644
5452857	45000	252	0.368178	0.00707632	0.0426097	0.00337007
5452857	45000	253	0.288413	0.00314528	0.0755829	0.0046438
5452857	45000	254	0.0543532	0.00161361	0.0326651	0.00269386
5452857	45000	255	0.247949	0.00612263	0.62062	0.00535805
5452857	45000	256	0.312686	0.00282982	0.0603841	0.00210158
5452857	45000	257	0.264698	0.0035443	0.0747974	0.00325832
5452857	45000	258	0.261504	0.00264166	0.323299	0.00847202
5452857	45000	259	0.233237	0.00180937	0.545758	0.00362898
5452857	45000	260	0.233156	0.00268947	0.872452	0.00134828
5452857	45000	261	0.253616	0.00242698	0.877836	0.00191254
5452857	45000	262	0.254423	0.00281119	0.161225	0.00815128
5452857	45000	263	0.204717	0.00196482	0.119193	0.00305139
5452857	45000	264	0.205874	0.00288333	0.278462	0.00904849
5452857	45000	265	0.227213	0.00283254	0.0919758	0.00364811
5452857	45000	266	0.150298	0.00234712	0.0565931	0.00186344
5452857	45000	267	0.181005	0.00499213	0.0831528	0.00436112
5452857	45000	268	0.154997	0.00343986	0.0513617	0.00277148
5452857	45000	269	0.177123	0.00310396	0.07165	0.00298201
5452857	45000	270	0.184908	0.00348411	0.491853	0.00615909
5452857	45000	271	0.187858	0.00214918	0.125148	0.00416299
5452857	45000	272	0.2177	0.00188182	0.0518874	0.00217941
5452857	45000	273	0.181369	0.00182802	0.0646157	0.00183723
5452857	45000	274	0.299645	0.00350669	0.0435204	0.00230979
5452857	45000	275	0.162493	0.00172573	0.0468805	0.00104638
5452857	45000	276	0.133949	0.0019674	0.0472059	0.00272981
5452857	45000	277	0.0833333	0.112955	0.0754668	0.00288627
5452857	45000	278	0.16304	0.00318409	0.0414347	0.00179558
5452857	45000	279	0.196167	0.00315775	0.0680846	0.00131556
5452857	45000	280	0.131302	0.00374792	0.066754	0.00109352
5452857	45000	281	0.142441	0.00236749	0.0613077	0.00154944
5452857	45000	282	0.18831	0.00201055	0.0554685	0.00125263
5452857	45000	283	0.14073	0.00697124	0.048838	0.00138773
5452857	45000	284	0.179397	0.00132565	0.0577892	0.00222198
5452857	45000	285	0.107704	0.00782406	0.0388554	0.000468303
5452857	45000	286	0.141643	0.00302044	0.0478506	0.00119136
5452857	45000	287	0.156362	0.00363437	0.0478114	0.0015087
5452857	45000	288	0.148216	0.00331162	0.0377515	0.00149966
5452857	45000	289	0	0	0.0833333	0.0589891
5452857	45000	290	0.0694618	0.00126133	0.0381266	0.00103265
5452857	45000	291	0.0859348	0.00139723	0.050709	0.00112099
5452857	45000	292	0.0899677	0.00116796	0.0432877	0.00124983
5452857	45000	293	0.123836	0.0017094	0.0407078	0.00161135
5452857	45000	294	0.0769619	0.00158866	0.184699	0.0062784
5452857	45000	295	0.124273	0.00132355	0.0601269	0.00138109
5452857	45000	296	0.176323	0.00140355	0.0472846	0.00153954
5452857	45000	297	0.0796174	0.00194214	0.0368975	0.00147903
5452857	45000	298	0.130653	0.00160616	0.117988	0.00237652
5452857	45000	299	0.110026	0.00142252	0.0542501	0.00152179
5452857	45000	300	0.162311	0.00128018	0.0499582	0.00173191
5452857	45000	301	0.0938807	0.00182389	0.0623631	0.00239545
5452857	45000	302	0.0826053	0.00123428	0.0455096	0.00168576
5452857	45000	303	0.129271	0.000997828	0.0985697	0.00265098
5452857	45000	304	0.164272	0.0014868	0.0442763	0.00125874
5452857	45000	305	0.115122	0.00782006	0.0494069	0.00115352
5452857	45000	306	0.148611	0.00999467	0.0567968	0.0014658
5452857	45000	307	0.134004	0.00981924	0.0477178	0.00119223
5452857	45000	308	0.140023	0.00275358	0.0798895	0.00146252
5452857	45000	309	0.101293	0.00363396	0.048814	0.00110412
5452857	45000	310	0.0777154	0.018026	0.0425	0.00209021
5452857	45000	311	0.162884	0.0017205	0.0660272	0.00209227
5452857	45000	312	0.143939	0.0177184	0.044151	0.00331823
5452857	45000	313	0.14361	0.0125877	0.0573198	0.00213226
5452857	45000	314	0.134999	0.00325091	0.113146	0.0049711
5452857	45000	315	0.145722	0.00185995	0.0631134	0.00249562
5452857	45000	316	0.120579	0.00388006	0.0988089	0.005584
5452857	45000	317	0.175923	0.00273573	0.0672462	0.00234767
5452857	45000	318	0.214755	0.00378643	0.0641096	0.00339156
5452857	45000	319	0.186677	0.001836	0.0743909	0.00226207
5452857	45000	320	0.222952	0.00688618	0.300273	0.00966471
5452857	45000	321	0.272276	0.00461927	0.392914	0.00771581
5452857	45000	322	0.958333	0.0816667	0.0528779	0.00175256
5452857	45000	323	0.232168	0.00406888	0.0975318	0.00236071
5452857	45000	324	0.30785	0.00193172	0.62778	0.00597757
5452857	45000	325	0.327961	0.00850493	0.189361	0.00996126
5452857	45000	326	0.382822	0.00271311	0.821375	0.00331004
5452857	45000	327	0.294663	0.00208216	0.104345	0.00538492
5452857	45000	328	0.225486	0.0027822	0.0561007	0.00278078
5452857	45000	329	0.270564	0.00504142	0.956791	0.000801151
5452857	45000	330	0.338485	0.0061293	0.114395	0.00554804
5452857	45000	331	0.2893	0.00458672	0.0830556	0.00528255
5452857	45000	332	0.321987	0.00299806	0.748514	0.00265276
5452857	45000	333	0.264445	0.00279337	0.217176	0.00838207
5452857	45000	334	0.238581	0.0043046	0.0596315	0.00345083
5452857	45000	335	0.215792	0.0131587	0.0552101	0.00242813
5452857	45000	336	0.148156	0.00440698	0.067696	0.00518469
5452857	45000	337	0.137525	0.0024962	0.0499634	0.00222042
5452857	45000	338	0.169781	0.00190182	0.0930431	0.00190677
5452857	45000	339	0.254223	0.00344932	0.0674503	0.00365099
5452857	45000	340	0.165479	0.00318781	0.0599909	0.00204771
5452857	45000	341	0.153056	0.0109544	0.0978238	0.00218323
5452857	45000	342	0.143853	0.00236862	0.0624632	0.00163829
5452857	45000	343	0.0954545	0.0195718	0.0513016	0.00250198
5452857	45000	344	0.146717	0.00404657	0.0658341	0.00355536
5452857	45000	345	0.245581	0.0108334	0.0463346	0.00133423
5452857	45000	346	0.359848	0.0582326	0.0714266	0.00239428
5452857	45000	347	0.11047	0.00723441	0.0478268	0.00217477
5452857	45000	348	0.121295	0.00623761	0.0557375	0.00141278
5452857	45000	349	0.158078	0.00427956	0.0437783	0.0013044
5452857	45000	350	0.142071	0.00225752	0.0937551	0.00333642
5452857	45000	351	0.155149	0.00121565	0.0553862	0.00179508
5452857	45000	352	0.166139	0.00199562	0.0492347	0.00132956
5452857	45000	353	0.109533	0.0108633	0.0545896	0.00188716
5452857	45000	354	0.17271	0.00343166	0.0389303	0.00326078
5452857	45000	355	0.22074	0.00445536	0.0494792	0.00271547
5452857	45000	356	0.126197	0.00180973	0.0925328	0.00485852
5452857	45000	357	0.126676	0.00289293	0.237047	0.0100091
5452857	45000	358	0.109618	0.00278521	0.0931077	0.00482917
5452857	45000	359	0.10497	0.0026133	0.067335	0.00222539
5452857	45000	360	0.121969	0.000993016	0.0613057	0.00181939
5452857	45000	361	0.494997	0.00699848	0.057423	0.0073302
5452857	45000	362	0.112697	0.00424657	0.0747172	0.00172801
5452857	45000	363	0.105114	0.0119349	0.0509274	0.00139144
5452857	45000	364	0.13491	0.00146884	0.0616725	0.00117095
5452857	45000	365	0.105622	0.00270576	0.0536134	0.00259481
5452857	45000	366	0.142213	0.00126012	0.0561613	0.000872625
5452857	45000	367	0.127754	0.00126207	0.0718147	0.00223736
5452857	45000	368	0.117515	0.00129892	0.0560492	0.00130296
5452857	45000	369	0.135554	0.00666536	0.044299	0.00202744
5452857	45000	370	0.269845	0.00968093	0.0359127	0.00266732
5452857	45000	371	0.138762	0.00131261	0.0476714	0.00139132
5452857	45000	372	0.117575	0.00498216	0.108416	0.00761042
5452857	45000	373	0.179611	0.00127254	0.0521144	0.00148848
5452857	45000	374	0.0637609	0.00139339	0.0387497	0.00158448
5452857	45000	375	0.101271	0.00184389	0.0452351	0.00122765
5452857	45000	376	0.0794119	0.00161806	0.0628989	0.00176209
5452857	45000	377	0.162011	0.00207064	0.0732319	0.00364228
5452857	45000	378	0.0998138	0.00126151	0.0338223	0.00100527
5452857	45000	379	0.101497	0.00336576	0.0560695	0.00138823
5452857	45000	380	0.156864	0.00235197	0.0370994	0.00252734
5452857	45000	381	0.16343	0.00139638	0.0452139	0.00146878
5452857	45000	382	0.0371492	0.00230238	0.0268258	0.00280351
5452857	45000	383	0.112438	0.00181318	0.0358741	0.00204788
5452857	45000	384	0.128629	0.00141027	0.069398	0.00248517
5452857	45000	385	0.197805	0.004758	0.92371	0.0011204
5452857	45000	386	0.274488	0.0022098	0.523032	0.0042876
5452857	45000	387	0.211569	0.0017765	0.192537	0.0054585
5452857	45000	388	0.202509	0.00262414	0.242501	0.008792
5452857	45000	389	0.149619	0.00130663	0.072256	0.000935853
5452857	45000	390	0.225093	0.00141376	0.0716589	0.00143961
5452857	45000	391	0.236615	0.00147293	0.115716	0.00356495
5452857	45000	392	0.203205	0.0214743	0.0572513	0.00192503
5452857	45000	393	0.183986	0.00196023	0.15279	0.00344339
5452857	45000	394	0.132862	0.00303069	0.240247	0.0115993
5452857	45000	395	0.150647	0.00238078	0.0546073	0.00173832
5452857	45000	396	0.134588	0.0018381	0.0557264	0.00226135
5452857	45000	397	0.170943	0.0018585	0.0660296	0.0018022
5452857	45000	398	0.130085	0.00192607	0.0859061	0.00283377
5452857	45000	399	0.167253	0.00210362	0.0735895	0.00173963
5452857	45000	400	0.132815	0.00259779	0.0439807	0.00168034
5452857	45000	401	0.1105	0.00228188	0.0457228	0.00147307
5452857	45000	402	0.147209	0.00150414	0.0601248	0.00234681
5452857	45000	403	0.0939085	0.00130519	0.0651699	0.00192521
5452857	45000	404	0.141194	0.00186973	0.0408702	0.00202319
5452857	45000	405	0.171844	0.00208284	0.0488946	0.00328686
5452857	45000	406	0.250346	0.00253638	0.0508121	0.00267755
5452857	45000	407	0.194609	0.00327184	0.0471045	0.0020553
5452857	45000	408	0.144529	0.00209631	0.0482063	0.00168304
5452857	45000	409	0.135277	0.00300943	0.0712997	0.00156795
5452857	45000	410	0.142953	0.00170151	0.0506553	0.00248936
5452857	45000	411	0.126738	0.00216257	0.0628941	0.0022543
5452857	45000	412	0.152096	0.00199111	0.0709002	0.0026797
5452857	45000	413	0.164153	0.00277535	0.0527276	0.00236
5452857	45000	414	0.163363	0.00300089	0.0693046	0.00289178
5452857	45000	415	0.196105	0.00209538	0.118291	0.00535671
5452857	45000	416	0.170548	0.00383823	0.0662011	0.00292013
5452857	45000	417	0.113959	0.00374968	0.0570392	0.00245741
5452857	45000	418	0.163663	0.00441383	0.150714	0.00855737
5452857	45000	419	0.149924	0.00416766	0.0809376	0.00205763
5452857	45000	420	0.134783	0.00308224	0.0974433	0.00385462
5452857	45000	421	0.16276	0.00485517	0.0859171	0.00793233
5452857	45000	422	0.173483	0.00139858	0.0978184	0.00279124
5452857	45000	423	0.164224	0.00145601	0.0727965	0.00175586
5452857	45000	424	0.348177	0.00433824	0.059389	0.00370241
5452857	45000	425	0.20685	0.00243741	0.310588	0.00686844
5452857	45000	426	0.18294	0.00283927	0.128231	0.00716817
5452857	45000	427	0.181713	0.0063207	0.0501378	0.00233435
5452857	45000	428	0.165964	0.00213926	0.0916303	0.00329609
5452857	45000	429	0.130689	0.00913098	0.242894	0.00832305
5452857	45000	430	0.219145	0.00343615	0.786964	0.00156994
5452857	45000	431	0.219369	0.00546653	0.761537	0.00429164
5452857	45000	432	0.206598	0.00391423	0.902867	0.00134124
5452857	45000	433	0.208333	0.0337258	0.907191	0.00196568
5452857	45000	434	0.24112	0.00526753	0.534287	0.00404943
5452857	45000	435	0.211816	0.00381971	0.141168	0.0032106
5452857	45000	436	0.246374	0.00297034	0.0653935	0.00244322
5452857	45000	437	0.228785	0.00338674	0.342815	0.0182585
5452857	45000	438	0.188182	0.00255269	0.094922	0.00336826
5452857	45000	439	0.117321	0.00297697	0.22385	0.00830694
5452857	45000	440	0.195504	0.00251759	0.0471601	0.00327296
5452857	45000	441	0.196277	0.00290782	0.0991439	0.00521266
5452857	45000	442	0.208772	0.00287757	0.194898	0.00650753
5452857	45000	443	0.117652	0.00579988	0.0736646	0.00631736
5452857	45000	444	0.21178	0.00390299	0.112857	0.00581148
5452857	45000	445	0.169468	0.00429574	0.0571306	0.00460192
5452857	45000	446	0.227246	0.00237829	0.0600268	0.00369881
5452857	45000	447	0.127135	0.00272695	0.127107	0.00944238
5452857	45000	448	0.166625	0.00199849	0.0468836	0.00189684
5452857	45000	449	0.148079	0.002894	0.0859777	0.00401232
5452857	45000	450	0.145451	0.00335628	0.0451754	0.00357902
5452857	45000	451	0.257054	0.00450491	0.121434	0.00558779
5452857	45000	452	0.26649	0.00650415	0.0651824	0.00264159
5452857	45000	453	0.246646	0.00369073	0.148571	0.0049773
5452857	45000	454	0.0694444	0.0215098	0.0555775	0.00249365
5452857	45000	455	0.240033	0.00270574	0.0486354	0.00223273
5452857	45000	456	0.185733	0.00278757	0.124969	0.00831209
5452857	45000	457	0.332377	0.00580838	0.0651556	0.00561288
5452857	45000	458	0.315448	0.00656055	0.0321285	0.0052065
5452857	45000	459	0.0561393	0.00398794	0.0623838	0.00515629
5452857	45000	460	0.241798	0.0024889	0.0803333	0.0066702
5452857	45000	461	0.103012	0.00243322	0.0599193	0.0034577
5452857	45000	462	0.129833	0.00293049	0.0652337	0.00366664
5452857	45000	463	0.177616	0.00933984	0.13851	0.0155465
5452857	45000	464	0.186449	0.00247069	0.0594353	0.00227285
5452857	45000	465	0.137631	0.00829108	0.0612374	0.0103815
5452857	45000	466	0.136035	0.00396737	0.0448875	0.0035189
5452857	45000	467	0.0787736	0.00648699	0.0341667	0.00321744
5452857	45000	468	0.120171	0.00304614	0.0450792	0.00236929
5452857	45000	469	0.0625	0.0383933	0.0409447	0.00428172
5452857	45000	470	0.202998	0.00386787	0.0500555	0.00293526
5452857	45000	471	0.181248	0.00512408	0.307969	0.0201998
5452857	45000	472	0.274222	0.00562758	0.0517951	0.00666841
5452857	45000	473	0.154508	0.00278409	0.122402	0.00387976
5452857	45000	474	0.190762	0.00175407	0.1031	0.00249029
5452857	45000	475	0.158858	0.0025197	0.375611	0.00676786
5452857	45000	476	0.135514	0.00153947	0.0997237	0.00240049
5452857	45000	477	0.122058	0.00267595	0.0650683	0.0032882
5452857	45000	478	0.12224	0.00379611	0.114839	0.00531328
5452857	45000	479	0.141428	0.00876841	0.102077	0.00585222
5452857	45000	480	0.0992619	0.00132742	0.0520833	0.00148605
5452857	45000	481	0.144354	0.00198607	0.0600057	0.00188855
5452857	45000	482	0.20896	0.00334074	0.0704237	0.0036134
5452857	45000	483	0.106106	0.00157953	0.0602986	0.00153053
5452857	45000	484	0.16242	0.00302181	0.0437755	0.00286902
5452857	45000	485	0.1352	0.00245657	0.0609447	0.00239483
5452857	45000	486	0.11948	0.00340162	0.0651709	0.00295493
5452857	45000	487	0.120183	0.00187508	0.0781007	0.00297868
5452857	45000	488	0.103391	0.00309605	0.153797	0.0084538
5452857	45000	489	0.150442	0.00319357	0.228873	0.00802558
5452857	45000	490	0.124439	0.00209372	0.0769259	0.00336087
5452857	45000	491	0.11868	0.00120255	0.0665442	0.00145944
5452857	45000	492	0.2023	0.00507863	0.061557	0.0034383
5452857	45000	493	0.124839	0.00146863	0.0509764	0.00143894
5452857	45000	494	0.160904	0.00146826	0.0600318	0.00107458
5452857	45000	495	0.235489	0.00347701	0.0631671	0.00304167
5452857	45000	496	0.147524	0.00162203	0.144325	0.00422955
5452857	45000	497	0.160284	0.00184407	0.152353	0.00289539
5452857	45000	498	0.155414	0.00270747	0.50975	0.00605778
5452857	45000	499	0.146748	0.00159607	0.085225	0.0023217
5452857	45000	500	0.219209	0.00219364	0.0716627	0.00199272
5452857	45000	501	0.202995	0.00125101	0.0718851	0.00196783
5452857	45000	502	0.262128	0.00212867	0.427837	0.00562986
5452857	45000	503	0.222466	0.00185372	0.147342	0.00312041
5452857	45000	504	0.226014	0.00152547	0.482986	0.00326494
5452857	45000	505	0.198388	0.00171983	0.111315	0.00282497
5452857	45000	506	0.212951	0.00236145	0.128966	0.00497638
5452857	45000	507	0.179101	0.00184475	0.269694	0.00738223
5452857	45000	508	0.200927	0.00517696	0.0608694	0.00300575
5452857	45000	509	0.112224	0.00109381	0.0643689	0.00126498
5452857	45000	510	0.134991	0.00173264	0.0580411	0.00238659
5452857	45000	511	0.145275	0.00166949	0.0538084	0.00169484
5452857	45000	512	0.138473	0.00120028	0.0802408	0.00243195
5452857	45000	513	0.14286	0.00186433	0.0786187	0.00227541
5452857	45000	514	0.105114	0.00186352	0.0490402	0.00178209
5452857	45000	515	0.104657	0.00175233	0.0887694	0.00226601
5452857	45000	516	0.112301	0.00184141	0.0986353	0.00315349
5452857	45000	517	0.141742	0.000781621	0.057067	0.00105218
5452857	45000	518	0.0996896	0.00258916	0.0389141	0.0020956
5452857	45000	519	0.169547	0.00139546	0.109042	0.00320429
5452857	45000	520	0.142102	0.00198438	0.139889	0.00499504
5452857	45000	521	0.172564	0.00209001	0.180279	0.00507518
5452857	45000	522	0.108995	0.00284862	0.0621232	0.00363939
5452857	45000	523	0.179636	0.00133426	0.158986	0.0035195
5452857	45000	524	0.239814	0.00139614	0.115624	0.002341
5452857	45000	525	0.244745	0.00271487	0.0937708	0.00392132
5452857	45000	526	0.189369	0.00222418	0.214322	0.0041629
5452857	45000	527	0.181347	0.00218278	0.225588	0.00585862
5452857	45000	528	0.208408	0.00220189	0.162762	0.00465743
5452857	45000	529	0.232848	0.00192212	0.344103	0.00456025
5452857	45000	530	0.154445	0.00140227	0.0662611	0.00148877
5452857	45000	531	0.210725	0.00190788	0.249431	0.00376466
5452857	45000	532	0.080298	0.0019921	0.0436348	0.00164533
5452857	45000	533	0.135609	0.0011149	0.0509917	0.000973635
5452857	45000	534	0.169056	0.00176463	0.0890899	0.00295719
5452857	45000	535	0.208233	0.00198943	0.0533441	0.00145346
5452857	45000	536	0.139044	0.00148317	0.0754578	0.00195008
5452857	45000	537	0.0981642	0.00167284	0.0652845	0.00287279
5452857	45000	538	0.119515	0.00156986	0.0840441	0.00218967
5452857	45000	539	0.0894208	0.00207899	0.066678	0.00331505
5452857	45000	540	0.0902601	0.000786894	0.0598053	0.000784402
5452857	45000	541	0.12532	0.00130265	0.190711	0.00677296
5452857	45000	542	0.123417	0.00108627	0.0613306	0.00251978
5452857	45000	543	0.137728	0.00107239	0.0614852	0.00140498
5452857	45000	544	0.126008	0.00177146	0.0517625	0.00133732
5452857	45000	545	0.13348	0.00162267	0.0572241	0.00263507
5452857	45000	546	0.101542	0.00144997	0.0891799	0.00293781
5452857	45000	547	0.0869442	0.00142103	0.0589259	0.00150521
5452857	45000	548	0.0920907	0.00471317	0.0372683	0.00166907
5452857	45000	549	0.191942	0.00232402	0.117904	0.0108748
5452857	45000	550	0.109194	0.0059944	0.0449745	0.0032718
5452857	45000	551	0.127956	0.0020174	0.047061	0.00200898
5452857	45000	552	0.179896	0.00536364	0.0479477	0.00315766
5452857	45000	553	0.0912338	0.00239051	0.0608715	0.00232867
5452857	45000	554	0.198943	0.00236082	0.0790981	0.00426743
5452857	45000	555	0.175832	0.0018202	0.0766339	0.00267605
5452857	45000	556	0.179783	0.00403867	0.0438833	0.00296559
5452857	45000	557	0.182645	0.0037988	0.556541	0.00718147
5452857	45000	558	0.227913	0.00424543	0.0742777	0.00426263
5452857	45000	559	0.124587	0.001947	0.238801	0.00785235
5452857	45000	560	0.212617	0.00230952	0.0530819	0.00283174
5452857	45000	561	0.152359	0.00167398	0.183655	0.00583263
5452857	45000	562	0.182052	0.0022239	0.104489	0.00375074
5452857	45000	563	0.20544	0.00245028	0.0616375	0.00202111
5452857	45000	564	0.169442	0.00166999	0.273062	0.00597696
5452857	45000	565	0.148284	0.00518067	0.116589	0.00637119
5452857	45000	566	0.116285	0.001591	0.0803317	0.00274485
5452857	45000	567	0.126087	0.00369072	0.0745462	0.00396338
5452857	45000	568	0.161715	0.00274039	0.102858	0.00383991
5452857	45000	569	0.193926	0.00140601	0.0470884	0.00148285
5452857	45000	570	0.392589	0.00285264	0.0440891	0.00899357
5452857	45000	571	0.100458	0.00143032	0.0528403	0.00151667
5452857	45000	572	0.23114	0.00341399	0.0713742	0.00326461
5452857	45000	573	0.195291	0.00194206	0.0576768	0.00208742
5452857	45000	574	0.152156	0.00478665	0.0449849	0.00387446
5452857	45000	575	0.160455	0.00346113	0.048642	0.00249244
5452857	45000	576	0.137518	0.00400839	0.0397542	0.00122393
5452857	45000	577	0.157985	0.00179695	0.0941318	0.00363631
5452857	45000	578	0.169969	0.00182133	0.124046	0.00712954
5452857	45000	579	0.183352	0.00194546	0.0930055	0.00463686
5452857	45000	580	0.229731	0.00236398	0.0933564	0.00337752
5452857	45000	581	0.194685	0.00195251	0.0632747	0.00188186
5452857	45000	582	0.182174	0.00161174	0.0552064	0.00180125
5452857	45000	583	0.115953	0.00235357	0.0578049	0.00270252
5452857	45000	584	0.145822	0.00257505	0.0904514	0.00408069
5452857	45000	585	0.172737	0.00202908	0.062744	0.00197475
5452857	45000	586	0.175869	0.00145181	0.0614583	0.00161978
5452857	45000	587	0.160805	0.00153891	0.0551229	0.00192045
5452857	45000	588	0.135971	0.00202495	0.056675	0.0030906
5452857	45000	589	0.175266	0.000922767	0.0594608	0.00191035
5452857	45000	590	0.108405	0.00346615	0.043742	0.00237827
5452857	45000	591	0.136998	0.0011196	0.0672664	0.00147406
5452857	45000	592	0.12419	0.0011674	0.0815935	0.00164143
5452857	45000	593	0.104504	0.00163062	0.0409355	0.00183079
5452857	45000	594	0.0956198	0.00262308	0.0352193	0.00244929
5452857	45000	595	0.134211	0.00210761	0.0377185	0.00184679
5452857	45000	596	0.0938331	0.00158482	0.0428865	0.00112802
5452857	45000	597	0.198575	0.00171199	0.0604132	0.00203284
5452857	45000	598	0.246845	0.00178123	0.0697676	0.00178364
5452857	45000	599	0.232739	0.00217152	0.0886774	0.0032372
5452857	45000	600	0.141342	0.0017979	0.062826	0.00163584
5452857	45000	601	0.0416667	0.0450536	0.0504099	0.00253464
5452857	45000	602	0.197693	0.00160489	0.131253	0.00516836
5452857	45000	603	0.0277778	0.0544444	0.054969	0.00123665
5452857	45000	604	0.207467	0.00198057	0.0788496	0.00239913
5452857	45000	605	0.189722	0.0023462	0.0910653	0.00323855
5452857	45000	606	0.152964	0.0044266	0.0625334	0.00343
5452857	45000	607	0.0744076	0.00192153	0.0665664	0.00300548
5452857	45000	608	0.117413	0.00155594	0.0541429	0.00212493
5452857	45000	609	0.133345	0.00222663	0.0515658	0.00214534
5452857	45000	610	0.235791	0.00179487	0.103443	0.0037583
5452857	45000	611	0.136383	0.00169334	0.0518108	0.00118853
5452857	45000	612	0.138889	0.0351009	0.190856	0.0125432
5452857	45000	613	0.0639038	0.00307882	0.084609	0.0046427
5452857	45000	614	0.26285	0.00149354	0.0537367	0.00170261
5452857	45000	615	0.0901454	0.00168381	0.0945971	0.00509643
5452857	45000	616	0.0620467	0.00222165	0.0396793	0.00251961
5452857	45000	617	0.171248	0.00267224	0.0716576	0.00276049
5452857	45000	618	0.135557	0.00194359	0.0575524	0.00287993
5452857	45000	619	0.184127	0.00187865	0.0516036	0.00113371
5452857	45000	620	0.211384	0.00215147	0.919425	0.00103214
5452857	45000	621	0.304336	0.00186287	0.0876504	0.00263005
5452857	45000	622	0.232352	0.00171083	0.0883226	0.001985
5452857	45000	623	0.170532	0.00148293	0.0775946	0.00298548
5452857	45000	624	0.155287	0.00204687	0.0920355	0.00229153
5452857	45000	625	0.153808	0.00207936	0.119534	0.00357505
5452857	45000	626	0.175956	0.00261416	0.0506025	0.00208354
5452857	45000	627	0.215274	0.00225036	0.119392	0.0065684
5452857	45000	628	0.255286	0.00267008	0.120226	0.00390264
5452857	45000	629	0.382415	0.00190939	0.774896	0.00206939
5452857	45000	630	0.307304	0.00207348	0.357649	0.00612003
5452857	45000	631	0.25514	0.00206207	0.0820707	0.00238252
5452857	45000	632	0.186863	0.00145743	0.0802974	0.00231502
5452857	45000	633	0.202433	0.00249858	0.0333507	0.00302874
5452857	45000	634	0.144889	0.00198058	0.145985	0.00506523
5452857	45000	635	0.0453881	0.00369671	0.0503049	0.00782273
5452857	45000	636	0.173223	0.00238336	0.088766	0.00194413
5452857	45000	637	0.255071	0.00287027	0.157669	0.00431792
5452857	45000	638	0.285713	0.0023231	0.185159	0.00566609
5452857	45000	639	0.135145	0.00339061	0.639987	0.00635899
5452857	45000	640	0.253792	0.00230512	0.0654022	0.00202703
5452857	45000	641	0.21349	0.0028947	0.0775972	0.00310109
5452857	45000	642	0.153023	0.00252957	0.0764616	0.00226326
5452857	45000	643	0.120691	0.00262635	0.148077	0.00673606
5452857	45000	644	0.406173	0.00243531	0.0837416	0.00302569
5452857	45000	645	0.249623	0.00440717	0.0347908	0.00313376
5452857	45000	646	0.169762	0.00133802	0.0674256	0.00141169
5452857	45000	647	0.349745	0.000822945	0.087918	0.00210923
5452857	45000	648	0.158594	0.00226012	0.0916552	0.00340974
5452857	45000	649	0.0643086	0.00383963	0.074751	0.00269628
5452857	45000	650	0.0980746	0.00426387	0.0347566	0.00167652
5452857	45000	651	0.0822894	0.00189647	0.0686664	0.00336834
5452857	45000	652	0.123167	0.00226328	0.0719854	0.00361736
5452857	45000	653	0.155372	0.00184029	0.0567233	0.0019184
5452857	45000	654	0.13086	0.0012074	0.0551982	0.00184685
5452857	45000	655	0.115046	0.0020486	0.0622145	0.00284946
5452857	45000	656	0.178882	0.00167147	0.046288	0.00158724
5452857	45000	657	0.0753809	0.0013383	0.0527003	0.00224321
5452857	45000	658	0.0961519	0.00145152	0.0471276	0.00119122
5452857	45000	659	0.116757	0.00229847	0.0547446	0.00200091
5452857	45000	660	0.135487	0.00299147	0.043547	0.00176275
5452857	45000	661	0.0791764	0.00261444	0.0441477	0.00185895
5452857	45000	662	0.145597	0.00300373	0.0666649	0.00315022
5452857	45000	663	0.0899433	0.00506742	0.0448718	0.00285353
5452857	45000	664	0.117775	0.00181061	0.0742328	0.00315719
5452857	45000	665	0.191354	0.00372627	0.0565951	0.0019397
5452857	45000	666	0.178854	0.00271126	0.281434	0.0072342
5452857	45000	667	0.0614999	0.00224467	0.0465455	0.00327699
5452857	45000	668	0.106408	0.00127835	0.0436877	0.0016457
5452857	45000	669	0.0675748	0.00188215	0.0416544	0.00184652
5452857	45000	670	0.134472	0.00176966	0.052857	0.00252676
5452857	45000	671	0.252224	0.00404294	0.29756	0.0134428
5452857	45000	672	0.0231481	0.0132337	0.0236626	0.00650017
5452857	45000	673	0.0883113	0.00124559	0.0414435	0.00202205
5452857	45000	674	0.129856	0.00187577	0.0488898	0.00181653
5452857	45000	675	0.0971046	0.00179429	0.0996612	0.00469439
5452857	45000	676	0.074783	0.00171946	0.0327959	0.00161989
5452857	45000	677	0.0969398	0.00302361	0.0283319	0.00264955
5452857	45000	678	0.0587538	0.00307639	0.0268329	0.00200637
5452857	45000	679	0.0537656	0.00160693	0.0308136	0.00156933
5452857	45000	680	0.0539749	0.00207503	0.0316599	0.00136667
5452857	45000	681	0.104825	0.00259891	0.0351261	0.00158062
5452857	45000	682	0.11146	0.00266039	0.0496328	0.0019542
5452857	45000	683	0.0663352	0.002663	0.0683554	0.0045421
5452857	45000	684	0.0835403	0.00139343	0.0566878	0.00254258
5452857	45000	685	0.117157	0.00220742	0.0637686	0.00317575
5452857	45000	686	0.122218	0.00218298	0.0742094	0.0035466
5452857	45000	687	0.184919	0.00332575	0.0699962	0.00312475
5452857	45000	688	0.0716146	0.0293743	0.0321285	0.0063568
5452857	45000	689	0.13065	0.00166965	0.0794525	0.00223798
5452857	45000	690	0.0929061	0.00148214	0.0629597	0.00226547
5452857	45000	691	0.240892	0.00163098	0.0509439	0.00249632
5452857	45000	692	0.0827358	0.00704654	0.0362613	0.00430067
5452857	45000	693	0.107591	0.00168131	0.0771489	0.00181275
5452857	45000	694	0.105175	0.00152195	0.0687254	0.00187657
5452857	45000	695	0.0398794	0.00185126	0.035361	0.00470881
5452857	45000	696	0.0416667	0.0117668	0.029195	0.00644457
5452857	45000	697	0.189059	0.00158918	0.0806232	0.00280607
5452857	45000	698	0.121316	0.00239269	0.0600596	0.00275491
5452857	45000	699	0.138103	0.00240217	0.525436	0.00717131
5452857	45000	700	0.140791	0.00154537	0.0914739	0.00218249
5452857	45000	701	0.186546	0.00177728	0.104052	0.00422612
5452857	45000	702	0.13885	0.00165224	0.0581909	0.00164839
5452857	45000	703	0.150275	0.00573002	0.106524	0.00759676
5452857	45000	704	0.125099	0.0015997	0.0661489	0.00205061
5452857	45000	705	0.0623528	0.00574438	0.0150463	0.00555
5452857	45000	706	0.169539	0.00125549	0.114343	0.00343402
5452857	45000	707	0.104082	0.0017974	0.106354	0.00356483
5452857	45000	708	0.0875	0.00149617	0.0360743	0.00135579
5452857	45000	709	0.124966	0.00231603	0.110762	0.00490661
5452857	45000	710	0.0887694	0.00128487	0.0540457	0.00114176
5452857	45000	711	0.116473	0.00206527	0.0394171	0.00179418
5452857	45000	712	0.0526529	0.0021601	0.0346964	0.00173441
5452857	45000	713	0.169243	0.00798854	0.0349037	0.00120627
5452857	45000	714	0.0716117	0.00664482	0.0431548	0.00679951
5452857	45000	715	0.150434	0.00321421	0.0352361	0.00236505
5452857	45000	716	0.128995	0.00156135	0.0926004	0.00230109
5452857	45000	717	0.0680171	0.00662726	0.0477825	0.00157514
5452857	45000	718	0.0541667	0.0425035	0.0511066	0.00194786
5452857	45000	719	0.12383	0.00261922	0.0304623	0.00079628
5452857	45000	720	0.00395833	0.00333584	0.0183983	0.00307499
5452857	45000	721	0.194872	0.00360889	0.254428	0.0106724
5452857	45000	722	0.108925	0.00134087	0.061858	0.00142724
5452857	45000	723	0.0573779	0.00200417	0.0517951	0.00226498
5452857	45000	724	0.0852412	0.00123954	0.0851342	0.00263327
5452857	45000	725	0.104172	0.00271012	0.0421619	0.00167111
5452857	45000	726	0.0765518	0.0022535	0.0438955	0.00187384
5452857	45000	727	0.101033	0.00123316	0.0601147	0.00255908
5452857	45000	728	0.103147	0.00150514	0.0615618	0.00204855
5452857	45000	729	0.217734	0.0038452	0.0650855	0.00394622
5452857	45000	730	0.0416667	0.0816667	0.0542684	0.00406819
5452857	45000	731	0.063469	0.00697726	0.0640944	0.00494821
5452857	45000	732	0.230133	0.0053683	0.422686	0.00586533
5452857	45000	733	0.180736	0.00645318	0.57454	0.00572625
5452857	45000	734	0.138701	0.0023399	0.143864	0.00430666
5452857	45000	735	0.143767	0.00294858	0.0492538	0.00145653
5452857	45000	736	0.118391	0.00186476	0.050756	0.00144077
5452857	45000	737	0.104376	0.00201933	0.0460378	0.00144569
5452857	45000	738	0.16055	0.00174455	0.0481949	0.00190263
5452857	45000	739	0.166667	0.0221181	0.0407583	0.00237486
5452857	45000	740	0.129347	0.00284177	0.0395616	0.00123274
5452857	45000	741	0.116954	0.00191395	0.0548411	0.00254899
5452857	45000	742	0.251861	0.00400653	0.0984072	0.00524965
5452857	45000	743	0.0614478	0.0145912	0.0318376	0.00355259
5452857	45000	744	0.163754	0.00190525	0.0623257	0.00224502
5452857	45000	745	0.164815	0.00141396	0.0467861	0.00187024
5452857	45000	746	0.129907	0.00157386	0.0546077	0.00155374
5452857	45000	747	0.12026	0.00109675	0.0435227	0.00128214
5452857	45000	748	0.114235	0.00354084	0.0439955	0.00133678
5452857	45000	749	0.126174	0.00129684	0.0499229	0.00142694
5452857	45000	750	0.152589	0.00132345	0.059821	0.00136671
5452857	45000	751	0.212692	0.00165628	0.0638511	0.00223215
5452857	45000	752	0.157245	0.00141946	0.29873	0.00562992
5452857	45000	753	0.213924	0.00453206	0.0491405	0.00264451
5452857	45000	754	0.129844	0.00174354	0.0422588	0.00145785
5452857	45000	755	0.151919	0.00201971	0.063847	0.00225304
5452857	45000	756	0.11888	0.00182036	0.050746	0.0012603
5452857	45000	757	0.105866	0.00262144	0.04219	0.00162446
5452857	45000	758	0.248264	0.0323205	0.0471331	0.00482362
5452857	45000	759	0.157738	0.019472	0.03125	0.00504865
5452857	45000	760	0.0324074	0.0159429	0	0
5452857	45000	761	0.147291	0.00526355	0.0300126	0.00131036
5452857	45000	762	0.117373	0.00285026	0.105198	0.00516227
5452857	45000	763	0.0957074	0.0034265	0.159206	0.00900045
5452857	45000	764	0.166955	0.00191281	0.0913918	0.00489474
5452857	45000	765	0.209042	0.00263095	0.0783876	0.00282469
5452857	45000	766	0.169044	0.00311169	0.0769486	0.00586659
5452857	45000	767	0.0512905	0.00228031	0.0499121	0.00323572
5452857	45000	768	0.160644	0.00474015	0.31155	0.0159647
5452857	45000	769	0.196422	0.0027582	0.0663311	0.00452274
5452857	45000	770	0.219843	0.00332447	0.0700146	0.00348487
5452857	45000	771	0.092866	0.00601569	0.0312161	0.00306633
5452857	45000	772	0.267098	0.00125454	0.127216	0.0032242
5452857	45000	773	0.0253289	0.00167855	0.0375	0.00301006
5452857	45000	774	0.21934	0.00326065	0.0540515	0.00235565
5452857	45000	775	0.0560408	0.00226447	0.0462512	0.00494281
5452857	45000	776	0.146419	0.00243298	0.0490341	0.00236918
5452857	45000	777	0.109638	0.00259693	0.0557555	0.00161151
5452857	45000	778	0.153512	0.00187019	0.0656515	0.00260692
5452857	45000	779	0.110444	0.00310653	0.0423103	0.00149701
5452857	45000	780	0.158574	0.00198284	0.0654599	0.00274622
5452857	45000	781	0.13496	0.00188896	0.0656305	0.00276952
5452857	45000	782	0.323727	0.0034515	0.0473329	0.00257573
5452857	45000	783	0.0712719	0.00476888	0.0461795	0.00306521
5452857	45000	784	0.137455	0.00392431	0.0544269	0.00359353
5452857	45000	785	0.120201	0.00339031	0.853731	0.00254368
5452857	45000	786	0.0527888	0.00509443	0.0662291	0.00632125
5452857	45000	787	0.211521	0.00189061	0.0974172	0.00348374
5452857	45000	788	0.180301	0.00124262	0.0582384	0.00119336
5452857	45000	789	0.131308	0.00301303	0.0906204	0.00313375
5452857	45000	790	0.258342	0.00550601	0.479037	0.0119817
5452857	45000	791	0.320286	0.00477606	0.443792	0.0113751
5452857	45000	792	0.130734	0.00159772	0.0778378	0.00166995
5452857	45000	793	0.144052	0.0013431	0.0493959	0.00117589
5452857	45000	794	0.139541	0.00118242	0.0868426	0.00182374
5452857	45000	795	0.196414	0.00200733	0.0437976	0.00189182
5452857	45000	796	0.141072	0.003394	0.0458825	0.00172646
5452857	45000	797	0.114171	0.00106987	0.0448007	0.000767533
5452857	45000	798	0.191387	0.00210065	0.107959	0.00316227
5452857	45000	799	0.175835	0.00209348	0.104757	0.00209337
5452857	45000	800	0.165278	0.0157202	0.0508534	0.0024024
5452857	45000	801	0.0625	0.0256479	0.0349345	0.00355069
5452857	45000	802	0.136694	0.00394014	0.0366745	0.00148957
5452857	45000	803	0.0882353	0.0208197	0.0438555	0.00249262
5452857	45000	804	0.0694444	0.0877523	0.0341278	0.00206124
5452857	45000	805	0.0443841	0.0143898	0.0343198	0.00239441
5452857	45000	806	0.0585317	0.00928105	0.032947	0.00128177
5452857	45000	807	0.0554884	0.00185277	0.0413095	0.00156121
5452857	45000	808	0.110706	0.00158677	0.0349857	0.0019085
5452857	45000	809	0.131037	0.0017626	0.0805905	0.0019601
5452857	45000	810	0.132476	0.00229956	0.0652617	0.00217778
5452857	45000	811	0.122092	0.00148302	0.0705568	0.00235333
5452857	45000	812	0.174729	0.00190189	0.104966	0.00339724
5452857	45000	813	0.099537	0.0352835	0.0536533	0.00231664
5452857	45000	814	0.115196	0.040155	0.0337676	0.00193627
5452857	45000	815	0.139841	0.00491987	0.0386554	0.00105759
5452857	45000	816	0.136997	0.000833537	0.0505122	0.000760245
5452857	45000	817	0.159402	0.000964302	0.0512135	0.00130439
5452857	45000	818	0.0737259	0.00144302	0.0285525	0.000684479
5452857	45000	819	0.0781919	0.00344088	0.0302856	0.000941642
5452857	45000	820	0.0572917	0.0175957	0.0539216	0.00638191
5452857	45000	821	0.0641026	0.0164999	0.0353693	0.00248768
5452857	45000	822	0.26283	0.00394111	0.0336075	0.00160087
5452857	45000	823	0.0499466	0.0100609	0.0297619	0.00433777
5452857	45000	824	0.0260765	0.00362643	0.0360649	0.00317826
5452857	45000	825	0.11433	0.0021435	0.032485	0.00359478
