population	links	index	origin_mean	origing_error	destination_mean	destination_error
3101594	28000	0	0.0673759	0.0162031	0.0313531	0.00107289
3101594	28000	1	0.0996795	0.0116478	0.0280602	0.00228417
3101594	28000	2	0.0760358	0.00329647	0.0436127	0.00197923
3101594	28000	3	0.271484	0.0151802	0.0252778	0.00491051
3101594	28000	4	0.122253	0.000973262	0.0488451	0.000974262
3101594	28000	5	0.120019	0.00237223	0.0362647	0.00116537
3101594	28000	6	0.0724392	0.00067655	0.0384647	0.00100242
3101594	28000	7	0.106483	0.000961628	0.0361747	0.0013354
3101594	28000	8	0.0805039	0.000970407	0.0460419	0.0017771
3101594	28000	9	0.074992	0.00189922	0.0511039	0.00336162
3101594	28000	10	0.0305377	0.00200454	0.0294302	0.00211158
3101594	28000	11	0.0875225	0.00214544	0.0324342	0.00223176
3101594	28000	12	0.0743023	0.00221189	0.0473552	0.00196112
3101594	28000	13	0.130435	0.0429163	0.0315784	0.00276305
3101594	28000	14	0.0731334	0.00233923	0.0383956	0.00225468
3101594	28000	15	0.0827851	0.0109194	0.0282452	0.00237904
3101594	28000	16	0.115143	0.00149711	0.0613361	0.00326836
3101594	28000	17	0.0837579	0.00117294	0.0604661	0.00308585
3101594	28000	18	0.0822907	0.00124827	0.0549929	0.00157612
3101594	28000	19	0.101583	0.00249245	0.0501902	0.00239682
3101594	28000	20	0.12467	0.00108909	0.0413063	0.00080491
3101594	28000	21	0.05882	0.00224048	0.0340769	0.00112557
3101594	28000	22	0	0	0.0392402	0.00181148
3101594	28000	23	0.055662	0.00201915	0.0260321	0.00125556
3101594	28000	24	0.0189974	0.00468623	0.0165525	0.0034204
3101594	28000	25	0.163033	0.00211887	0.029919	0.00303289
3101594	28000	26	0.114016	0.00164828	0.111206	0.00303808
3101594	28000	27	0.0704657	0.0134367	0.0290758	0.00175836
3101594	28000	28	0.141912	0.00143894	0.0491427	0.00110405
3101594	28000	29	0.14218	0.00180421	0.0818631	0.00237819
3101594	28000	30	0.129948	0.00117129	0.0344025	0.00142565
3101594	28000	31	0.109531	0.0019006	0.0460849	0.00141891
3101594	28000	32	0.114055	0.00184934	0.245588	0.00577162
3101594	28000	33	0.122317	0.00156609	0.0789568	0.00205267
3101594	28000	34	0.0492189	0.00223601	0.033385	0.00141292
3101594	28000	35	0.156367	0.0039393	0.0296804	0.00344515
3101594	28000	36	0.0978916	0.00165134	0.0358944	0.00149304
3101594	28000	37	0.0955712	0.00146745	0.0388832	0.00128055
3101594	28000	38	0.104515	0.000901263	0.0475999	0.00102606
3101594	28000	39	0.10815	0.000910862	0.0492433	0.00127541
3101594	28000	40	0.0924916	0.00136222	0.0638512	0.00334462
3101594	28000	41	0.0823623	0.00169102	0.0395653	0.00155191
3101594	28000	42	0.12706	0.00225328	0.0294025	0.001262
3101594	28000	43	0.122746	0.00197464	0.0443376	0.00144369
3101594	28000	44	0.089478	0.00138825	0.0513907	0.00114875
3101594	28000	45	0.0635662	0.00152406	0.0388078	0.00160921
3101594	28000	46	0.108023	0.000938501	0.0456498	0.0010311
3101594	28000	47	0.08348	0.00138096	0.0569328	0.00179557
3101594	28000	48	0.0646583	0.00114056	0.0621314	0.0022702
3101594	28000	49	0.127579	0.00216963	0.0354102	0.00148814
3101594	28000	50	0.067305	0.00189192	0.0815216	0.00372346
3101594	28000	51	0.116392	0.00117327	0.0696384	0.0022328
3101594	28000	52	0.13115	0.00145259	0.0600582	0.00277774
3101594	28000	53	0.103767	0.00146647	0.0399766	0.00122985
3101594	28000	54	0.0610956	0.00261983	0.0483316	0.00221204
3101594	28000	55	0.0924572	0.00301394	0.0335728	0.00128089
3101594	28000	56	0.0957379	0.00139061	0.0785235	0.00352983
3101594	28000	57	0.139476	0.0022898	0.0456033	0.00175309
3101594	28000	58	0.118352	0.000951981	0.0381364	0.00111241
3101594	28000	59	0.102445	0.000913891	0.0353503	0.000998503
3101594	28000	60	0.117556	0.00213229	0.0413728	0.00175187
3101594	28000	61	0.105138	0.0014279	0.0408715	0.00121929
3101594	28000	62	0.0756606	0.00108316	0.0340834	0.00193704
3101594	28000	63	0.0691242	0.00138564	0.0396928	0.0013814
3101594	28000	64	0.111521	0.0010538	0.0455011	0.00120251
3101594	28000	65	0.105026	0.00128007	0.0488211	0.00177111
3101594	28000	66	0.0908823	0.00191972	0.0442188	0.00283097
3101594	28000	67	0.111168	0.00132964	0.0711013	0.00282373
3101594	28000	68	0.0531742	0.00173641	0.0368825	0.00129032
3101594	28000	69	0.101463	0.0016309	0.0377043	0.00200549
3101594	28000	70	0.0978466	0.00313923	0.0442102	0.00346765
3101594	28000	71	0.111725	0.00216589	0.038909	0.00242575
3101594	28000	72	0.105764	0.0043411	0.0367687	0.00326809
3101594	28000	73	0.0993634	0.00137919	0.0583144	0.00300743
3101594	28000	74	0.0903405	0.00186851	0.0282094	0.0012354
3101594	28000	75	0.126767	0.0137465	0.0257937	0.0112067
3101594	28000	76	0.0478686	0.00233298	0.0327287	0.00173194
3101594	28000	77	0.118088	0.00190807	0.104957	0.00365037
3101594	28000	78	0.104972	0.00127948	0.030834	0.00056741
3101594	28000	79	0.0980724	0.00155058	0.054367	0.0013943
3101594	28000	80	0.0870642	0.00122676	0.0480883	0.00118084
3101594	28000	81	0.0783873	0.00145589	0.0394371	0.00184151
3101594	28000	82	0.15089	0.00173069	0.0386446	0.0020804
3101594	28000	83	0.0387592	0.00206973	0.0300334	0.00124065
3101594	28000	84	0.116652	0.0014861	0.0415545	0.00108831
3101594	28000	85	0.0924393	0.000979751	0.0358636	0.00106268
3101594	28000	86	0.0776478	0.00283023	0.0701487	0.00361935
3101594	28000	87	0.0926405	0.0032905	0.0422677	0.00197444
3101594	28000	88	0.145353	0.00344007	0.0347996	0.00127376
3101594	28000	89	0.0632639	0.0050111	0.0279426	0.00297399
3101594	28000	90	0.102192	0.0018467	0.0506339	0.00171171
3101594	28000	91	0.186954	0.00189058	0.0517126	0.00213944
3101594	28000	92	0.0952693	0.00183752	0.0416231	0.00198087
3101594	28000	93	0.193848	0.00258213	0.0319526	0.00151524
3101594	28000	94	0.0796865	0.00127947	0.0348817	0.00141876
3101594	28000	95	0.127006	0.0013155	0.0364457	0.00159322
3101594	28000	96	0.0885411	0.001412	0.0739459	0.00255416
3101594	28000	97	0.114649	0.00169294	0.0768968	0.00237536
3101594	28000	98	0.126029	0.00147299	0.182748	0.006725
3101594	28000	99	0.127448	0.00188707	0.0720063	0.00203835
3101594	28000	100	0.102276	0.00196161	0.11142	0.00534911
3101594	28000	101	0.123478	0.00159016	0.0715851	0.00281762
3101594	28000	102	0.145388	0.00311954	0.0670242	0.00328133
3101594	28000	103	0.0992689	0.00124113	0.0829643	0.00265757
3101594	28000	104	0.146512	0.00138051	0.0440161	0.00115734
3101594	28000	105	0.102985	0.00196567	0.0802903	0.00285806
3101594	28000	106	0.108679	0.0014239	0.0663961	0.00186925
3101594	28000	107	0.152267	0.00291884	0.394966	0.0113295
3101594	28000	108	0.0971792	0.00331172	0.115555	0.00586295
3101594	28000	109	0.100105	0.00407666	0.0277166	0.004293
3101594	28000	110	0.128473	0.000994102	0.0685109	0.00157829
3101594	28000	111	0.10684	0.00158791	0.0628794	0.00268652
3101594	28000	112	0.125815	0.000960855	0.126114	0.00376647
3101594	28000	113	0.125751	0.00195714	0.040852	0.00196267
3101594	28000	114	0.0893539	0.00185568	0.0883792	0.00325763
3101594	28000	115	0.126543	0.00113428	0.0457476	0.00153259
3101594	28000	116	0.102986	0.00276438	0.0558914	0.00463033
3101594	28000	117	0.146587	0.00299728	0.0330053	0.00101303
3101594	28000	118	0.0814708	0.00291695	0.0429646	0.00214491
3101594	28000	119	0.135098	0.00195869	0.0608763	0.00141783
3101594	28000	120	0.153624	0.00210405	0.0410329	0.00211893
3101594	28000	121	0.11944	0.00152506	0.131518	0.00407263
3101594	28000	122	0.0245577	0.00357664	0.0424917	0.00987575
3101594	28000	123	0.0947798	0.00275933	0.0349662	0.00128706
3101594	28000	124	0.116832	0.00196737	0.0845944	0.00232766
3101594	28000	125	0.127212	0.00169526	0.0612417	0.0020445
3101594	28000	126	0.115572	0.00110997	0.0392891	0.000906982
3101594	28000	127	0.135833	0.00333374	0.0614439	0.00270461
3101594	28000	128	0.123748	0.00178225	0.0494531	0.00159567
3101594	28000	129	0.0902322	0.0015484	0.03897	0.00124061
3101594	28000	130	0.123416	0.00179509	0.0761992	0.00238118
3101594	28000	131	0.101232	0.00177893	0.0454245	0.00145525
3101594	28000	132	0.113182	0.00269654	0.0732854	0.00491851
3101594	28000	133	0.106102	0.00246747	0.087056	0.00281633
3101594	28000	134	0.0968755	0.00182927	0.115951	0.00398944
3101594	28000	135	0.10706	0.00207599	0.0645444	0.00244342
3101594	28000	136	0.106416	0.00205594	0.0560593	0.00236459
3101594	28000	137	0.0989845	0.0011801	0.0629001	0.00162834
3101594	28000	138	0.13447	0.00163927	0.0409935	0.00115062
3101594	28000	139	0.152711	0.0032583	0.0540075	0.00292475
3101594	28000	140	0.154187	0.00328727	0.0553201	0.00398756
3101594	28000	141	0.102314	0.0047883	0.0492073	0.00160671
3101594	28000	142	0.142956	0.00257134	0.0824769	0.0031353
3101594	28000	143	0.0812352	0.00361642	0.112917	0.00574369
3101594	28000	144	0.0805945	0.00155534	0.0295229	0.00187544
3101594	28000	145	0.0927657	0.00288131	0.0473248	0.0012328
3101594	28000	146	0.0624117	0.00271242	0.0290612	0.00130616
3101594	28000	147	0.058642	0.0127185	0.0351779	0.00241532
3101594	28000	148	0.0982482	0.00235873	0.0364528	0.00104774
3101594	28000	149	0.165415	0.00351849	0.0354883	0.00115509
3101594	28000	150	0.119904	0.00127029	0.0576296	0.00143449
3101594	28000	151	0.143445	0.00204425	0.198571	0.00677286
3101594	28000	152	0.118212	0.00254455	0.0715387	0.00264163
3101594	28000	153	0.130766	0.00327688	0.0582382	0.00170175
3101594	28000	154	0.179775	0.00415501	0.0488027	0.00287766
3101594	28000	155	0.115723	0.00287202	0.119832	0.00388375
3101594	28000	156	0.137859	0.00259032	0.0504925	0.00141699
3101594	28000	157	0.15445	0.0049842	0.0431119	0.0029551
3101594	28000	158	0.1492	0.00214701	0.0364986	0.000957839
3101594	28000	159	0.134996	0.00269144	0.0500539	0.00228468
3101594	28000	160	0.125293	0.00207929	0.119853	0.00409484
3101594	28000	161	0.103433	0.00283857	0.0417854	0.001761
3101594	28000	162	0.176073	0.00249474	0.0594868	0.00315597
3101594	28000	163	0.107829	0.0017142	0.0567297	0.00212624
3101594	28000	164	0.11676	0.00178598	0.0785339	0.00235335
3101594	28000	165	0.162537	0.00458466	0.0515671	0.0027714
3101594	28000	166	0.132026	0.00205283	0.40561	0.00770117
3101594	28000	167	0.120717	0.00133081	0.080888	0.00337433
3101594	28000	168	0.151066	0.00122034	0.0399259	0.0013971
3101594	28000	169	0.10863	0.00190113	0.0575324	0.0016392
3101594	28000	170	0.142233	0.00174876	0.0486234	0.00242061
3101594	28000	171	0.189597	0.00228221	0.0493539	0.00208853
3101594	28000	172	0.142745	0.00200217	0.0420498	0.00169089
3101594	28000	173	0.124829	0.00129472	0.0623863	0.00227941
3101594	28000	174	0.0794221	0.00157245	0.0468892	0.00167839
3101594	28000	175	0.127854	0.00110533	0.0467117	0.00123835
3101594	28000	176	0.0848701	0.00259492	0.0634007	0.00351748
3101594	28000	177	0.102322	0.00311678	0.104532	0.00793086
3101594	28000	178	0.127057	0.0011765	0.0577953	0.00205085
3101594	28000	179	0.0817664	0.0015345	0.0445006	0.00216742
3101594	28000	180	0.119292	0.000818276	0.0436712	0.000881547
3101594	28000	181	0.047619	0.0137612	0.0247939	0.00245647
3101594	28000	182	0.0898924	0.00096974	0.0765689	0.00184223
3101594	28000	183	0.0988434	0.00112421	0.0381931	0.00121946
3101594	28000	184	0.0809272	0.00116591	0.0492006	0.00167994
3101594	28000	185	0.100429	0.00112873	0.0403203	0.00111068
3101594	28000	186	0.124061	0.00154768	0.0751391	0.00292966
3101594	28000	187	0.121405	0.00207993	0.113972	0.0045672
3101594	28000	188	0.106267	0.00111854	0.0497849	0.0016617
3101594	28000	189	0.122478	0.00145506	0.0440082	0.000968817
3101594	28000	190	0.129357	0.00171061	0.045243	0.00244819
3101594	28000	191	0.100583	0.00152784	0.0558471	0.00270843
3101594	28000	192	0.0828353	0.00144013	0.074134	0.00218566
3101594	28000	193	0.144991	0.00215521	0.0407033	0.00247665
3101594	28000	194	0.124682	0.00234975	0.166559	0.006992
3101594	28000	195	0.132691	0.00130181	0.0475709	0.00191533
3101594	28000	196	0.115932	0.00242703	0.0596309	0.00304154
3101594	28000	197	0.0617747	0.00182964	0.043406	0.00236196
3101594	28000	198	0.153268	0.0022114	0.0382383	0.00221374
3101594	28000	199	0.111061	0.00217022	0.0561308	0.00272622
3101594	28000	200	0.100346	0.00161071	0.0326609	0.00160247
3101594	28000	201	0.17326	0.00213315	0.0436705	0.00176832
3101594	28000	202	0.12966	0.00162985	0.0703768	0.00241913
3101594	28000	203	0.181943	0.00124139	0.0446241	0.00149135
3101594	28000	204	0.107234	0.00237889	0.0566985	0.0020301
3101594	28000	205	0.115315	0.00177872	0.0854806	0.00236511
3101594	28000	206	0.250175	0.00613607	0.711992	0.00367288
3101594	28000	207	0.0725098	0.00229322	0.0368569	0.0030981
3101594	28000	208	0.111249	0.00216351	0.0427573	0.00213395
3101594	28000	209	0.163903	0.00379996	0.0519577	0.00242762
3101594	28000	210	0.105292	0.00323736	0.0466573	0.00269138
3101594	28000	211	0.0942009	0.00356695	0.0472376	0.00284926
3101594	28000	212	0.157435	0.00356803	0.0471749	0.0023233
3101594	28000	213	0.123965	0.00292219	0.0575374	0.00227024
3101594	28000	214	0.209144	0.00432609	0.0484319	0.0023317
3101594	28000	215	0.201799	0.00448622	0.0590031	0.00274604
3101594	28000	216	0.15906	0.00370194	0.0999459	0.00416739
3101594	28000	217	0.0962176	0.00332768	0.0411144	0.00189483
3101594	28000	218	0.151108	0.00675091	0.0933702	0.00768243
3101594	28000	219	0.129353	0.00352717	0.0522391	0.00275213
3101594	28000	220	0.161405	0.00370025	0.0608716	0.00279464
3101594	28000	221	0.114385	0.00217042	0.0570956	0.0024206
3101594	28000	222	0.18586	0.00357573	0.0664766	0.00433661
3101594	28000	223	0.130077	0.00402088	0.0382927	0.00329447
3101594	28000	224	0.146243	0.00355708	0.0621986	0.00270126
3101594	28000	225	0.157558	0.00436118	0.0962821	0.0036446
3101594	28000	226	0.166794	0.00418498	0.208913	0.0142681
3101594	28000	227	0.134964	0.00448526	0.22834	0.00777462
3101594	28000	228	0.395833	0.155838	0.540374	0.00809846
3101594	28000	229	0.127805	0.00534882	0.0688057	0.00442288
3101594	28000	230	0.146265	0.00207649	0.0390921	0.00144351
3101594	28000	231	0.164875	0.00267384	0.0944742	0.00473272
3101594	28000	232	0.163226	0.00643244	0.209766	0.00736151
3101594	28000	233	0.163986	0.00539637	0.550925	0.005406
3101594	28000	234	0.140767	0.00204385	0.0473274	0.00159322
3101594	28000	235	0.147601	0.0038564	0.0399873	0.00178647
3101594	28000	236	0.266947	0.00215081	0.0487382	0.00152278
3101594	28000	237	0.191179	0.00240611	0.180647	0.00718284
3101594	28000	238	0.180042	0.00512006	0.0960435	0.0063508
3101594	28000	239	0.168305	0.00901872	0.531374	0.00498484
3101594	28000	240	0.188488	0.00173791	0.616636	0.00451276
3101594	28000	241	0.177398	0.00438364	0.0555951	0.00305232
3101594	28000	242	0.130483	0.00322401	0.0762388	0.00433366
3101594	28000	243	0.125844	0.00391709	0.372921	0.00729769
3101594	28000	244	0.131724	0.00260718	0.148164	0.00577998
3101594	28000	245	0.101784	0.00346435	0.0365669	0.00273096
3101594	28000	246	0.133862	0.00251589	0.074848	0.00278938
3101594	28000	247	0.0840207	0.00442793	0.0411719	0.00270051
3101594	28000	248	0.12997	0.00282422	0.0447962	0.00241536
3101594	28000	249	0.161775	0.00389125	0.0383767	0.0019497
3101594	28000	250	0.143661	0.00905164	0.0464649	0.00264491
3101594	28000	251	0.171719	0.00533827	0.0303235	0.00393666
3101594	28000	252	0.28442	0.00541854	0.0345936	0.00252805
3101594	28000	253	0.230871	0.00385335	0.0542859	0.0037307
3101594	28000	254	0.0555714	0.00261527	0.027673	0.00218859
3101594	28000	255	0.206197	0.00595193	0.462239	0.00872087
3101594	28000	256	0.255452	0.00220059	0.0540055	0.00236369
3101594	28000	257	0.202923	0.00412259	0.0641407	0.00309113
3101594	28000	258	0.219448	0.00230942	0.196548	0.012591
3101594	28000	259	0.188782	0.00229839	0.388314	0.00566341
3101594	28000	260	0.198267	0.00240125	0.804253	0.00202346
3101594	28000	261	0.20827	0.00214373	0.813387	0.00219269
3101594	28000	262	0.211897	0.00365394	0.108618	0.00515537
3101594	28000	263	0.170678	0.002235	0.14015	0.00706524
3101594	28000	264	0.175768	0.00276279	0.195623	0.0114884
3101594	28000	265	0.194661	0.00287907	0.0932161	0.00309803
3101594	28000	266	0.124322	0.00269744	0.0558214	0.00208288
3101594	28000	267	0.161703	0.00481038	0.0739688	0.00450407
3101594	28000	268	0.136586	0.00403824	0.0443336	0.00218481
3101594	28000	269	0.146746	0.0030767	0.0616469	0.00314214
3101594	28000	270	0.156183	0.0043398	0.333466	0.0100609
3101594	28000	271	0.157706	0.00263394	0.0828012	0.00266472
3101594	28000	272	0.188651	0.00221105	0.0480046	0.00175907
3101594	28000	273	0.154839	0.00119997	0.0608583	0.00179385
3101594	28000	274	0.258981	0.00436371	0.0422941	0.00338674
3101594	28000	275	0.133062	0.00143716	0.0400686	0.00156226
3101594	28000	276	0.115846	0.00199724	0.0379412	0.00280958
3101594	28000	277	0.0833333	0.112955	0.076033	0.00237934
3101594	28000	278	0.152749	0.00309556	0.0375487	0.0013967
3101594	28000	279	0.167915	0.00354119	0.0593204	0.00143459
3101594	28000	280	0.113827	0.00309416	0.0679575	0.00111935
3101594	28000	281	0.126502	0.00174328	0.056978	0.0010627
3101594	28000	282	0.159133	0.00118507	0.0511769	0.00125338
3101594	28000	283	0.132781	0.00615637	0.0443365	0.000907218
3101594	28000	284	0.154175	0.00132673	0.0515243	0.00291174
3101594	28000	285	0.0956171	0.00735644	0.0343985	0.000494961
3101594	28000	286	0.142744	0.0031234	0.0430624	0.00125638
3101594	28000	287	0.134788	0.00297788	0.0402618	0.000917331
3101594	28000	288	0.143083	0.00446978	0.0391375	0.00149003
3101594	28000	289	0	0	0.0555556	0.0507697
3101594	28000	290	0.0771047	0.00119601	0.0367257	0.000890569
3101594	28000	291	0.0921234	0.00148359	0.0497308	0.000997987
3101594	28000	292	0.0976901	0.00126582	0.0423758	0.00140429
3101594	28000	293	0.127978	0.00170618	0.0405646	0.00165644
3101594	28000	294	0.0778045	0.00158242	0.304582	0.00682893
3101594	28000	295	0.117029	0.00103745	0.0606742	0.00117863
3101594	28000	296	0.163806	0.0013865	0.043781	0.00169594
3101594	28000	297	0.0990195	0.00217561	0.0356685	0.00182673
3101594	28000	298	0.120147	0.00118293	0.131146	0.00289652
3101594	28000	299	0.106073	0.00181675	0.0493066	0.00139201
3101594	28000	300	0.14371	0.0012072	0.0466462	0.00139973
3101594	28000	301	0.0806858	0.00218395	0.0568605	0.00187359
3101594	28000	302	0.0790471	0.00145833	0.0410181	0.00157299
3101594	28000	303	0.110523	0.00110626	0.104189	0.00296646
3101594	28000	304	0.154676	0.00175916	0.038367	0.00130135
3101594	28000	305	0.119432	0.00950658	0.0447283	0.000760994
3101594	28000	306	0.132778	0.0149215	0.0521393	0.00140394
3101594	28000	307	0.127472	0.0105208	0.0421888	0.00128387
3101594	28000	308	0.121168	0.00360112	0.0775696	0.00183614
3101594	28000	309	0.0929666	0.00264595	0.042591	0.00120114
3101594	28000	310	0.088015	0.0169587	0.0397454	0.00143446
3101594	28000	311	0.148612	0.00222037	0.0613261	0.00250154
3101594	28000	312	0.132576	0.0255313	0.0391824	0.00264962
3101594	28000	313	0.12747	0.00925906	0.0550798	0.00182813
3101594	28000	314	0.130996	0.00367909	0.115619	0.00469039
3101594	28000	315	0.128142	0.00198887	0.0532916	0.0024702
3101594	28000	316	0.114987	0.00308944	0.121521	0.00852991
3101594	28000	317	0.164355	0.00221915	0.0650103	0.00342331
3101594	28000	318	0.179893	0.00411311	0.0609996	0.00265855
3101594	28000	319	0.156507	0.00300787	0.0702006	0.00327298
3101594	28000	320	0.188035	0.0053064	0.171242	0.00749149
3101594	28000	321	0.226356	0.00486258	0.236861	0.00943697
3101594	28000	322	0.625	0.197855	0.0484619	0.00175881
3101594	28000	323	0.19094	0.00311851	0.0722445	0.0024638
3101594	28000	324	0.254668	0.00289585	0.48794	0.00754639
3101594	28000	325	0.272923	0.00819893	0.121914	0.007512
3101594	28000	326	0.326818	0.00335768	0.731172	0.00407015
3101594	28000	327	0.249599	0.00342798	0.0709353	0.00310603
3101594	28000	328	0.188876	0.0057069	0.0573522	0.00264714
3101594	28000	329	0.237242	0.00471245	0.92835	0.00112084
3101594	28000	330	0.291712	0.00683852	0.078736	0.00492344
3101594	28000	331	0.23214	0.00366806	0.0598359	0.00410949
3101594	28000	332	0.267055	0.00256845	0.638886	0.00290956
3101594	28000	333	0.216219	0.00310632	0.131519	0.00455108
3101594	28000	334	0.189423	0.00329639	0.0543794	0.00343631
3101594	28000	335	0.187757	0.0139499	0.0511359	0.00214539
3101594	28000	336	0.124238	0.00417424	0.0586688	0.0054237
3101594	28000	337	0.110757	0.00156946	0.0464302	0.00170679
3101594	28000	338	0.141668	0.00169396	0.0991655	0.00381729
3101594	28000	339	0.209796	0.00220796	0.0624253	0.00302453
3101594	28000	340	0.140337	0.00353606	0.0540146	0.00269536
3101594	28000	341	0.145556	0.00805624	0.103329	0.00298295
3101594	28000	342	0.123788	0.00342732	0.0650008	0.00196793
3101594	28000	343	0.0840909	0.0199862	0.0440754	0.00238105
3101594	28000	344	0.136876	0.00406552	0.0613712	0.0040809
3101594	28000	345	0.233586	0.00958118	0.0462027	0.00161609
3101594	28000	346	0.287879	0.0487578	0.0692847	0.00297074
3101594	28000	347	0.116667	0.0096091	0.0424937	0.00114461
3101594	28000	348	0.122429	0.00603329	0.0533175	0.00172937
3101594	28000	349	0.140746	0.00384326	0.0375106	0.0010158
3101594	28000	350	0.129693	0.00292661	0.0951297	0.00388594
3101594	28000	351	0.136697	0.00150127	0.0511414	0.00159843
3101594	28000	352	0.146526	0.00157889	0.0464226	0.00160933
3101594	28000	353	0.105114	0.0118087	0.0518633	0.00236517
3101594	28000	354	0.205573	0.00356755	0.0449005	0.00490178
3101594	28000	355	0.265387	0.00514408	0.0464939	0.00314085
3101594	28000	356	0.12934	0.00231177	0.0963665	0.00434471
3101594	28000	357	0.161029	0.00300128	0.40601	0.00957108
3101594	28000	358	0.128092	0.00304347	0.121263	0.00691697
3101594	28000	359	0.1114	0.00360765	0.0658667	0.0020761
3101594	28000	360	0.126254	0.00148237	0.0606066	0.00162853
3101594	28000	361	0.407091	0.0103309	0.0458683	0.00976324
3101594	28000	362	0.106082	0.00378362	0.0837738	0.00263505
3101594	28000	363	0.105114	0.0185888	0.045231	0.00159305
3101594	28000	364	0.129813	0.00154595	0.0632399	0.00119248
3101594	28000	365	0.0955612	0.00285833	0.0485132	0.00322018
3101594	28000	366	0.128241	0.00096544	0.0525077	0.000972333
3101594	28000	367	0.109867	0.00179485	0.0727483	0.00259487
3101594	28000	368	0.108674	0.000979704	0.0489079	0.00131232
3101594	28000	369	0.147067	0.0074572	0.0419512	0.00200262
3101594	28000	370	0.256835	0.00888599	0.0374008	0.00264224
3101594	28000	371	0.125171	0.00106951	0.044115	0.00141317
3101594	28000	372	0.103498	0.00555149	0.105572	0.0066034
3101594	28000	373	0.161339	0.00144892	0.0472318	0.00121662
3101594	28000	374	0.0834192	0.00237125	0.0376817	0.00128372
3101594	28000	375	0.114822	0.00189089	0.0445678	0.000934855
3101594	28000	376	0.0986507	0.00180616	0.0651861	0.0030533
3101594	28000	377	0.166571	0.0019313	0.0916344	0.00501473
3101594	28000	378	0.0934912	0.00109327	0.0315081	0.000929548
3101594	28000	379	0.101339	0.00310401	0.0545351	0.00181728
3101594	28000	380	0.144838	0.00235657	0.0344789	0.00263898
3101594	28000	381	0.155652	0.0015691	0.043532	0.00143952
3101594	28000	382	0.0395408	0.00252802	0.0258568	0.00256825
3101594	28000	383	0.11269	0.0023707	0.0321551	0.00173713
3101594	28000	384	0.112468	0.00166659	0.0624819	0.00295907
3101594	28000	385	0.175634	0.00412699	0.8769	0.00190097
3101594	28000	386	0.239474	0.00171129	0.370759	0.00460365
3101594	28000	387	0.186595	0.0018283	0.131218	0.00461672
3101594	28000	388	0.196751	0.00315441	0.286191	0.0102668
3101594	28000	389	0.130697	0.00121393	0.0633266	0.00115018
3101594	28000	390	0.189207	0.0012725	0.0630119	0.00238598
3101594	28000	391	0.197621	0.0019438	0.109483	0.00296927
3101594	28000	392	0.176923	0.0252155	0.050581	0.00159752
3101594	28000	393	0.175597	0.00160649	0.201679	0.00550066
3101594	28000	394	0.137866	0.00355541	0.236563	0.0111701
3101594	28000	395	0.154491	0.00310787	0.051605	0.00218928
3101594	28000	396	0.145874	0.00240416	0.0542945	0.00168414
3101594	28000	397	0.199383	0.00231528	0.0633589	0.00142567
3101594	28000	398	0.160992	0.00311461	0.124927	0.00582934
3101594	28000	399	0.168407	0.0017224	0.0882338	0.00198643
3101594	28000	400	0.136227	0.00239952	0.0432186	0.00122603
3101594	28000	401	0.135413	0.00356858	0.0464645	0.00151463
3101594	28000	402	0.134862	0.00186123	0.0587907	0.00282841
3101594	28000	403	0.0934938	0.00165448	0.0713755	0.00255301
3101594	28000	404	0.148644	0.00260839	0.0374779	0.00133659
3101594	28000	405	0.153818	0.00294103	0.0452041	0.0024944
3101594	28000	406	0.226837	0.00265179	0.0393139	0.0022734
3101594	28000	407	0.17577	0.00339005	0.0463277	0.00252672
3101594	28000	408	0.133516	0.0017778	0.0464001	0.00179968
3101594	28000	409	0.126207	0.00275423	0.0728467	0.00187501
3101594	28000	410	0.134816	0.00186134	0.0473896	0.0016853
3101594	28000	411	0.108983	0.00194075	0.0539542	0.00236191
3101594	28000	412	0.128392	0.00178203	0.0667893	0.00263542
3101594	28000	413	0.124817	0.00286323	0.042483	0.00252553
3101594	28000	414	0.146014	0.00258435	0.0677369	0.00215676
3101594	28000	415	0.160602	0.0025872	0.136343	0.00563056
3101594	28000	416	0.162785	0.00398686	0.0667329	0.00311914
3101594	28000	417	0.106399	0.00636007	0.0510298	0.00307914
3101594	28000	418	0.136526	0.00337972	0.190165	0.00807219
3101594	28000	419	0.129437	0.00446877	0.0836096	0.00293792
3101594	28000	420	0.111323	0.00246362	0.103668	0.00431733
3101594	28000	421	0.146065	0.00579134	0.0744463	0.00666276
3101594	28000	422	0.144233	0.00154957	0.0870353	0.0036644
3101594	28000	423	0.13334	0.00174717	0.0675732	0.00195024
3101594	28000	424	0.262384	0.0053359	0.0474806	0.00313885
3101594	28000	425	0.162218	0.00284778	0.18317	0.00599032
3101594	28000	426	0.134751	0.00241316	0.0922919	0.00539437
3101594	28000	427	0.151363	0.00809712	0.0427813	0.00228125
3101594	28000	428	0.134887	0.00168863	0.0633649	0.00204359
3101594	28000	429	0.123462	0.0105114	0.145585	0.00425226
3101594	28000	430	0.187915	0.00386103	0.689343	0.00407871
3101594	28000	431	0.183446	0.00515442	0.658254	0.00398846
3101594	28000	432	0.180569	0.0037961	0.849601	0.00237464
3101594	28000	433	0.166667	0.0309545	0.855753	0.00206239
3101594	28000	434	0.198224	0.0042015	0.375944	0.00780915
3101594	28000	435	0.175886	0.00489912	0.0927254	0.00321702
3101594	28000	436	0.194367	0.00225402	0.0546764	0.00165411
3101594	28000	437	0.186813	0.00602018	0.216833	0.0132239
3101594	28000	438	0.143515	0.0019001	0.065002	0.00221932
3101594	28000	439	0.113005	0.00260298	0.339966	0.00896735
3101594	28000	440	0.15494	0.00381583	0.0408314	0.00326132
3101594	28000	441	0.164855	0.00271241	0.0704758	0.0022953
3101594	28000	442	0.165921	0.00205484	0.122409	0.00651757
3101594	28000	443	0.0941941	0.00557358	0.0571453	0.00487818
3101594	28000	444	0.177449	0.00343992	0.140106	0.00624891
3101594	28000	445	0.158816	0.00438529	0.0478952	0.00252612
3101594	28000	446	0.222718	0.00303352	0.0495892	0.00340132
3101594	28000	447	0.128292	0.0033484	0.168523	0.0114873
3101594	28000	448	0.136895	0.00176203	0.0371892	0.00143118
3101594	28000	449	0.135971	0.00486963	0.0986146	0.00829845
3101594	28000	450	0.0973604	0.00312138	0.0352073	0.00367911
3101594	28000	451	0.210968	0.00327179	0.0845252	0.00315749
3101594	28000	452	0.222762	0.00775425	0.049699	0.00200482
3101594	28000	453	0.202477	0.00393392	0.0937902	0.0034748
3101594	28000	454	0.075	0.0275984	0.0460076	0.002453
3101594	28000	455	0.185389	0.00305875	0.037423	0.0022121
3101594	28000	456	0.151728	0.00210956	0.0825185	0.00499554
3101594	28000	457	0.291211	0.00657833	0.062874	0.00515626
3101594	28000	458	0.296384	0.00741537	0.029493	0.00446646
3101594	28000	459	0.0629461	0.00515824	0.0540737	0.00377644
3101594	28000	460	0.21826	0.00355377	0.101731	0.00765533
3101594	28000	461	0.102398	0.00183806	0.0476018	0.00270819
3101594	28000	462	0.0974907	0.00285837	0.0468491	0.00239904
3101594	28000	463	0.141764	0.00878182	0.237823	0.0167586
3101594	28000	464	0.169424	0.00259499	0.0561885	0.00212807
3101594	28000	465	0.165695	0.00943375	0.0448232	0.00783859
3101594	28000	466	0.168997	0.00417385	0.0376789	0.00324814
3101594	28000	467	0.0757862	0.00976316	0.0290909	0.00310848
3101594	28000	468	0.107393	0.00427134	0.040378	0.00207057
3101594	28000	469	0.118056	0.0636522	0.0275371	0.003295
3101594	28000	470	0.177947	0.00455554	0.0437003	0.00260095
3101594	28000	471	0.14972	0.00502104	0.442486	0.0155659
3101594	28000	472	0.23506	0.00538132	0.0438076	0.00536602
3101594	28000	473	0.131261	0.00340728	0.142044	0.00589133
3101594	28000	474	0.159896	0.00147396	0.113842	0.00286439
3101594	28000	475	0.135081	0.00256376	0.231065	0.00621054
3101594	28000	476	0.114987	0.00152889	0.100553	0.00387915
3101594	28000	477	0.097053	0.00213194	0.066041	0.00320408
3101594	28000	478	0.122216	0.00386611	0.0846865	0.00231521
3101594	28000	479	0.139785	0.0086247	0.122106	0.00912323
3101594	28000	480	0.0896044	0.00164205	0.0503987	0.00186226
3101594	28000	481	0.127096	0.0017156	0.0623594	0.00234322
3101594	28000	482	0.185069	0.00394457	0.0885661	0.0052731
3101594	28000	483	0.120958	0.00119755	0.0730572	0.00234626
3101594	28000	484	0.21497	0.00379158	0.0458115	0.00338007
3101594	28000	485	0.128418	0.00258106	0.0607373	0.00289827
3101594	28000	486	0.132495	0.00258651	0.0617271	0.00333317
3101594	28000	487	0.123225	0.00258299	0.0903024	0.00366289
3101594	28000	488	0.121946	0.0034785	0.154054	0.00929594
3101594	28000	489	0.189694	0.00348282	0.364549	0.00954485
3101594	28000	490	0.125127	0.00260148	0.10211	0.00675906
3101594	28000	491	0.117355	0.00116639	0.0623658	0.00167279
3101594	28000	492	0.202508	0.00492902	0.0503923	0.00274466
3101594	28000	493	0.119601	0.00159256	0.0463585	0.00135714
3101594	28000	494	0.161007	0.00142403	0.0602411	0.0012338
3101594	28000	495	0.191717	0.00363531	0.0600386	0.00325907
3101594	28000	496	0.15243	0.00191882	0.191694	0.00604308
3101594	28000	497	0.174061	0.00251349	0.19455	0.00508836
3101594	28000	498	0.138997	0.00337669	0.3526	0.00830044
3101594	28000	499	0.141964	0.00214853	0.0827224	0.00236959
3101594	28000	500	0.194672	0.00198215	0.0633692	0.00252418
3101594	28000	501	0.185874	0.00151366	0.0691468	0.00165078
3101594	28000	502	0.20343	0.00229718	0.27726	0.00430657
3101594	28000	503	0.182408	0.00196309	0.153642	0.00471992
3101594	28000	504	0.187128	0.00121997	0.332873	0.00449767
3101594	28000	505	0.183495	0.00094411	0.10743	0.00270136
3101594	28000	506	0.208003	0.0016481	0.141603	0.0056756
3101594	28000	507	0.192017	0.00209701	0.38856	0.00631738
3101594	28000	508	0.272702	0.00519609	0.0737233	0.00294246
3101594	28000	509	0.122764	0.00110751	0.0643485	0.0015827
3101594	28000	510	0.130113	0.00210911	0.0606049	0.00252932
3101594	28000	511	0.134229	0.00199493	0.0492854	0.00120076
3101594	28000	512	0.132049	0.00193068	0.0883013	0.0033872
3101594	28000	513	0.131976	0.00176412	0.080591	0.00323524
3101594	28000	514	0.110921	0.00210278	0.0481933	0.0015429
3101594	28000	515	0.109386	0.00253554	0.107901	0.00333517
3101594	28000	516	0.135472	0.0028023	0.150648	0.00487118
3101594	28000	517	0.136352	0.00104065	0.0546958	0.00100155
3101594	28000	518	0.138706	0.00376353	0.0467929	0.00248923
3101594	28000	519	0.170908	0.00146945	0.126148	0.00356512
3101594	28000	520	0.163419	0.0018292	0.221915	0.00588765
3101594	28000	521	0.159926	0.00185405	0.160983	0.00454498
3101594	28000	522	0.131426	0.00312758	0.0634767	0.00360272
3101594	28000	523	0.172689	0.00160491	0.177031	0.00523095
3101594	28000	524	0.2026	0.00170641	0.126769	0.00262964
3101594	28000	525	0.220175	0.0021648	0.0903915	0.00323749
3101594	28000	526	0.175471	0.00170897	0.198065	0.00393258
3101594	28000	527	0.173752	0.00207221	0.209633	0.00463709
3101594	28000	528	0.235104	0.00189614	0.17584	0.00416045
3101594	28000	529	0.300874	0.00219549	0.519252	0.00429917
3101594	28000	530	0.200734	0.00199635	0.0792896	0.00111942
3101594	28000	531	0.225388	0.00237302	0.255378	0.00424676
3101594	28000	532	0.0904133	0.00267883	0.0531554	0.00135459
3101594	28000	533	0.113901	0.00125527	0.0499823	0.00107777
3101594	28000	534	0.176801	0.00192587	0.0946329	0.00293168
3101594	28000	535	0.203777	0.00163295	0.0466023	0.00178098
3101594	28000	536	0.144533	0.00157468	0.0881807	0.00202013
3101594	28000	537	0.111734	0.00159199	0.0697721	0.00236572
3101594	28000	538	0.119966	0.00150969	0.0975929	0.00285576
3101594	28000	539	0.0953131	0.00181002	0.0674926	0.00471789
3101594	28000	540	0.0877652	0.00100654	0.0609528	0.0013634
3101594	28000	541	0.114047	0.00162461	0.11332	0.00564926
3101594	28000	542	0.101278	0.00129296	0.0481249	0.00153764
3101594	28000	543	0.124704	0.00138547	0.059315	0.00136899
3101594	28000	544	0.114348	0.00163237	0.0499479	0.00203721
3101594	28000	545	0.123958	0.00188956	0.0499419	0.00199432
3101594	28000	546	0.103666	0.00147601	0.0981591	0.00325722
3101594	28000	547	0.0916779	0.00137293	0.0544881	0.00271547
3101594	28000	548	0.0880808	0.00504745	0.032745	0.00130102
3101594	28000	549	0.152697	0.00253572	0.124005	0.00847033
3101594	28000	550	0.0961934	0.00447165	0.0371402	0.00253315
3101594	28000	551	0.128499	0.00216152	0.0455053	0.00276563
3101594	28000	552	0.157988	0.00435117	0.0411497	0.0021258
3101594	28000	553	0.0953343	0.00232895	0.053207	0.00250106
3101594	28000	554	0.174259	0.0028368	0.0578231	0.00308045
3101594	28000	555	0.142133	0.00215898	0.059598	0.00230339
3101594	28000	556	0.176385	0.00447624	0.0439154	0.00286709
3101594	28000	557	0.152962	0.0042469	0.385417	0.0127555
3101594	28000	558	0.171397	0.0040081	0.0767924	0.00492787
3101594	28000	559	0.10712	0.00192071	0.138993	0.00493195
3101594	28000	560	0.190064	0.00228612	0.0445255	0.00176017
3101594	28000	561	0.124021	0.00190478	0.113012	0.00348063
3101594	28000	562	0.142672	0.00179011	0.100978	0.00511948
3101594	28000	563	0.168323	0.0013635	0.0515864	0.00167661
3101594	28000	564	0.134189	0.00154668	0.158015	0.00388481
3101594	28000	565	0.13661	0.00315911	0.0999463	0.00778534
3101594	28000	566	0.0910106	0.00210151	0.0772587	0.00253479
3101594	28000	567	0.101283	0.0024579	0.0797906	0.00502982
3101594	28000	568	0.137249	0.00291138	0.104714	0.00631191
3101594	28000	569	0.179473	0.00118506	0.0378325	0.00146995
3101594	28000	570	0.3439	0.0033761	0.0411822	0.00979489
3101594	28000	571	0.0973113	0.00161527	0.0481168	0.00204599
3101594	28000	572	0.193803	0.00276913	0.0709938	0.00365728
3101594	28000	573	0.185586	0.00213871	0.0489233	0.00217523
3101594	28000	574	0.118809	0.0037258	0.0440955	0.0043117
3101594	28000	575	0.138811	0.00339235	0.0447123	0.00249417
3101594	28000	576	0.124188	0.00504021	0.0374051	0.00197932
3101594	28000	577	0.137056	0.00151623	0.103419	0.00378397
3101594	28000	578	0.132607	0.00261903	0.0812304	0.00288317
3101594	28000	579	0.157158	0.00264709	0.12345	0.0113629
3101594	28000	580	0.185384	0.00216715	0.0732228	0.00336924
3101594	28000	581	0.152324	0.00259401	0.0558434	0.00216607
3101594	28000	582	0.153085	0.00156654	0.0500365	0.00190676
3101594	28000	583	0.0974784	0.00198931	0.0468235	0.00229549
3101594	28000	584	0.126699	0.00218659	0.066692	0.00254929
3101594	28000	585	0.145503	0.00134536	0.0539898	0.00168663
3101594	28000	586	0.151955	0.00127204	0.0586045	0.00215434
3101594	28000	587	0.154216	0.00180141	0.0516491	0.00276187
3101594	28000	588	0.139461	0.00224979	0.0552043	0.00284854
3101594	28000	589	0.156129	0.00147256	0.0570127	0.00196403
3101594	28000	590	0.102507	0.00334945	0.0374095	0.00205266
3101594	28000	591	0.123886	0.00169862	0.0634161	0.00194977
3101594	28000	592	0.109077	0.000756117	0.0608209	0.00132259
3101594	28000	593	0.0855159	0.00173662	0.0310525	0.00141379
3101594	28000	594	0.0970796	0.00262834	0.0337281	0.00211749
3101594	28000	595	0.0985437	0.0029908	0.0384324	0.00185167
3101594	28000	596	0.102317	0.00187227	0.0409705	0.00141994
3101594	28000	597	0.185627	0.00217708	0.0602562	0.00185556
3101594	28000	598	0.211473	0.00171365	0.0583347	0.00223466
3101594	28000	599	0.211473	0.00186536	0.0952217	0.00423531
3101594	28000	600	0.131056	0.00159192	0.0560428	0.00132851
3101594	28000	601	0.236111	0.100101	0.0465702	0.00212654
3101594	28000	602	0.173832	0.000641727	0.167806	0.00490876
3101594	28000	603	0.0416667	0.0450536	0.0467905	0.00156512
3101594	28000	604	0.178694	0.00178226	0.0713729	0.00214144
3101594	28000	605	0.166235	0.00145312	0.0763859	0.00262129
3101594	28000	606	0.142646	0.00449822	0.0629229	0.00358812
3101594	28000	607	0.0806998	0.00183399	0.0524691	0.0020848
3101594	28000	608	0.108752	0.00147156	0.0478789	0.00232047
3101594	28000	609	0.117911	0.00267233	0.0432653	0.00289547
3101594	28000	610	0.195722	0.0016072	0.0742684	0.00226734
3101594	28000	611	0.0995679	0.00153955	0.0457815	0.00147157
3101594	28000	612	0.144444	0.0456363	0.10788	0.00758179
3101594	28000	613	0.063146	0.00376292	0.0836927	0.00650666
3101594	28000	614	0.21654	0.00169443	0.0478435	0.0019749
3101594	28000	615	0.0838648	0.00218758	0.0638063	0.00237288
3101594	28000	616	0.0731349	0.00387234	0.0334815	0.00229279
3101594	28000	617	0.146226	0.00227805	0.0640089	0.0038664
3101594	28000	618	0.12072	0.00192478	0.0526732	0.0020323
3101594	28000	619	0.152921	0.00166835	0.0401153	0.0017897
3101594	28000	620	0.177188	0.00195694	0.870657	0.00140625
3101594	28000	621	0.266859	0.0015241	0.0694887	0.00199438
3101594	28000	622	0.199769	0.00164608	0.0678601	0.00189043
3101594	28000	623	0.139811	0.00211837	0.0819342	0.00306629
3101594	28000	624	0.127693	0.00165233	0.0783141	0.00250797
3101594	28000	625	0.13893	0.00157437	0.128741	0.0041589
3101594	28000	626	0.168217	0.00207747	0.0452297	0.00154762
3101594	28000	627	0.19528	0.00283696	0.0851016	0.00423802
3101594	28000	628	0.230206	0.00249832	0.129109	0.00436654
3101594	28000	629	0.325787	0.00243262	0.675399	0.00322759
3101594	28000	630	0.264982	0.00354388	0.226505	0.0070602
3101594	28000	631	0.226619	0.00213745	0.0775577	0.00313469
3101594	28000	632	0.184068	0.00189822	0.0849668	0.00296363
3101594	28000	633	0.224853	0.0025687	0.033957	0.00311865
3101594	28000	634	0.156472	0.00208614	0.225717	0.00672172
3101594	28000	635	0.0470827	0.00400093	0.0482724	0.00674518
3101594	28000	636	0.169145	0.00221857	0.0973155	0.00325816
3101594	28000	637	0.214221	0.00349207	0.202737	0.00996381
3101594	28000	638	0.262186	0.00257932	0.250015	0.00904873
3101594	28000	639	0.163391	0.00338118	0.518677	0.00811584
3101594	28000	640	0.22003	0.00261469	0.0607435	0.00183559
3101594	28000	641	0.181542	0.00293268	0.0735844	0.00379947
3101594	28000	642	0.142933	0.0017013	0.0810552	0.0026388
3101594	28000	643	0.127109	0.00283657	0.196505	0.00589788
3101594	28000	644	0.371557	0.00227589	0.0709159	0.00258125
3101594	28000	645	0.218333	0.00430429	0.0295016	0.00241663
3101594	28000	646	0.144319	0.00113316	0.0615898	0.00178725
3101594	28000	647	0.313173	0.00090373	0.0657273	0.00162523
3101594	28000	648	0.127732	0.00226478	0.0868908	0.00366873
3101594	28000	649	0.053869	0.00302973	0.0579994	0.00157689
3101594	28000	650	0.13222	0.00902195	0.0330858	0.00205389
3101594	28000	651	0.0705944	0.00165893	0.0698844	0.00283952
3101594	28000	652	0.103172	0.0018717	0.0475842	0.00317127
3101594	28000	653	0.126382	0.00186389	0.0446125	0.00166404
3101594	28000	654	0.107168	0.00109396	0.0528112	0.00141959
3101594	28000	655	0.0975688	0.00195575	0.0577403	0.00298472
3101594	28000	656	0.138968	0.00182479	0.0404106	0.00233685
3101594	28000	657	0.0633979	0.00156171	0.0425351	0.00175793
3101594	28000	658	0.0828218	0.00144876	0.043485	0.00138481
3101594	28000	659	0.098051	0.00210313	0.0435105	0.00186722
3101594	28000	660	0.113885	0.00171729	0.0367253	0.00145782
3101594	28000	661	0.0601648	0.00160199	0.0403623	0.00153075
3101594	28000	662	0.127481	0.00285553	0.0636161	0.00330224
3101594	28000	663	0.0745558	0.00358775	0.0373718	0.00317104
3101594	28000	664	0.101613	0.00207831	0.0621298	0.00163095
3101594	28000	665	0.140944	0.00238297	0.0420548	0.00173364
3101594	28000	666	0.128644	0.00198574	0.158643	0.0057779
3101594	28000	667	0.0687324	0.00255977	0.0448071	0.00277526
3101594	28000	668	0.0894383	0.00204353	0.0399869	0.00174268
3101594	28000	669	0.0738768	0.00246249	0.0372594	0.00163264
3101594	28000	670	0.14261	0.00286854	0.0481563	0.0025083
3101594	28000	671	0.215388	0.00414794	0.389671	0.0134506
3101594	28000	672	0.0175926	0.00944523	0.0221193	0.0066713
3101594	28000	673	0.078664	0.0014195	0.0382484	0.00214519
3101594	28000	674	0.123736	0.00220788	0.045077	0.0015163
3101594	28000	675	0.0955301	0.0019309	0.131951	0.00788627
3101594	28000	676	0.071928	0.00242745	0.0266124	0.00160497
3101594	28000	677	0.0878902	0.00203576	0.024903	0.00254317
3101594	28000	678	0.0864193	0.00419559	0.0243088	0.00244112
3101594	28000	679	0.0596714	0.00166548	0.0291076	0.00156283
3101594	28000	680	0.045113	0.00135724	0.0259758	0.00133166
3101594	28000	681	0.0937819	0.00250444	0.0356003	0.00185032
3101594	28000	682	0.0882353	0.00149342	0.044259	0.00204537
3101594	28000	683	0.0557228	0.00211426	0.0581833	0.00536428
3101594	28000	684	0.0729714	0.00168734	0.0523283	0.00188104
3101594	28000	685	0.109901	0.00212878	0.074938	0.00408016
3101594	28000	686	0.115021	0.00203602	0.0677841	0.00383537
3101594	28000	687	0.146634	0.00348979	0.0640184	0.00365797
3101594	28000	688	0.0755208	0.0232932	0.0220884	0.00413056
3101594	28000	689	0.103844	0.00110187	0.0546554	0.00144948
3101594	28000	690	0.0710835	0.00107448	0.0466574	0.00126108
3101594	28000	691	0.216488	0.00209038	0.0423724	0.00172846
3101594	28000	692	0.146585	0.00836536	0.027027	0.00246988
3101594	28000	693	0.108458	0.00182097	0.0919745	0.00288454
3101594	28000	694	0.0952581	0.00121913	0.0538189	0.00124093
3101594	28000	695	0.0450366	0.00266681	0.0333828	0.00380691
3101594	28000	696	0.0427489	0.012863	0.0206916	0.00504276
3101594	28000	697	0.159063	0.00183263	0.0710784	0.00344823
3101594	28000	698	0.0983239	0.00242609	0.0589106	0.00341498
3101594	28000	699	0.129693	0.00337732	0.371556	0.00870891
3101594	28000	700	0.137605	0.00193407	0.126317	0.00391296
3101594	28000	701	0.179925	0.00207402	0.139618	0.00510559
3101594	28000	702	0.130287	0.00236706	0.0546916	0.00200126
3101594	28000	703	0.140083	0.00586395	0.102915	0.00539338
3101594	28000	704	0.104197	0.00162914	0.0589001	0.00213247
3101594	28000	705	0.0787691	0.00773743	0.0250772	0.00668764
3101594	28000	706	0.147759	0.00132988	0.126202	0.00356693
3101594	28000	707	0.120956	0.00300221	0.0920149	0.00375329
3101594	28000	708	0.0901739	0.00149094	0.0361903	0.00120343
3101594	28000	709	0.124471	0.00278953	0.140197	0.00678313
3101594	28000	710	0.0747426	0.00093313	0.0499031	0.00148525
3101594	28000	711	0.0986053	0.00219451	0.0347626	0.00143184
3101594	28000	712	0.0484562	0.00245903	0.0307208	0.00167791
3101594	28000	713	0.133065	0.00738343	0.0324851	0.00134836
3101594	28000	714	0.0595467	0.00584229	0.0349702	0.00842152
3101594	28000	715	0.139865	0.00238077	0.0310985	0.00240032
3101594	28000	716	0.114069	0.00183163	0.0819928	0.00286976
3101594	28000	717	0.0722991	0.0081769	0.0495113	0.00152668
3101594	28000	718	0.0416667	0.0310277	0.0481785	0.00186492
3101594	28000	719	0.107884	0.00193998	0.0267014	0.000774863
3101594	28000	720	0.00208333	0.00227828	0.0149711	0.00302061
3101594	28000	721	0.183744	0.00410356	0.245632	0.0108374
3101594	28000	722	0.102241	0.00163837	0.0664274	0.00203512
3101594	28000	723	0.0579812	0.00234882	0.0437665	0.00265253
3101594	28000	724	0.0796062	0.00125177	0.0914462	0.00335928
3101594	28000	725	0.10162	0.00236725	0.0343272	0.00185774
3101594	28000	726	0.0740347	0.00335918	0.0409691	0.00210905
3101594	28000	727	0.0780694	0.00151592	0.0536923	0.00216295
3101594	28000	728	0.0963751	0.0017856	0.0523554	0.00226566
3101594	28000	729	0.186409	0.00455595	0.0569345	0.00303886
3101594	28000	730	0.125	0.135161	0.0452886	0.00400457
3101594	28000	731	0.0545866	0.00724347	0.0520833	0.00487076
3101594	28000	732	0.181452	0.00561242	0.263124	0.00939393
3101594	28000	733	0.148954	0.00455491	0.419801	0.00599438
3101594	28000	734	0.115074	0.00183135	0.169415	0.00568544
3101594	28000	735	0.13112	0.00247815	0.0473845	0.00168648
3101594	28000	736	0.104965	0.00191882	0.0468856	0.00159027
3101594	28000	737	0.0898766	0.00155539	0.0379747	0.0014532
3101594	28000	738	0.136753	0.00191024	0.0419134	0.00128298
3101594	28000	739	0.135913	0.0176497	0.0355055	0.00280458
3101594	28000	740	0.11369	0.0033746	0.0338814	0.00113872
3101594	28000	741	0.117404	0.00219678	0.0520451	0.00185722
3101594	28000	742	0.215646	0.00305723	0.104468	0.00637253
3101594	28000	743	0.0547138	0.0127192	0.0255342	0.00327882
3101594	28000	744	0.144245	0.00191513	0.0584428	0.00201457
3101594	28000	745	0.13424	0.00111466	0.0424306	0.00148656
3101594	28000	746	0.118013	0.0015943	0.0438235	0.00129342
3101594	28000	747	0.116832	0.00103792	0.0348799	0.00126819
3101594	28000	748	0.0953667	0.00486735	0.0396922	0.00114803
3101594	28000	749	0.113974	0.0010917	0.0445429	0.00131564
3101594	28000	750	0.14301	0.0011807	0.0579132	0.00156702
3101594	28000	751	0.181073	0.00152843	0.0546025	0.00228195
3101594	28000	752	0.158543	0.00126215	0.404172	0.00583501
3101594	28000	753	0.185627	0.00403695	0.0459797	0.00220679
3101594	28000	754	0.129821	0.00133383	0.0397025	0.00198281
3101594	28000	755	0.136933	0.00201752	0.0613361	0.00276357
3101594	28000	756	0.108866	0.00196873	0.0451084	0.00133441
3101594	28000	757	0.0847286	0.0019192	0.0345341	0.00138219
3101594	28000	758	0.169271	0.0238696	0.0353499	0.00424498
3101594	28000	759	0.149405	0.0235341	0.0258333	0.00424011
3101594	28000	760	0.0335648	0.0157096	0	0
3101594	28000	761	0.111683	0.0050193	0.0247824	0.00200495
3101594	28000	762	0.118034	0.00310105	0.154583	0.00786689
3101594	28000	763	0.0907025	0.00346991	0.100458	0.0061588
3101594	28000	764	0.141168	0.00203957	0.115352	0.00755757
3101594	28000	765	0.189907	0.00296311	0.0941496	0.00541991
3101594	28000	766	0.169232	0.00386955	0.101427	0.00734598
3101594	28000	767	0.0474628	0.00269851	0.0467311	0.00367552
3101594	28000	768	0.136799	0.00563832	0.297859	0.0137827
3101594	28000	769	0.165801	0.00310173	0.0533277	0.00353393
3101594	28000	770	0.173936	0.00396582	0.062673	0.00348161
3101594	28000	771	0.135113	0.00636676	0.0268051	0.00355331
3101594	28000	772	0.23065	0.00109449	0.0886331	0.00222639
3101594	28000	773	0.0292329	0.00233078	0.0369485	0.00281532
3101594	28000	774	0.177284	0.00234121	0.0477587	0.00360607
3101594	28000	775	0.058796	0.0028321	0.0410429	0.00552442
3101594	28000	776	0.137519	0.00346796	0.0404933	0.00277783
3101594	28000	777	0.118692	0.00288658	0.0499049	0.00193057
3101594	28000	778	0.131127	0.00142124	0.0639749	0.00228455
3101594	28000	779	0.0948736	0.00254268	0.0342717	0.00200454
3101594	28000	780	0.122613	0.0031477	0.0557042	0.00354788
3101594	28000	781	0.118126	0.00282726	0.0587963	0.00331841
3101594	28000	782	0.297956	0.00310098	0.0359515	0.00309167
3101594	28000	783	0.06483	0.00444996	0.0493117	0.00354119
3101594	28000	784	0.110845	0.00317145	0.0462127	0.00462546
3101594	28000	785	0.118076	0.00473843	0.78195	0.00302833
3101594	28000	786	0.0659031	0.00568118	0.0719471	0.00650587
3101594	28000	787	0.184387	0.00231879	0.0948281	0.00403468
3101594	28000	788	0.155063	0.00134111	0.0508886	0.00102407
3101594	28000	789	0.103258	0.00295042	0.0632651	0.0029709
3101594	28000	790	0.207224	0.00574053	0.312146	0.0102535
3101594	28000	791	0.259859	0.00452532	0.285833	0.012585
3101594	28000	792	0.122741	0.00135962	0.0867942	0.00200099
3101594	28000	793	0.129667	0.00121316	0.0453647	0.00110291
3101594	28000	794	0.120831	0.0013112	0.0917057	0.00238582
3101594	28000	795	0.1757	0.00247837	0.0362257	0.00178908
3101594	28000	796	0.135691	0.00391799	0.0445919	0.00159127
3101594	28000	797	0.0959636	0.00126088	0.0389893	0.000611889
3101594	28000	798	0.28041	0.0027404	0.196387	0.00529446
3101594	28000	799	0.166316	0.00165061	0.103734	0.00312654
3101594	28000	800	0.14375	0.0257738	0.0442759	0.00285404
3101594	28000	801	0.101852	0.0318858	0.0279294	0.00265183
3101594	28000	802	0.107863	0.0033017	0.027835	0.00113725
3101594	28000	803	0.125	0.0335079	0.0370935	0.00219954
3101594	28000	804	0.0555556	0.0507697	0.0270752	0.00138195
3101594	28000	805	0.0407609	0.0160809	0.0272811	0.00137287
3101594	28000	806	0.0600198	0.0109676	0.0268379	0.00146201
3101594	28000	807	0.0684476	0.00247715	0.0345238	0.00219965
3101594	28000	808	0.100464	0.00179767	0.0305353	0.00155157
3101594	28000	809	0.115248	0.00168831	0.0981577	0.00358729
3101594	28000	810	0.0957304	0.00221167	0.0557937	0.00209951
3101594	28000	811	0.116276	0.00215237	0.0824608	0.00395969
3101594	28000	812	0.15668	0.00199969	0.0951746	0.00273954
3101594	28000	813	0.12037	0.0391436	0.047296	0.00175468
3101594	28000	814	0.0808824	0.0316603	0.0309989	0.00208784
3101594	28000	815	0.124104	0.00335044	0.0327802	0.00113377
3101594	28000	816	0.123338	0.00109599	0.0448325	0.000910133
3101594	28000	817	0.130319	0.000881318	0.0441137	0.00125997
3101594	28000	818	0.0633238	0.000981174	0.0245775	0.000559923
3101594	28000	819	0.057048	0.00228371	0.0265558	0.00150101
3101594	28000	820	0.0572917	0.0213213	0.043175	0.00541731
3101594	28000	821	0.0587607	0.0159296	0.0284091	0.00273442
3101594	28000	822	0.224278	0.0033913	0.031115	0.00139786
3101594	28000	823	0.0619658	0.0126473	0.0271318	0.00302762
3101594	28000	824	0.0311804	0.00443586	0.0267286	0.00223708
3101594	28000	825	0.0974303	0.00272224	0.0238523	0.00337599
