population	links	index	origin_mean	origing_error	destination_mean	destination_error
886453	8000	0	0.147163	0.0211387	0.0484201	0.00191019
886453	8000	1	0.154968	0.0125544	0.0535287	0.00341985
886453	8000	2	0.109628	0.00320737	0.0845617	0.00292795
886453	8000	3	0.13737	0.0153102	0.0311111	0.00554297
886453	8000	4	0.130311	0.000873594	0.0812407	0.00167261
886453	8000	5	0.203975	0.00432576	0.0587994	0.00197716
886453	8000	6	0.128828	0.00158669	0.086114	0.00193248
886453	8000	7	0.160106	0.00140794	0.066506	0.00233304
886453	8000	8	0.11905	0.00190324	0.120576	0.00472359
886453	8000	9	0.132256	0.00223217	0.091663	0.00452957
886453	8000	10	0.0795495	0.00350833	0.0302129	0.00245821
886453	8000	11	0.120566	0.00164478	0.05019	0.00270044
886453	8000	12	0.117855	0.00251806	0.101317	0.00386203
886453	8000	13	0.0960145	0.024048	0.0574311	0.00263723
886453	8000	14	0.0926867	0.00224344	0.0768864	0.00382269
886453	8000	15	0.123904	0.0148828	0.0471955	0.00289644
886453	8000	16	0.163555	0.00156197	0.121556	0.00453356
886453	8000	17	0.0922897	0.00149933	0.120533	0.0055707
886453	8000	18	0.140813	0.00169604	0.0874566	0.00223874
886453	8000	19	0.108776	0.00368472	0.107735	0.00556882
886453	8000	20	0.133931	0.000936495	0.0599385	0.000890024
886453	8000	21	0.11583	0.00322851	0.0486995	0.00116121
886453	8000	22	0.0208333	0.0408333	0.0596413	0.00216461
886453	8000	23	0.114486	0.00239975	0.0475535	0.00134826
886453	8000	24	0.0261814	0.00534204	0.00656393	0.00235302
886453	8000	25	0.272534	0.00318603	0.0456265	0.00277449
886453	8000	26	0.185565	0.00152138	0.170059	0.00305436
886453	8000	27	0.139706	0.0175224	0.0491087	0.00294659
886453	8000	28	0.214775	0.00129168	0.0818312	0.000895177
886453	8000	29	0.212144	0.00121446	0.127896	0.00191158
886453	8000	30	0.119324	0.0013149	0.066457	0.00190408
886453	8000	31	0.209445	0.00141514	0.0643099	0.00188794
886453	8000	32	0.203816	0.00159177	0.546797	0.00358634
886453	8000	33	0.210217	0.00118098	0.122636	0.00269775
886453	8000	34	0.108188	0.00321765	0.0601483	0.00183558
886453	8000	35	0.251634	0.00578127	0.046396	0.00279427
886453	8000	36	0.115581	0.00177119	0.0494768	0.00136107
886453	8000	37	0.131933	0.00186333	0.0594387	0.00145473
886453	8000	38	0.118083	0.000915997	0.0716442	0.0015424
886453	8000	39	0.171315	0.00163544	0.10046	0.00293946
886453	8000	40	0.147805	0.00195201	0.133055	0.00392065
886453	8000	41	0.146702	0.00213965	0.0731079	0.00255536
886453	8000	42	0.163425	0.00281967	0.0504993	0.00161769
886453	8000	43	0.143975	0.00178232	0.0667942	0.00163539
886453	8000	44	0.155825	0.00155822	0.0903302	0.00194403
886453	8000	45	0.0871847	0.00186858	0.0656571	0.00233081
886453	8000	46	0.161824	0.00139553	0.0757376	0.00184726
886453	8000	47	0.160458	0.00172365	0.133016	0.00314312
886453	8000	48	0.1226	0.00143016	0.15441	0.0027459
886453	8000	49	0.197704	0.00255352	0.0541309	0.0021211
886453	8000	50	0.119	0.00281401	0.125106	0.00545266
886453	8000	51	0.137148	0.00101326	0.145303	0.00442298
886453	8000	52	0.218624	0.00216148	0.097152	0.00288819
886453	8000	53	0.182064	0.00154865	0.0596107	0.00147215
886453	8000	54	0.11017	0.00259934	0.081989	0.00225929
886453	8000	55	0.136178	0.00407335	0.0595548	0.00144997
886453	8000	56	0.14296	0.00196481	0.127089	0.00408573
886453	8000	57	0.1756	0.00238017	0.0688573	0.00237021
886453	8000	58	0.163947	0.00156552	0.0578606	0.0014869
886453	8000	59	0.163154	0.00134324	0.0588517	0.00134086
886453	8000	60	0.2085	0.00289145	0.0722849	0.00281063
886453	8000	61	0.161203	0.00154584	0.0725213	0.00215415
886453	8000	62	0.080821	0.00132411	0.0553958	0.00243629
886453	8000	63	0.0958761	0.00171193	0.0629919	0.00203594
886453	8000	64	0.17665	0.00174281	0.0751938	0.00176983
886453	8000	65	0.170961	0.00200597	0.0795114	0.00206885
886453	8000	66	0.104071	0.00148933	0.0767544	0.00438209
886453	8000	67	0.137227	0.00182328	0.126887	0.00454822
886453	8000	68	0.108821	0.0021413	0.0563984	0.00170613
886453	8000	69	0.185305	0.00211113	0.0635706	0.00216972
886453	8000	70	0.182346	0.00381713	0.0754225	0.00368735
886453	8000	71	0.129597	0.00247184	0.0652146	0.00415098
886453	8000	72	0.167038	0.00491965	0.0557904	0.00392631
886453	8000	73	0.11479	0.00173894	0.0926113	0.00322838
886453	8000	74	0.108151	0.00202102	0.041619	0.00132186
886453	8000	75	0.194346	0.0134957	0.0515873	0.020191
886453	8000	76	0.0803051	0.00294434	0.0605284	0.00247264
886453	8000	77	0.186715	0.00166794	0.186491	0.00411159
886453	8000	78	0.166717	0.00167634	0.0543925	0.00080666
886453	8000	79	0.146361	0.00169565	0.0871883	0.00198817
886453	8000	80	0.141172	0.00141632	0.0825056	0.00145121
886453	8000	81	0.125854	0.00181185	0.0683548	0.00263642
886453	8000	82	0.202761	0.00202398	0.0656475	0.00217361
886453	8000	83	0.0650355	0.00193822	0.0453977	0.00171742
886453	8000	84	0.178962	0.00144667	0.0612056	0.00118812
886453	8000	85	0.112446	0.000905609	0.0582813	0.0017306
886453	8000	86	0.120228	0.00273444	0.12091	0.00456539
886453	8000	87	0.104721	0.00377589	0.0661527	0.00248945
886453	8000	88	0.225421	0.00359777	0.0584633	0.00205535
886453	8000	89	0.120556	0.00660592	0.0504451	0.0041937
886453	8000	90	0.156175	0.00208496	0.0803878	0.00259235
886453	8000	91	0.255011	0.00190098	0.0837355	0.00250664
886453	8000	92	0.115028	0.00165554	0.0849072	0.003205
886453	8000	93	0.231685	0.00491092	0.0505508	0.00272153
886453	8000	94	0.160458	0.00196968	0.0483997	0.00159506
886453	8000	95	0.144579	0.00176465	0.0530156	0.00154811
886453	8000	96	0.158877	0.00148917	0.181168	0.00372857
886453	8000	97	0.168097	0.00185564	0.192954	0.00508464
886453	8000	98	0.16502	0.00100001	0.21938	0.00510395
886453	8000	99	0.186708	0.00122623	0.17668	0.00306166
886453	8000	100	0.180616	0.00196658	0.149796	0.00440641
886453	8000	101	0.155508	0.00127643	0.0932723	0.00254395
886453	8000	102	0.237599	0.00278679	0.109202	0.00585128
886453	8000	103	0.18309	0.00150868	0.142151	0.00304127
886453	8000	104	0.207083	0.00186611	0.0695137	0.0014333
886453	8000	105	0.162471	0.00155043	0.128926	0.00274219
886453	8000	106	0.166903	0.00132269	0.106131	0.00210963
886453	8000	107	0.210324	0.00221343	0.446526	0.00674428
886453	8000	108	0.149604	0.00294904	0.16995	0.00436547
886453	8000	109	0.147839	0.00610188	0.0492841	0.00444673
886453	8000	110	0.193258	0.00159806	0.112603	0.002581
886453	8000	111	0.183067	0.00224532	0.120137	0.00304005
886453	8000	112	0.207719	0.00212705	0.213004	0.0042366
886453	8000	113	0.217474	0.00322341	0.0811096	0.00315879
886453	8000	114	0.171008	0.00220132	0.267575	0.00740321
886453	8000	115	0.208516	0.00237218	0.0797767	0.00191271
886453	8000	116	0.183459	0.00296965	0.0998103	0.00532991
886453	8000	117	0.248483	0.00320866	0.0558029	0.00130909
886453	8000	118	0.11992	0.00362863	0.0649737	0.00284743
886453	8000	119	0.214772	0.00230936	0.0997646	0.00335566
886453	8000	120	0.209617	0.00372502	0.0746522	0.00282905
886453	8000	121	0.210881	0.00250819	0.213253	0.00447861
886453	8000	122	0.0423941	0.00404912	0.0511551	0.0083146
886453	8000	123	0.145182	0.00265849	0.0552342	0.00124695
886453	8000	124	0.187784	0.00282731	0.138723	0.00268883
886453	8000	125	0.196896	0.00158225	0.101648	0.0022449
886453	8000	126	0.16824	0.00199161	0.0635248	0.00172912
886453	8000	127	0.225869	0.00275813	0.0967136	0.00243571
886453	8000	128	0.196559	0.0024137	0.0804826	0.00165273
886453	8000	129	0.162581	0.00206512	0.0605861	0.00142168
886453	8000	130	0.181882	0.00138283	0.128285	0.0033183
886453	8000	131	0.159246	0.00266466	0.068063	0.00216147
886453	8000	132	0.185926	0.00423216	0.13758	0.00557285
886453	8000	133	0.170561	0.00290305	0.146176	0.00333228
886453	8000	134	0.160331	0.00227234	0.187413	0.00579132
886453	8000	135	0.197571	0.00265051	0.100987	0.0030854
886453	8000	136	0.166239	0.00248743	0.0901529	0.00189535
886453	8000	137	0.148081	0.00119115	0.106398	0.00226692
886453	8000	138	0.194673	0.00192699	0.0711916	0.00198937
886453	8000	139	0.247164	0.00473644	0.0926097	0.00373916
886453	8000	140	0.243842	0.0033324	0.0989187	0.00304433
886453	8000	141	0.187219	0.0051984	0.0746021	0.00204151
886453	8000	142	0.230795	0.00326766	0.129788	0.00380939
886453	8000	143	0.13011	0.00434504	0.297505	0.00711121
886453	8000	144	0.148635	0.00199632	0.0519894	0.00183705
886453	8000	145	0.155115	0.00341234	0.0809769	0.00156359
886453	8000	146	0.122238	0.00548849	0.0476751	0.00213238
886453	8000	147	0.090535	0.0164572	0.0436663	0.00231944
886453	8000	148	0.149653	0.00241504	0.0599498	0.00176103
886453	8000	149	0.25642	0.00371482	0.056587	0.00201028
886453	8000	150	0.17898	0.00199112	0.0941178	0.00187806
886453	8000	151	0.22772	0.00371396	0.289703	0.0075946
886453	8000	152	0.195278	0.0034664	0.127842	0.00438599
886453	8000	153	0.191524	0.00345147	0.106131	0.00318749
886453	8000	154	0.276217	0.00545839	0.0829023	0.00296302
886453	8000	155	0.17267	0.00208415	0.183809	0.00420008
886453	8000	156	0.217674	0.00256445	0.0844773	0.00173476
886453	8000	157	0.260035	0.0054297	0.0716482	0.00286258
886453	8000	158	0.205741	0.00379695	0.051544	0.00164617
886453	8000	159	0.209408	0.00218501	0.0889327	0.00225528
886453	8000	160	0.178787	0.00257348	0.189279	0.00357147
886453	8000	161	0.169707	0.00267378	0.0660333	0.00205432
886453	8000	162	0.276911	0.00345568	0.108857	0.00461325
886453	8000	163	0.158612	0.00160639	0.094514	0.00288837
886453	8000	164	0.185708	0.00177182	0.130427	0.00301477
886453	8000	165	0.264941	0.00561761	0.0945034	0.00337439
886453	8000	166	0.19875	0.00290901	0.677609	0.00325324
886453	8000	167	0.189458	0.00169761	0.126043	0.00226457
886453	8000	168	0.16667	0.00143753	0.0650459	0.00207485
886453	8000	169	0.177477	0.0025697	0.0955814	0.00235001
886453	8000	170	0.230302	0.0017275	0.0735758	0.002882
886453	8000	171	0.174075	0.00263794	0.0753933	0.00290073
886453	8000	172	0.255683	0.00325805	0.0660907	0.00190698
886453	8000	173	0.159466	0.00200524	0.104508	0.00282906
886453	8000	174	0.135203	0.00174383	0.0755603	0.00315055
886453	8000	175	0.183913	0.00112823	0.0738871	0.00144488
886453	8000	176	0.125983	0.00259216	0.103752	0.0030279
886453	8000	177	0.157376	0.00288608	0.164151	0.00597679
886453	8000	178	0.175413	0.00171407	0.096118	0.00218254
886453	8000	179	0.142441	0.00153733	0.0706791	0.00322258
886453	8000	180	0.17573	0.000972292	0.0728782	0.000929112
886453	8000	181	0.0664683	0.0128661	0.0505538	0.00309709
886453	8000	182	0.147252	0.00166032	0.121798	0.00276652
886453	8000	183	0.152346	0.00121478	0.0629254	0.00175255
886453	8000	184	0.12474	0.00154042	0.0861372	0.00199534
886453	8000	185	0.148444	0.00118432	0.0670432	0.00178434
886453	8000	186	0.177858	0.00150438	0.115775	0.00306497
886453	8000	187	0.158663	0.00233016	0.183982	0.00399894
886453	8000	188	0.15032	0.0015674	0.076812	0.00217467
886453	8000	189	0.173129	0.00159765	0.0729351	0.00153578
886453	8000	190	0.144993	0.00245062	0.0780677	0.00314339
886453	8000	191	0.160886	0.00182048	0.0927367	0.00404615
886453	8000	192	0.145241	0.00175884	0.126397	0.00310528
886453	8000	193	0.203527	0.0023486	0.0612958	0.00364797
886453	8000	194	0.208778	0.00292172	0.228675	0.00757086
886453	8000	195	0.182095	0.00218492	0.0739353	0.00168046
886453	8000	196	0.169032	0.00215657	0.107286	0.00419917
886453	8000	197	0.101544	0.00347669	0.0706999	0.00312686
886453	8000	198	0.20679	0.00169376	0.0602971	0.00240203
886453	8000	199	0.129342	0.00250927	0.0856153	0.00391582
886453	8000	200	0.148105	0.00182239	0.0556006	0.00280462
886453	8000	201	0.240804	0.00223668	0.0733673	0.00216948
886453	8000	202	0.186963	0.00253489	0.112838	0.00261666
886453	8000	203	0.254081	0.00196411	0.07405	0.00295441
886453	8000	204	0.177544	0.00252765	0.0935062	0.00242499
886453	8000	205	0.190521	0.00177738	0.140155	0.00279089
886453	8000	206	0.353416	0.00443011	0.859556	0.00239633
886453	8000	207	0.14178	0.00441795	0.0681474	0.00555311
886453	8000	208	0.117472	0.00131204	0.0698599	0.00180717
886453	8000	209	0.169362	0.00525507	0.0810796	0.00286067
886453	8000	210	0.158463	0.00476361	0.0790787	0.00353373
886453	8000	211	0.152886	0.00381194	0.0699055	0.00317759
886453	8000	212	0.243234	0.00516761	0.0751087	0.00253294
886453	8000	213	0.171451	0.0034897	0.0949428	0.00268031
886453	8000	214	0.305395	0.00608592	0.0717284	0.00228299
886453	8000	215	0.279403	0.00551604	0.101402	0.00324824
886453	8000	216	0.238021	0.00394519	0.257333	0.00768024
886453	8000	217	0.154542	0.00397937	0.0679762	0.00219521
886453	8000	218	0.167197	0.0073461	0.15399	0.00843816
886453	8000	219	0.197416	0.00432815	0.083675	0.00374364
886453	8000	220	0.249637	0.00404663	0.107214	0.00428558
886453	8000	221	0.153616	0.00312028	0.100857	0.00257434
886453	8000	222	0.312513	0.00488735	0.106126	0.00685161
886453	8000	223	0.176193	0.00466344	0.0634959	0.00376313
886453	8000	224	0.233546	0.00467176	0.102419	0.00483916
886453	8000	225	0.230073	0.00398667	0.189153	0.00716822
886453	8000	226	0.23341	0.00684641	0.274176	0.0112111
886453	8000	227	0.219953	0.00424339	0.549328	0.00670868
886453	8000	228	0.416667	0.127431	0.739992	0.0032376
886453	8000	229	0.197283	0.00576986	0.130463	0.00480177
886453	8000	230	0.2489	0.00277217	0.0706156	0.00204603
886453	8000	231	0.254892	0.0034432	0.149993	0.00446478
886453	8000	232	0.254685	0.00592968	0.498615	0.0068278
886453	8000	233	0.252862	0.00559935	0.758653	0.00217845
886453	8000	234	0.247973	0.00211525	0.0822197	0.00228239
886453	8000	235	0.232538	0.00378928	0.0682416	0.00221339
886453	8000	236	0.307164	0.0019323	0.0708251	0.00204879
886453	8000	237	0.24864	0.00281588	0.258517	0.00603592
886453	8000	238	0.292806	0.00494417	0.262151	0.0111647
886453	8000	239	0.273239	0.00942411	0.745701	0.00399435
886453	8000	240	0.27773	0.00391782	0.76112	0.0032399
886453	8000	241	0.277534	0.00303754	0.100296	0.00312457
886453	8000	242	0.207548	0.00345377	0.124017	0.00588354
886453	8000	243	0.213696	0.00467705	0.618266	0.00383836
886453	8000	244	0.201813	0.00445242	0.40798	0.00734966
886453	8000	245	0.196844	0.00483144	0.0673055	0.00408728
886453	8000	246	0.229667	0.00320301	0.122026	0.00342318
886453	8000	247	0.144819	0.00331167	0.0733594	0.0035415
886453	8000	248	0.215444	0.00279698	0.0782849	0.00329745
886453	8000	249	0.267581	0.00385216	0.059279	0.00308458
886453	8000	250	0.180413	0.008786	0.0570407	0.00376101
886453	8000	251	0.314096	0.00459605	0.0439128	0.00481725
886453	8000	252	0.393501	0.00558506	0.0517404	0.00291172
886453	8000	253	0.317552	0.00397396	0.0939653	0.00519285
886453	8000	254	0.0977615	0.00271867	0.0384827	0.00248869
886453	8000	255	0.251239	0.00683907	0.649373	0.00592828
886453	8000	256	0.285837	0.00244837	0.0842455	0.00271293
886453	8000	257	0.281129	0.00204649	0.10433	0.00278066
886453	8000	258	0.280135	0.00294737	0.428036	0.00850503
886453	8000	259	0.282665	0.00256059	0.6745	0.00368273
886453	8000	260	0.265187	0.00219768	0.852691	0.00137084
886453	8000	261	0.271439	0.00231179	0.226284	0.00427795
886453	8000	262	0.230068	0.00236094	0.246791	0.0084589
886453	8000	263	0.237192	0.00272055	0.203684	0.00556556
886453	8000	264	0.255207	0.00373893	0.451807	0.0100358
886453	8000	265	0.223983	0.00333008	0.143135	0.00467095
886453	8000	266	0.2046	0.00262518	0.0828068	0.00279977
886453	8000	267	0.203125	0.00453443	0.132435	0.0054163
886453	8000	268	0.198944	0.00462808	0.0664219	0.0023149
886453	8000	269	0.251985	0.00334452	0.1126	0.00412805
886453	8000	270	0.241506	0.00423676	0.625518	0.00420227
886453	8000	271	0.247898	0.00237645	0.177503	0.0059374
886453	8000	272	0.251221	0.00274463	0.0809218	0.00235275
886453	8000	273	0.223301	0.00181839	0.10678	0.00288686
886453	8000	274	0.357608	0.00298156	0.0752481	0.00429966
886453	8000	275	0.22033	0.00248079	0.0734138	0.00179382
886453	8000	276	0.179753	0.00266919	0.0527696	0.00321226
886453	8000	277	0.125	0.135161	0.116724	0.00181328
886453	8000	278	0.228639	0.00254542	0.0615604	0.00236557
886453	8000	279	0.220499	0.0041794	0.0972616	0.00200518
886453	8000	280	0.195776	0.00506747	0.107285	0.00124322
886453	8000	281	0.156662	0.00294246	0.0907985	0.00230066
886453	8000	282	0.227342	0.00154549	0.0868352	0.00172996
886453	8000	283	0.200552	0.0116573	0.0723196	0.00114606
886453	8000	284	0.192626	0.00187879	0.0794844	0.00226218
886453	8000	285	0.148192	0.00869133	0.0538482	0.000426598
886453	8000	286	0.207305	0.0023306	0.0703833	0.00224991
886453	8000	287	0.151244	0.00261354	0.0639066	0.000914942
886453	8000	288	0.201923	0.00449934	0.061114	0.00185582
886453	8000	289	0	0	0.0972222	0.0619203
886453	8000	290	0.130444	0.00173903	0.0581006	0.00107272
886453	8000	291	0.135972	0.00140624	0.0799707	0.00129598
886453	8000	292	0.13918	0.00147497	0.0696056	0.00178164
886453	8000	293	0.185149	0.00175603	0.0642621	0.00201438
886453	8000	294	0.128902	0.00207083	0.368674	0.0051289
886453	8000	295	0.139555	0.00131555	0.0910338	0.00232075
886453	8000	296	0.200139	0.00165355	0.0628171	0.00203552
886453	8000	297	0.147794	0.00272685	0.0571631	0.00218424
886453	8000	298	0.182757	0.00194982	0.208936	0.00289588
886453	8000	299	0.139388	0.00169743	0.0751838	0.00121119
886453	8000	300	0.155573	0.00160014	0.0723802	0.00160909
886453	8000	301	0.141039	0.00256625	0.0924058	0.00307902
886453	8000	302	0.127025	0.00252307	0.0627305	0.00162891
886453	8000	303	0.18085	0.00128723	0.177319	0.00216888
886453	8000	304	0.210345	0.00191912	0.0698146	0.00204673
886453	8000	305	0.162895	0.0104462	0.066192	0.00114079
886453	8000	306	0.200278	0.0148292	0.0824706	0.00232208
886453	8000	307	0.169138	0.0146339	0.0634394	0.00141192
886453	8000	308	0.188201	0.00371917	0.13134	0.00248208
886453	8000	309	0.14928	0.00323002	0.0670991	0.00133485
886453	8000	310	0.0945693	0.0183161	0.063125	0.00222057
886453	8000	311	0.199233	0.00264418	0.100158	0.00281394
886453	8000	312	0.158144	0.0288138	0.0655509	0.00370361
886453	8000	313	0.171443	0.0108343	0.0793996	0.00167266
886453	8000	314	0.193798	0.00455059	0.180423	0.00601992
886453	8000	315	0.141089	0.00178623	0.0894881	0.00205174
886453	8000	316	0.170075	0.0038525	0.176393	0.00514556
886453	8000	317	0.203513	0.00307224	0.105394	0.00402539
886453	8000	318	0.206369	0.00298454	0.10112	0.00439168
886453	8000	319	0.230093	0.00301379	0.101843	0.00255646
886453	8000	320	0.244507	0.00769271	0.413146	0.00783944
886453	8000	321	0.28551	0.00719293	0.495401	0.00741755
886453	8000	322	0.0833333	0.112955	0.0659239	0.0021073
886453	8000	323	0.22795	0.00318916	0.155051	0.00455992
886453	8000	324	0.26994	0.00248587	0.707841	0.00366799
886453	8000	325	0.224331	0.00954033	0.215789	0.011305
886453	8000	326	0.21843	0.00269799	0.153329	0.00487128
886453	8000	327	0.22088	0.00313338	0.148465	0.00459845
886453	8000	328	0.162478	0.00228534	0.0802296	0.00286919
886453	8000	329	0.198051	0.0047067	0.445648	0.0076264
886453	8000	330	0.242706	0.00443901	0.170051	0.00721825
886453	8000	331	0.288027	0.00383884	0.117058	0.00547135
886453	8000	332	0.283906	0.00247077	0.764125	0.00240702
886453	8000	333	0.233489	0.00218737	0.333015	0.00740467
886453	8000	334	0.213187	0.00325919	0.074903	0.00365548
886453	8000	335	0.252572	0.0171708	0.0858226	0.00201366
886453	8000	336	0.181765	0.00573082	0.104594	0.00540765
886453	8000	337	0.168511	0.00294982	0.0764	0.0031652
886453	8000	338	0.217449	0.00356426	0.159278	0.0042675
886453	8000	339	0.224344	0.00308648	0.0986278	0.00366976
886453	8000	340	0.169347	0.00453837	0.0831297	0.00232528
886453	8000	341	0.154583	0.00720657	0.160909	0.00294965
886453	8000	342	0.152785	0.00266496	0.1026	0.00240572
886453	8000	343	0.144697	0.0233485	0.0820916	0.00240077
886453	8000	344	0.146417	0.00451754	0.0796665	0.0033118
886453	8000	345	0.22238	0.00962083	0.0736321	0.00251897
886453	8000	346	0.234848	0.0337747	0.111529	0.00359009
886453	8000	347	0.140598	0.0127903	0.0700433	0.00158532
886453	8000	348	0.157743	0.0070102	0.0743489	0.00128365
886453	8000	349	0.176223	0.0038636	0.062262	0.00141288
886453	8000	350	0.197026	0.0027147	0.130742	0.00470969
886453	8000	351	0.157173	0.00121616	0.0716897	0.00211473
886453	8000	352	0.204488	0.00214357	0.0655849	0.00159313
886453	8000	353	0.162247	0.0128799	0.0786858	0.00296994
886453	8000	354	0.252114	0.00402974	0.0606965	0.00570224
886453	8000	355	0.334451	0.00522845	0.0534807	0.00358752
886453	8000	356	0.183962	0.00235826	0.140814	0.00425928
886453	8000	357	0.18679	0.00361418	0.448367	0.00974904
886453	8000	358	0.187928	0.00328679	0.192293	0.00717906
886453	8000	359	0.184428	0.00305249	0.104578	0.00319701
886453	8000	360	0.171148	0.00200366	0.0907352	0.00195681
886453	8000	361	0.604469	0.00885587	0.0822829	0.00846943
886453	8000	362	0.181383	0.00453934	0.142435	0.00272658
886453	8000	363	0.136364	0.0148081	0.0724441	0.00149492
886453	8000	364	0.185571	0.0021783	0.10201	0.00223795
886453	8000	365	0.138541	0.00334905	0.0812624	0.00298307
886453	8000	366	0.194068	0.00125762	0.0843772	0.001271
886453	8000	367	0.167859	0.00146892	0.101177	0.00246602
886453	8000	368	0.1645	0.00112663	0.0777502	0.00185659
886453	8000	369	0.196066	0.00688232	0.0637213	0.00245752
886453	8000	370	0.392292	0.00988107	0.0578373	0.0028297
886453	8000	371	0.1301	0.000976329	0.0597032	0.0019797
886453	8000	372	0.151429	0.00564328	0.185915	0.00818857
886453	8000	373	0.22365	0.00142481	0.0762027	0.00163712
886453	8000	374	0.119087	0.00242213	0.0660068	0.00176942
886453	8000	375	0.159306	0.00203589	0.0668839	0.0010222
886453	8000	376	0.129424	0.00215568	0.100644	0.00314046
886453	8000	377	0.215642	0.00271585	0.11775	0.00456978
886453	8000	378	0.107362	0.000884692	0.0455463	0.00113857
886453	8000	379	0.146173	0.00379743	0.0848337	0.00208412
886453	8000	380	0.195981	0.00237329	0.0578766	0.00261568
886453	8000	381	0.186641	0.00181633	0.0639285	0.0015261
886453	8000	382	0.0653522	0.00406286	0.0346287	0.00296461
886453	8000	383	0.0955855	0.00271785	0.0454186	0.00212709
886453	8000	384	0.172844	0.00221239	0.106633	0.00396742
886453	8000	385	0.269099	0.00584529	0.355888	0.00709795
886453	8000	386	0.296684	0.00142259	0.662618	0.00406821
886453	8000	387	0.315678	0.00198425	0.381967	0.00574198
886453	8000	388	0.321862	0.00269953	0.466814	0.00702888
886453	8000	389	0.228972	0.00140903	0.143709	0.00178124
886453	8000	390	0.320847	0.00190818	0.11337	0.00239191
886453	8000	391	0.33546	0.00209352	0.232114	0.00471503
886453	8000	392	0.335256	0.0237334	0.0858001	0.00225246
886453	8000	393	0.269797	0.00202571	0.306094	0.00396545
886453	8000	394	0.205787	0.00331825	0.316435	0.0114468
886453	8000	395	0.232913	0.00255546	0.0892878	0.00206106
886453	8000	396	0.219399	0.00235816	0.0898692	0.00273435
886453	8000	397	0.26634	0.00309678	0.104633	0.00164316
886453	8000	398	0.214973	0.00195471	0.186334	0.00411361
886453	8000	399	0.250611	0.00246368	0.138692	0.00269241
886453	8000	400	0.170025	0.00253469	0.0591536	0.00253125
886453	8000	401	0.190259	0.00289116	0.0780815	0.00187851
886453	8000	402	0.141992	0.00173505	0.0792958	0.0029551
886453	8000	403	0.137791	0.00276556	0.105386	0.00416379
886453	8000	404	0.157918	0.00241222	0.0573451	0.00256149
886453	8000	405	0.216848	0.0025265	0.0676871	0.00300557
886453	8000	406	0.252574	0.00343007	0.0568078	0.00371251
886453	8000	407	0.212503	0.00317243	0.0656309	0.00315372
886453	8000	408	0.216329	0.00288152	0.0755481	0.00209203
886453	8000	409	0.198004	0.00455347	0.114288	0.00275077
886453	8000	410	0.167792	0.00240682	0.0777168	0.0025311
886453	8000	411	0.180545	0.00276651	0.0790173	0.00314916
886453	8000	412	0.148438	0.00234194	0.109717	0.00323582
886453	8000	413	0.237314	0.00309795	0.0760181	0.00276636
886453	8000	414	0.205595	0.0025099	0.10431	0.00333761
886453	8000	415	0.199165	0.00268598	0.199367	0.00771708
886453	8000	416	0.162753	0.00360773	0.0981115	0.00303721
886453	8000	417	0.16744	0.00589164	0.0884575	0.00418601
886453	8000	418	0.211255	0.00532291	0.295166	0.00986908
886453	8000	419	0.187257	0.00474278	0.133229	0.00300739
886453	8000	420	0.176294	0.00352422	0.164109	0.00510408
886453	8000	421	0.206163	0.00515524	0.144577	0.00951919
886453	8000	422	0.239035	0.0021225	0.158467	0.00305856
886453	8000	423	0.226836	0.00168783	0.108966	0.00193602
886453	8000	424	0.328848	0.00536557	0.0845063	0.00439124
886453	8000	425	0.225683	0.00305874	0.486733	0.00672282
886453	8000	426	0.249831	0.00405566	0.203204	0.00641387
886453	8000	427	0.191229	0.00821094	0.071721	0.00347387
886453	8000	428	0.231698	0.00253815	0.146096	0.00436456
886453	8000	429	0.183118	0.0116393	0.40135	0.00556884
886453	8000	430	0.261207	0.0045957	0.831037	0.00219156
886453	8000	431	0.228378	0.00695122	0.789402	0.00260107
886453	8000	432	0.227316	0.0054175	0.278178	0.00521774
886453	8000	433	0.317935	0.0297789	0.288158	0.0089317
886453	8000	434	0.280605	0.00547023	0.648859	0.00390221
886453	8000	435	0.23489	0.00523282	0.215063	0.00509745
886453	8000	436	0.276964	0.00323166	0.0883302	0.00269057
886453	8000	437	0.216422	0.00433458	0.496915	0.0158274
886453	8000	438	0.239791	0.00239573	0.141691	0.00407111
886453	8000	439	0.179813	0.00298528	0.412858	0.00920581
886453	8000	440	0.250726	0.00383327	0.0567335	0.00446264
886453	8000	441	0.247681	0.00358291	0.16242	0.00719275
886453	8000	442	0.241693	0.00297638	0.269834	0.00714118
886453	8000	443	0.188186	0.00506758	0.0982917	0.00582198
886453	8000	444	0.244616	0.00367357	0.209532	0.00644933
886453	8000	445	0.208195	0.00488731	0.0847754	0.00442244
886453	8000	446	0.298893	0.00273362	0.0837106	0.00360246
886453	8000	447	0.182389	0.00330379	0.242428	0.012413
886453	8000	448	0.153769	0.00217217	0.0621919	0.0021542
886453	8000	449	0.226025	0.00367335	0.154205	0.00605161
886453	8000	450	0.229932	0.00344478	0.0733652	0.00396377
886453	8000	451	0.245432	0.00273555	0.168309	0.00525099
886453	8000	452	0.210468	0.00649962	0.0763442	0.00268164
886453	8000	453	0.251541	0.00532534	0.216495	0.00623476
886453	8000	454	0.165278	0.0220644	0.0688141	0.003158
886453	8000	455	0.238253	0.003053	0.0538775	0.00159241
886453	8000	456	0.226519	0.00533678	0.132374	0.00748773
886453	8000	457	0.324317	0.00887637	0.0893178	0.00762369
886453	8000	458	0.149437	0.00953204	0.0543424	0.00719084
886453	8000	459	0.094711	0.00536093	0.0705486	0.00426917
886453	8000	460	0.246992	0.00426051	0.137065	0.00802119
886453	8000	461	0.14987	0.00220365	0.0632555	0.0035418
886453	8000	462	0.1844	0.00380537	0.0813251	0.0034101
886453	8000	463	0.206589	0.00810972	0.307448	0.0136399
886453	8000	464	0.160199	0.00196114	0.0803424	0.00299822
886453	8000	465	0.330761	0.0120275	0.105429	0.0104199
886453	8000	466	0.25643	0.00436534	0.0618098	0.00511145
886453	8000	467	0.140094	0.0106319	0.0565909	0.00334596
886453	8000	468	0.192497	0.00522408	0.0679649	0.00318992
886453	8000	469	0.201389	0.0735175	0.0500206	0.00465392
886453	8000	470	0.291731	0.00511126	0.0757072	0.00205364
886453	8000	471	0.208237	0.00637922	0.518786	0.012004
886453	8000	472	0.315388	0.00632324	0.0792984	0.00624025
886453	8000	473	0.217822	0.00352023	0.209129	0.00542914
886453	8000	474	0.244503	0.0019661	0.178181	0.00274601
886453	8000	475	0.221832	0.00297746	0.529562	0.00519842
886453	8000	476	0.208985	0.00183966	0.164131	0.00374377
886453	8000	477	0.126915	0.00279712	0.103621	0.00544231
886453	8000	478	0.177089	0.00501652	0.187419	0.00564355
886453	8000	479	0.216846	0.0123139	0.197133	0.0081435
886453	8000	480	0.131377	0.00193687	0.0757002	0.00201218
886453	8000	481	0.20146	0.00202417	0.0961597	0.00276981
886453	8000	482	0.216825	0.00320921	0.129429	0.0050018
886453	8000	483	0.162064	0.00191178	0.108735	0.00281388
886453	8000	484	0.273719	0.0038812	0.0709715	0.00333695
886453	8000	485	0.190484	0.00292042	0.0944678	0.00331514
886453	8000	486	0.192658	0.00378521	0.0939262	0.00422386
886453	8000	487	0.17817	0.00202114	0.138985	0.00346778
886453	8000	488	0.156052	0.00394912	0.197999	0.00829194
886453	8000	489	0.222896	0.00353665	0.419554	0.00903538
886453	8000	490	0.179731	0.00331164	0.155678	0.00584182
886453	8000	491	0.164872	0.00106803	0.101625	0.00160381
886453	8000	492	0.296979	0.00474712	0.0964092	0.0040316
886453	8000	493	0.196245	0.00168737	0.0766619	0.00129256
886453	8000	494	0.219408	0.00141589	0.0939615	0.00193803
886453	8000	495	0.283843	0.00421463	0.10971	0.00455704
886453	8000	496	0.242035	0.00190463	0.292744	0.00638072
886453	8000	497	0.258097	0.00292498	0.266778	0.0052977
886453	8000	498	0.232224	0.00394985	0.624345	0.00622841
886453	8000	499	0.207249	0.00197351	0.153421	0.00352721
886453	8000	500	0.312565	0.0022231	0.115074	0.0027054
886453	8000	501	0.228548	0.0018728	0.125473	0.00269916
886453	8000	502	0.402052	0.00174951	0.625335	0.0031293
886453	8000	503	0.324352	0.00113181	0.308794	0.00333529
886453	8000	504	0.316486	0.00129341	0.672892	0.0026098
886453	8000	505	0.282469	0.00189582	0.201786	0.00306211
886453	8000	506	0.23482	0.00227482	0.208858	0.0054319
886453	8000	507	0.222319	0.00189389	0.448995	0.00526318
886453	8000	508	0.35374	0.00366267	0.105294	0.00370657
886453	8000	509	0.185947	0.00160103	0.0957086	0.00202083
886453	8000	510	0.208579	0.00295254	0.0976658	0.00294563
886453	8000	511	0.196193	0.00177022	0.0784511	0.00176249
886453	8000	512	0.197584	0.00213792	0.130882	0.0040903
886453	8000	513	0.185522	0.00182514	0.133754	0.00433743
886453	8000	514	0.165312	0.00208655	0.0732309	0.00179359
886453	8000	515	0.181364	0.00260169	0.17216	0.00386213
886453	8000	516	0.185487	0.00251423	0.200714	0.00402499
886453	8000	517	0.214957	0.0017337	0.0899774	0.00149947
886453	8000	518	0.201759	0.00325622	0.067702	0.0036832
886453	8000	519	0.238496	0.00194541	0.208931	0.00562694
886453	8000	520	0.217377	0.00316026	0.301734	0.00795654
886453	8000	521	0.288888	0.00247028	0.336321	0.003922
886453	8000	522	0.201343	0.00447066	0.121724	0.00424617
886453	8000	523	0.28062	0.00162766	0.319813	0.00400344
886453	8000	524	0.345654	0.00135318	0.224123	0.00342774
886453	8000	525	0.348576	0.0022639	0.157503	0.00367106
886453	8000	526	0.269375	0.00183642	0.287977	0.00387123
886453	8000	527	0.257511	0.00200761	0.293928	0.00464929
886453	8000	528	0.312033	0.00209707	0.242386	0.00417872
886453	8000	529	0.348296	0.00164716	0.565259	0.00275538
886453	8000	530	0.249871	0.0018603	0.112507	0.00180681
886453	8000	531	0.288744	0.00161181	0.32161	0.00324832
886453	8000	532	0.140111	0.00395242	0.0762609	0.00275623
886453	8000	533	0.222404	0.00194372	0.0990595	0.00208856
886453	8000	534	0.261513	0.00214323	0.143462	0.0034498
886453	8000	535	0.205309	0.00222727	0.0781116	0.00242623
886453	8000	536	0.217636	0.00182406	0.146529	0.0023453
886453	8000	537	0.179094	0.00153099	0.118163	0.00309736
886453	8000	538	0.211052	0.00225645	0.171366	0.00372713
886453	8000	539	0.142627	0.00202645	0.110555	0.00378918
886453	8000	540	0.139967	0.00108222	0.122842	0.00180836
886453	8000	541	0.176008	0.00202712	0.403074	0.0069749
886453	8000	542	0.100639	0.00116333	0.0953749	0.00378299
886453	8000	543	0.159892	0.00145016	0.0880195	0.00189175
886453	8000	544	0.169641	0.00172012	0.0830125	0.00147102
886453	8000	545	0.180148	0.00265229	0.0832284	0.00244693
886453	8000	546	0.156106	0.00115083	0.152035	0.0043086
886453	8000	547	0.157577	0.00176738	0.0656833	0.00234974
886453	8000	548	0.141409	0.00465942	0.0603841	0.00136979
886453	8000	549	0.257448	0.0035523	0.178574	0.0109936
886453	8000	550	0.190002	0.00877963	0.0583217	0.00508133
886453	8000	551	0.16437	0.00286182	0.073238	0.00261421
886453	8000	552	0.254608	0.00351033	0.0545389	0.00328278
886453	8000	553	0.127116	0.00415126	0.089402	0.00339477
886453	8000	554	0.255534	0.00251353	0.0910112	0.00343233
886453	8000	555	0.157639	0.00209343	0.0832007	0.0020428
886453	8000	556	0.202218	0.00526052	0.0685878	0.00367524
886453	8000	557	0.230998	0.0048966	0.572352	0.00654798
886453	8000	558	0.292432	0.00414321	0.116118	0.00604037
886453	8000	559	0.192338	0.00282941	0.374092	0.00644106
886453	8000	560	0.202567	0.00284153	0.0519465	0.00269171
886453	8000	561	0.220789	0.00360287	0.31036	0.00847297
886453	8000	562	0.238739	0.00372473	0.181901	0.00456535
886453	8000	563	0.227431	0.00236863	0.0911164	0.00240632
886453	8000	564	0.243718	0.00216829	0.440067	0.00502847
886453	8000	565	0.224613	0.00542913	0.231657	0.0128575
886453	8000	566	0.196578	0.0023162	0.1307	0.0043564
886453	8000	567	0.217711	0.0026796	0.141782	0.00598123
886453	8000	568	0.237363	0.00294316	0.183045	0.00452056
886453	8000	569	0.239785	0.00198414	0.0640327	0.00188977
886453	8000	570	0.450717	0.00288219	0.0411822	0.00878182
886453	8000	571	0.162587	0.00190543	0.0734362	0.00231035
886453	8000	572	0.271572	0.00292348	0.127663	0.00407104
886453	8000	573	0.229602	0.00217713	0.0825805	0.00247517
886453	8000	574	0.208262	0.00432614	0.0600369	0.00479865
886453	8000	575	0.218696	0.00339976	0.0748734	0.00246262
886453	8000	576	0.200372	0.00494442	0.0624774	0.00252258
886453	8000	577	0.209227	0.00169688	0.185893	0.00400473
886453	8000	578	0.232514	0.00274773	0.184725	0.00494429
886453	8000	579	0.19063	0.00241678	0.187038	0.00868674
886453	8000	580	0.241645	0.00387562	0.112493	0.00357217
886453	8000	581	0.269554	0.00336176	0.0959605	0.00339647
886453	8000	582	0.166439	0.00098642	0.0717584	0.00197591
886453	8000	583	0.127182	0.00198068	0.0731475	0.0026383
886453	8000	584	0.198564	0.00246192	0.123491	0.00482099
886453	8000	585	0.2128	0.00192777	0.0786766	0.00216851
886453	8000	586	0.151816	0.00127661	0.0919132	0.00289876
886453	8000	587	0.197573	0.00247308	0.0747329	0.00243885
886453	8000	588	0.20451	0.0022619	0.076524	0.00291677
886453	8000	589	0.198106	0.00149093	0.0936243	0.00264767
886453	8000	590	0.146591	0.0035132	0.0520789	0.00141137
886453	8000	591	0.190458	0.00138049	0.090406	0.00242483
886453	8000	592	0.128901	0.000818768	0.0845991	0.00163954
886453	8000	593	0.156986	0.002479	0.0419851	0.00140833
886453	8000	594	0.173728	0.00225411	0.0548026	0.00263318
886453	8000	595	0.1873	0.00394826	0.0605041	0.00245625
886453	8000	596	0.149947	0.00184334	0.0624681	0.00107685
886453	8000	597	0.263954	0.00175573	0.085984	0.0021796
886453	8000	598	0.228196	0.000959376	0.0653616	0.00161399
886453	8000	599	0.301003	0.00214977	0.144983	0.00359484
886453	8000	600	0.196745	0.00144409	0.0830757	0.00174709
886453	8000	601	0.125	0.0862712	0.0712173	0.00294652
886453	8000	602	0.206771	0.00163733	0.232835	0.00520916
886453	8000	603	0.166667	0.104047	0.0735397	0.00183745
886453	8000	604	0.219097	0.00188774	0.122575	0.00327459
886453	8000	605	0.210918	0.00280915	0.135494	0.00415989
886453	8000	606	0.164991	0.00465398	0.0823095	0.00377842
886453	8000	607	0.13972	0.00294219	0.0945293	0.00404102
886453	8000	608	0.143779	0.00211809	0.0496775	0.00208875
886453	8000	609	0.136	0.00481944	0.0712207	0.00321118
886453	8000	610	0.189457	0.00160335	0.134033	0.00423065
886453	8000	611	0.210274	0.00125776	0.074778	0.00190798
886453	8000	612	0.075	0.0252576	0.173848	0.00932122
886453	8000	613	0.110671	0.00413986	0.124066	0.00614367
886453	8000	614	0.189912	0.00194598	0.0617605	0.00230113
886453	8000	615	0.142494	0.00246679	0.099763	0.00383286
886453	8000	616	0.112594	0.00398707	0.0610684	0.00355835
886453	8000	617	0.164301	0.00287478	0.0963251	0.00353486
886453	8000	618	0.119878	0.00152502	0.0665875	0.00296038
886453	8000	619	0.153839	0.00149873	0.05162	0.00214586
886453	8000	620	0.194937	0.00204856	0.268443	0.00593426
886453	8000	621	0.222953	0.00223676	0.0633493	0.00153386
886453	8000	622	0.179458	0.00197743	0.0684885	0.00230648
886453	8000	623	0.211876	0.00227193	0.113403	0.00449759
886453	8000	624	0.181212	0.00195214	0.0817288	0.00216868
886453	8000	625	0.229833	0.00203111	0.231564	0.00443555
886453	8000	626	0.253993	0.0026231	0.0760049	0.0023855
886453	8000	627	0.271672	0.00322891	0.20605	0.0063798
886453	8000	628	0.348662	0.00238797	0.192447	0.00427971
886453	8000	629	0.449116	0.001682	0.83502	0.0016489
886453	8000	630	0.407203	0.00253971	0.523387	0.00463698
886453	8000	631	0.33677	0.00198602	0.123002	0.00247157
886453	8000	632	0.144787	0.00127283	0.103879	0.0022751
886453	8000	633	0.301394	0.00224966	0.0621102	0.00455788
886453	8000	634	0.197562	0.00173889	0.283913	0.00461264
886453	8000	635	0.065723	0.0058821	0.0805386	0.0105966
886453	8000	636	0.22713	0.00268205	0.145878	0.00284291
886453	8000	637	0.356385	0.00270611	0.2802	0.00589226
886453	8000	638	0.388278	0.00247637	0.322869	0.0067798
886453	8000	639	0.206599	0.0056933	0.754933	0.00448897
886453	8000	640	0.311297	0.00276137	0.0988833	0.00302331
886453	8000	641	0.297401	0.00461492	0.12143	0.00386438
886453	8000	642	0.21821	0.00257573	0.133296	0.00374075
886453	8000	643	0.16495	0.00407276	0.24171	0.0086614
886453	8000	644	0.199575	0.00352545	0.0842447	0.00310387
886453	8000	645	0.329861	0.00516199	0.0445463	0.00240515
886453	8000	646	0.179209	0.00154492	0.0813112	0.00186782
886453	8000	647	0.16907	0.0017738	0.0636983	0.00161962
886453	8000	648	0.222526	0.00339983	0.113966	0.00337221
886453	8000	649	0.101397	0.00359869	0.09811	0.00318384
886453	8000	650	0.190985	0.00495575	0.0577558	0.00231984
886453	8000	651	0.130848	0.00221604	0.0948974	0.00309362
886453	8000	652	0.160559	0.00189303	0.0933374	0.00437856
886453	8000	653	0.191252	0.00177611	0.0793259	0.00265983
886453	8000	654	0.155309	0.00193253	0.0796347	0.00196289
886453	8000	655	0.145795	0.0022018	0.0896835	0.00239774
886453	8000	656	0.238921	0.00223808	0.0663105	0.00241723
886453	8000	657	0.098255	0.00179807	0.0726558	0.00272583
886453	8000	658	0.146953	0.00220827	0.0690192	0.00174007
886453	8000	659	0.150484	0.00242955	0.0791979	0.00236814
886453	8000	660	0.166792	0.00375135	0.0592531	0.00130111
886453	8000	661	0.12022	0.00223507	0.058295	0.00162392
886453	8000	662	0.142709	0.0031224	0.0870899	0.00429941
886453	8000	663	0.128265	0.00559769	0.064359	0.00475015
886453	8000	664	0.142583	0.00222913	0.105457	0.00241206
886453	8000	665	0.251189	0.00332234	0.0869788	0.0019349
886453	8000	666	0.26773	0.0016325	0.474978	0.0040693
886453	8000	667	0.0988703	0.00239642	0.0713885	0.00523388
886453	8000	668	0.156895	0.00245202	0.0685958	0.00220647
886453	8000	669	0.12727	0.00258621	0.0581418	0.0018264
886453	8000	670	0.204611	0.00225296	0.0769351	0.00245273
886453	8000	671	0.293582	0.00237903	0.427972	0.00925434
886453	8000	672	0.0398148	0.0173865	0.0514403	0.00869857
886453	8000	673	0.112113	0.00164644	0.0634673	0.00260977
886453	8000	674	0.170386	0.00262876	0.0694621	0.00248443
886453	8000	675	0.113796	0.00216479	0.169554	0.00559754
886453	8000	676	0.135595	0.00198383	0.0475892	0.00221871
886453	8000	677	0.171145	0.00346529	0.0418398	0.00246869
886453	8000	678	0.116955	0.00377026	0.0385213	0.00328692
886453	8000	679	0.0944848	0.00242799	0.0406693	0.00156697
886453	8000	680	0.0917548	0.00262333	0.0510573	0.00193612
886453	8000	681	0.153287	0.00258474	0.0551758	0.0016573
886453	8000	682	0.16807	0.00351127	0.0802009	0.0034193
886453	8000	683	0.0939001	0.00282368	0.0945122	0.00468001
886453	8000	684	0.119678	0.00186689	0.0886795	0.00266602
886453	8000	685	0.151465	0.00229189	0.109066	0.00336012
886453	8000	686	0.156361	0.00224147	0.112627	0.00414981
886453	8000	687	0.252049	0.00370407	0.112284	0.0045432
886453	8000	688	0.141927	0.0333813	0.0568942	0.00645608
886453	8000	689	0.181126	0.00229877	0.150022	0.00503432
886453	8000	690	0.14857	0.00250218	0.112724	0.00360107
886453	8000	691	0.149788	0.00185415	0.0494148	0.00208708
886453	8000	692	0.195422	0.00696961	0.0335586	0.00396871
886453	8000	693	0.186991	0.00208812	0.156023	0.00298584
886453	8000	694	0.162803	0.00223714	0.124064	0.00399328
886453	8000	695	0.074494	0.00289361	0.0547725	0.00428733
886453	8000	696	0.0811688	0.0195166	0.0547052	0.0081246
886453	8000	697	0.249504	0.00212298	0.156315	0.00495088
886453	8000	698	0.188267	0.00356553	0.102673	0.00435498
886453	8000	699	0.24065	0.00343183	0.699408	0.00498754
886453	8000	700	0.215481	0.00189021	0.192094	0.00363294
886453	8000	701	0.286981	0.00238753	0.252864	0.00761205
886453	8000	702	0.199079	0.00182696	0.0970014	0.00224554
886453	8000	703	0.185296	0.00727292	0.148613	0.00588569
886453	8000	704	0.16104	0.00187824	0.103665	0.00231662
886453	8000	705	0.125147	0.00847635	0.0443673	0.00608013
886453	8000	706	0.246603	0.00200456	0.238426	0.00477324
886453	8000	707	0.193279	0.00288693	0.192245	0.0062011
886453	8000	708	0.141377	0.00154624	0.0638207	0.00165237
886453	8000	709	0.221488	0.00264911	0.247142	0.00654323
886453	8000	710	0.132477	0.00210125	0.103143	0.00281204
886453	8000	711	0.17565	0.00253879	0.0687236	0.00200905
886453	8000	712	0.092521	0.00320541	0.0572336	0.00272212
886453	8000	713	0.225358	0.00862535	0.0558345	0.00184272
886453	8000	714	0.121864	0.00785056	0.0572917	0.00899491
886453	8000	715	0.230958	0.00400691	0.0576639	0.0019837
886453	8000	716	0.18869	0.00244306	0.153105	0.00376921
886453	8000	717	0.0966733	0.0110742	0.0802199	0.0019265
886453	8000	718	0.0458333	0.0311676	0.0619874	0.00167725
886453	8000	719	0.157392	0.00197762	0.0427524	0.000981273
886453	8000	720	0.00625	0.00265451	0.0292208	0.0047156
886453	8000	721	0.219287	0.00382465	0.291379	0.00989201
886453	8000	722	0.170545	0.00217841	0.104179	0.00245868
886453	8000	723	0.108624	0.00213947	0.0677564	0.00319087
886453	8000	724	0.124005	0.00192073	0.142497	0.00338469
886453	8000	725	0.123983	0.00263196	0.0531975	0.00224038
886453	8000	726	0.117192	0.00384685	0.0605689	0.00296991
886453	8000	727	0.16469	0.00229029	0.0966209	0.00245753
886453	8000	728	0.155035	0.00194392	0.0939408	0.00208965
886453	8000	729	0.236335	0.00593882	0.0881363	0.00416298
886453	8000	730	0.0416667	0.0816667	0.0841415	0.00546407
886453	8000	731	0.135982	0.0129008	0.0966199	0.00808869
886453	8000	732	0.293095	0.00674578	0.501382	0.0068345
886453	8000	733	0.237338	0.0060381	0.633485	0.00365267
886453	8000	734	0.2088	0.00320187	0.288322	0.00697753
886453	8000	735	0.196251	0.00285015	0.069879	0.00239289
886453	8000	736	0.163888	0.00302939	0.0720661	0.00148253
886453	8000	737	0.149295	0.00275164	0.0618678	0.00149675
886453	8000	738	0.196116	0.00149265	0.0701865	0.00236124
886453	8000	739	0.207341	0.0227302	0.0554502	0.00340845
886453	8000	740	0.163348	0.00418537	0.048556	0.00159144
886453	8000	741	0.185292	0.00242714	0.0933572	0.00327599
886453	8000	742	0.253481	0.00387849	0.153034	0.0066069
886453	8000	743	0.118266	0.0129714	0.0371795	0.00421345
886453	8000	744	0.206282	0.0023281	0.0905667	0.00202413
886453	8000	745	0.175551	0.00111341	0.0613804	0.00227516
886453	8000	746	0.142081	0.00116651	0.0607834	0.00185254
886453	8000	747	0.144534	0.00184264	0.0390188	0.00135874
886453	8000	748	0.143705	0.00505624	0.0572022	0.00125773
886453	8000	749	0.192752	0.00148893	0.0842208	0.00167622
886453	8000	750	0.194472	0.00159819	0.104625	0.00266714
886453	8000	751	0.252343	0.00186883	0.089409	0.00263456
886453	8000	752	0.225765	0.00172281	0.504733	0.00329301
886453	8000	753	0.200662	0.00290256	0.0723094	0.00264892
886453	8000	754	0.164322	0.00178594	0.0689486	0.00184517
886453	8000	755	0.186988	0.00234869	0.109359	0.00368179
886453	8000	756	0.158109	0.00211217	0.0744487	0.00151847
886453	8000	757	0.116806	0.00169206	0.0650757	0.00189307
886453	8000	758	0.349826	0.0317608	0.0530855	0.00536157
886453	8000	759	0.204167	0.0168101	0.0388889	0.0055985
886453	8000	760	0.0324074	0.0156025	0	0
886453	8000	761	0.182385	0.00688035	0.0369629	0.00173385
886453	8000	762	0.199453	0.00280611	0.232373	0.0103522
886453	8000	763	0.160341	0.00417488	0.25765	0.0115844
886453	8000	764	0.233481	0.00191577	0.183299	0.00645632
886453	8000	765	0.295147	0.00248866	0.15195	0.0078132
886453	8000	766	0.259255	0.00402484	0.162933	0.0121446
886453	8000	767	0.0888196	0.00347834	0.0855098	0.00500044
886453	8000	768	0.180885	0.00522403	0.382615	0.0112718
886453	8000	769	0.222249	0.00481661	0.0909116	0.00539528
886453	8000	770	0.291133	0.0036223	0.105454	0.00517309
886453	8000	771	0.171843	0.00574045	0.0454669	0.00394213
886453	8000	772	0.143254	0.00158547	0.0865059	0.00264763
886453	8000	773	0.0463042	0.00205018	0.0604167	0.00453395
886453	8000	774	0.254156	0.00345826	0.0806957	0.00397815
886453	8000	775	0.105102	0.00380804	0.0683945	0.00478964
886453	8000	776	0.156319	0.00343624	0.0615313	0.00352661
886453	8000	777	0.185067	0.00405766	0.0574756	0.00190556
886453	8000	778	0.171324	0.00244161	0.0989929	0.00312876
886453	8000	779	0.189689	0.00339246	0.0659829	0.00227524
886453	8000	780	0.221658	0.0032358	0.0877499	0.00379813
886453	8000	781	0.20667	0.00220337	0.0980269	0.00371753
886453	8000	782	0.369514	0.00374353	0.0396639	0.0025528
886453	8000	783	0.126416	0.00519462	0.0692796	0.00556013
886453	8000	784	0.141341	0.00477948	0.0654001	0.00447302
886453	8000	785	0.165167	0.0045121	0.798601	0.00248738
886453	8000	786	0.104305	0.00683656	0.114558	0.0109016
886453	8000	787	0.301925	0.00276692	0.186007	0.00695725
886453	8000	788	0.21387	0.00180295	0.0893977	0.001441
886453	8000	789	0.186755	0.00559258	0.131222	0.00481232
886453	8000	790	0.325773	0.00623274	0.546865	0.0096812
886453	8000	791	0.284579	0.00358473	0.501358	0.00666532
886453	8000	792	0.18623	0.0013567	0.143295	0.00239895
886453	8000	793	0.193976	0.00163349	0.0685881	0.00149162
886453	8000	794	0.193479	0.00148306	0.155938	0.00370784
886453	8000	795	0.198493	0.00261993	0.0602057	0.00217469
886453	8000	796	0.189241	0.00434729	0.0672935	0.00206487
886453	8000	797	0.151385	0.001507	0.0711745	0.000905592
886453	8000	798	0.326905	0.00253091	0.228099	0.00486764
886453	8000	799	0.23605	0.00205494	0.151353	0.00208248
886453	8000	800	0.222917	0.0205111	0.0693357	0.00377529
886453	8000	801	0.136574	0.0370649	0.0564047	0.00492582
886453	8000	802	0.19086	0.00573051	0.0496473	0.00180004
886453	8000	803	0.110294	0.0271566	0.0601548	0.00252208
886453	8000	804	0.125	0.0862712	0.042072	0.00167679
886453	8000	805	0.0932971	0.0247971	0.0481915	0.00229283
886453	8000	806	0.0974702	0.0109878	0.0450084	0.00182559
886453	8000	807	0.111582	0.0024982	0.0544444	0.00252352
886453	8000	808	0.134682	0.0016219	0.0483909	0.00177163
886453	8000	809	0.19791	0.00145079	0.153609	0.00360594
886453	8000	810	0.215845	0.00276625	0.110896	0.00311805
886453	8000	811	0.155468	0.00202353	0.128531	0.0042223
886453	8000	812	0.2208	0.00193106	0.149119	0.00198564
886453	8000	813	0.0671296	0.028554	0.0771542	0.0022934
886453	8000	814	0.171569	0.0415911	0.0512758	0.00272765
886453	8000	815	0.157736	0.00402528	0.0409046	0.00149026
886453	8000	816	0.175232	0.00131898	0.0709898	0.00118888
886453	8000	817	0.157938	0.000902846	0.0624926	0.0014308
886453	8000	818	0.0999541	0.00175217	0.0415727	0.00059247
886453	8000	819	0.12153	0.00371735	0.0471547	0.001349
886453	8000	820	0.152778	0.0297664	0.0386501	0.00629338
886453	8000	821	0.118056	0.0167735	0.0444602	0.00387243
886453	8000	822	0.159297	0.00314833	0.0516783	0.00180667
886453	8000	823	0.0884081	0.0157002	0.0375138	0.00378959
886453	8000	824	0.047513	0.00651441	0.0431071	0.00316386
886453	8000	825	0.16258	0.00438953	0.0507485	0.00387667
