population	links	index	origin_mean	origing_error	destination_mean	destination_error
1707494	15000	0	0.111702	0.0264761	0.0462963	0.00133363
1707494	15000	1	0.142788	0.013224	0.0386264	0.00249063
1707494	15000	2	0.0994586	0.00286418	0.0578765	0.00185139
1707494	15000	3	0.240885	0.0147377	0.0355556	0.00543022
1707494	15000	4	0.143689	0.00106303	0.0702528	0.00192577
1707494	15000	5	0.167324	0.00359647	0.044884	0.00175129
1707494	15000	6	0.102453	0.00108732	0.0597443	0.00174299
1707494	15000	7	0.136072	0.00125934	0.0465211	0.00147474
1707494	15000	8	0.0924196	0.000934799	0.0667705	0.00244079
1707494	15000	9	0.10218	0.00210761	0.0748755	0.00274823
1707494	15000	10	0.0505253	0.00238315	0.0235859	0.00258527
1707494	15000	11	0.121917	0.00158479	0.0442357	0.00250487
1707494	15000	12	0.0968734	0.00202889	0.0839945	0.00331802
1707494	15000	13	0.105072	0.0280563	0.0454343	0.0024371
1707494	15000	14	0.0955693	0.00249706	0.0553703	0.00268837
1707494	15000	15	0.0904605	0.013109	0.0395833	0.00183853
1707494	15000	16	0.138962	0.00137096	0.0741019	0.00196272
1707494	15000	17	0.0956729	0.00142859	0.0827351	0.00413167
1707494	15000	18	0.11347	0.00151508	0.071892	0.00187776
1707494	15000	19	0.110801	0.00243535	0.0810999	0.00427654
1707494	15000	20	0.145634	0.000720272	0.0521825	0.000944042
1707494	15000	21	0.104066	0.00271154	0.0450293	0.00120798
1707494	15000	22	0.0833333	0.0963287	0.0477068	0.00216551
1707494	15000	23	0.0977715	0.00234526	0.0402523	0.00133827
1707494	15000	24	0.0247446	0.00748204	0.0176941	0.00497581
1707494	15000	25	0.259517	0.00247055	0.0460665	0.00260673
1707494	15000	26	0.167433	0.0015066	0.15605	0.00338711
1707494	15000	27	0.134191	0.0203305	0.0399792	0.0019448
1707494	15000	28	0.215376	0.00107711	0.0775776	0.00115295
1707494	15000	29	0.199315	0.00117266	0.120579	0.00178102
1707494	15000	30	0.155609	0.00150566	0.0612579	0.00164074
1707494	15000	31	0.202098	0.0016077	0.0632585	0.0018882
1707494	15000	32	0.190042	0.00143558	0.550862	0.00440618
1707494	15000	33	0.199513	0.00150796	0.111845	0.00203856
1707494	15000	34	0.102016	0.0019763	0.0597978	0.00210394
1707494	15000	35	0.175858	0.00466649	0.0424005	0.00323777
1707494	15000	36	0.12241	0.00178259	0.0479508	0.00193156
1707494	15000	37	0.128384	0.00132598	0.0534593	0.00152946
1707494	15000	38	0.123214	0.000748991	0.0669431	0.00183034
1707494	15000	39	0.14646	0.00115954	0.086123	0.00253837
1707494	15000	40	0.130324	0.00137414	0.112964	0.00537712
1707494	15000	41	0.130982	0.0022605	0.0589963	0.00236214
1707494	15000	42	0.167891	0.00167244	0.0427271	0.00133544
1707494	15000	43	0.145985	0.00182179	0.0567175	0.00173749
1707494	15000	44	0.118707	0.00112225	0.0705776	0.00126521
1707494	15000	45	0.0842639	0.00149068	0.0576267	0.00229723
1707494	15000	46	0.131243	0.000963673	0.0617912	0.0018669
1707494	15000	47	0.13543	0.000872279	0.0836503	0.00264686
1707494	15000	48	0.093729	0.00131867	0.119949	0.00303723
1707494	15000	49	0.185458	0.0019526	0.0458918	0.00172146
1707494	15000	50	0.0984456	0.00231619	0.109804	0.00539899
1707494	15000	51	0.140213	0.000924323	0.124375	0.00410518
1707494	15000	52	0.195239	0.00169761	0.0829824	0.00307455
1707494	15000	53	0.161987	0.00207406	0.0518519	0.00152934
1707494	15000	54	0.0931133	0.00289628	0.070839	0.00300284
1707494	15000	55	0.122197	0.00403456	0.0468023	0.00118923
1707494	15000	56	0.126181	0.00198196	0.105709	0.00447092
1707494	15000	57	0.17697	0.00291746	0.0660372	0.00287455
1707494	15000	58	0.148046	0.00117717	0.054025	0.0015759
1707494	15000	59	0.132549	0.000964676	0.04781	0.00102379
1707494	15000	60	0.18699	0.00184952	0.0604872	0.00197709
1707494	15000	61	0.132338	0.00118521	0.0601837	0.00150588
1707494	15000	62	0.0905569	0.00129354	0.0468174	0.00187202
1707494	15000	63	0.0905768	0.00157562	0.0572861	0.00185159
1707494	15000	64	0.162224	0.00154266	0.0630629	0.00160281
1707494	15000	65	0.158522	0.00161232	0.0699825	0.00195718
1707494	15000	66	0.108247	0.00194382	0.0548435	0.00300399
1707494	15000	67	0.120688	0.00114776	0.10114	0.00361073
1707494	15000	68	0.0924457	0.00202144	0.0506694	0.00146743
1707494	15000	69	0.163523	0.00229271	0.0532216	0.0020675
1707494	15000	70	0.163287	0.00505518	0.0663908	0.00460093
1707494	15000	71	0.136842	0.00297461	0.0582342	0.00333833
1707494	15000	72	0.143667	0.00336551	0.0456253	0.00427422
1707494	15000	73	0.120873	0.00181749	0.0834177	0.00270669
1707494	15000	74	0.116506	0.00283242	0.0387274	0.00129943
1707494	15000	75	0.164311	0.0125896	0.0297619	0.0208794
1707494	15000	76	0.0673189	0.00181034	0.052034	0.00287097
1707494	15000	77	0.172436	0.00200657	0.1467	0.00360621
1707494	15000	78	0.151214	0.00141203	0.0461255	0.000655141
1707494	15000	79	0.13429	0.00171798	0.074358	0.00164512
1707494	15000	80	0.111072	0.00105283	0.0695358	0.00111296
1707494	15000	81	0.119173	0.00169097	0.0527476	0.0017458
1707494	15000	82	0.193429	0.00216633	0.0526296	0.00169398
1707494	15000	83	0.0539517	0.00148736	0.0399286	0.00145836
1707494	15000	84	0.166186	0.00181844	0.0538704	0.00137671
1707494	15000	85	0.114036	0.000941861	0.0519485	0.00142546
1707494	15000	86	0.0992608	0.00259726	0.109308	0.00375188
1707494	15000	87	0.120809	0.00399164	0.066246	0.00163619
1707494	15000	88	0.193775	0.00354378	0.0543801	0.00222634
1707494	15000	89	0.109861	0.00693499	0.0460559	0.00322988
1707494	15000	90	0.156434	0.00248231	0.0762613	0.00207607
1707494	15000	91	0.28208	0.00187451	0.0888716	0.00318424
1707494	15000	92	0.125917	0.00174071	0.0775511	0.00216108
1707494	15000	93	0.225566	0.00470073	0.0442508	0.00216961
1707494	15000	94	0.149071	0.00198064	0.0493278	0.00163044
1707494	15000	95	0.172669	0.00194576	0.053822	0.0016975
1707494	15000	96	0.158469	0.00209281	0.189697	0.00483598
1707494	15000	97	0.172191	0.00189869	0.196965	0.00437627
1707494	15000	98	0.175153	0.00155623	0.227931	0.00562378
1707494	15000	99	0.180357	0.00219912	0.170437	0.00430069
1707494	15000	100	0.172517	0.00204482	0.146293	0.00422393
1707494	15000	101	0.168621	0.00150112	0.0958864	0.00184315
1707494	15000	102	0.227498	0.00346573	0.10123	0.00504144
1707494	15000	103	0.16836	0.00153628	0.12772	0.00341604
1707494	15000	104	0.204964	0.0013683	0.068092	0.00146761
1707494	15000	105	0.153638	0.00175143	0.118179	0.00244885
1707494	15000	106	0.149781	0.0013673	0.0993452	0.00172474
1707494	15000	107	0.191956	0.00214232	0.43388	0.00684509
1707494	15000	108	0.141627	0.00297331	0.167156	0.00536588
1707494	15000	109	0.130915	0.00617325	0.0383627	0.00374706
1707494	15000	110	0.168926	0.00123272	0.0875147	0.00185779
1707494	15000	111	0.158979	0.00177695	0.094347	0.00244204
1707494	15000	112	0.165276	0.00118978	0.185715	0.005279
1707494	15000	113	0.191248	0.0024581	0.0651475	0.00243124
1707494	15000	114	0.135087	0.00201648	0.176775	0.00508544
1707494	15000	115	0.178709	0.00161847	0.066379	0.00209776
1707494	15000	116	0.170524	0.00425857	0.0901889	0.00621491
1707494	15000	117	0.231217	0.00308335	0.0491744	0.00116221
1707494	15000	118	0.105124	0.00292642	0.0545711	0.00237623
1707494	15000	119	0.190105	0.00148449	0.0847749	0.00223661
1707494	15000	120	0.202529	0.00229301	0.0584247	0.00257178
1707494	15000	121	0.166077	0.00155633	0.165745	0.00423815
1707494	15000	122	0.0320356	0.00342011	0.0523927	0.011709
1707494	15000	123	0.123319	0.00251193	0.048166	0.00112149
1707494	15000	124	0.160893	0.00264927	0.118786	0.00377713
1707494	15000	125	0.177158	0.00144066	0.0866491	0.00256602
1707494	15000	126	0.14507	0.00136352	0.054133	0.00118487
1707494	15000	127	0.199749	0.00272818	0.0859456	0.00301827
1707494	15000	128	0.157276	0.00176995	0.0690409	0.00133053
1707494	15000	129	0.145018	0.00172153	0.0568708	0.00134348
1707494	15000	130	0.160122	0.00156318	0.103994	0.00362986
1707494	15000	131	0.131757	0.00225476	0.0613902	0.00197053
1707494	15000	132	0.160557	0.00314546	0.102763	0.00491832
1707494	15000	133	0.149262	0.00394258	0.110872	0.00270755
1707494	15000	134	0.144527	0.00282919	0.152457	0.0058387
1707494	15000	135	0.173675	0.00251595	0.092605	0.00258638
1707494	15000	136	0.147997	0.00259487	0.0731494	0.00200649
1707494	15000	137	0.13434	0.00133339	0.0913926	0.00136571
1707494	15000	138	0.187669	0.00215412	0.0607328	0.00216099
1707494	15000	139	0.21801	0.00569941	0.0762186	0.00324324
1707494	15000	140	0.226818	0.00360567	0.0863466	0.00462831
1707494	15000	141	0.162624	0.00702606	0.0647115	0.00212399
1707494	15000	142	0.210245	0.00284404	0.117054	0.00335645
1707494	15000	143	0.116435	0.00408196	0.237061	0.00698574
1707494	15000	144	0.129682	0.00159268	0.0433625	0.00164989
1707494	15000	145	0.139955	0.00348552	0.0667989	0.00119667
1707494	15000	146	0.0956969	0.00453422	0.0414214	0.00223593
1707494	15000	147	0.0869342	0.0148878	0.0452171	0.00325738
1707494	15000	148	0.138452	0.00284796	0.0506885	0.00115799
1707494	15000	149	0.208751	0.00268577	0.0465133	0.00158042
1707494	15000	150	0.149522	0.00142907	0.0796413	0.00140639
1707494	15000	151	0.207863	0.00285538	0.245783	0.00711619
1707494	15000	152	0.177702	0.00231166	0.109185	0.00379683
1707494	15000	153	0.167274	0.00381951	0.0956053	0.00405708
1707494	15000	154	0.259811	0.0043856	0.0685504	0.00379778
1707494	15000	155	0.140617	0.00177359	0.147964	0.00235045
1707494	15000	156	0.179651	0.00221803	0.0696099	0.00150846
1707494	15000	157	0.229167	0.00395353	0.0616544	0.00344442
1707494	15000	158	0.18817	0.00504013	0.0452892	0.00128977
1707494	15000	159	0.168896	0.00212241	0.0691171	0.00246999
1707494	15000	160	0.159966	0.00222166	0.14977	0.00437522
1707494	15000	161	0.154066	0.00243375	0.0564826	0.00204012
1707494	15000	162	0.24472	0.00313239	0.0841378	0.00415566
1707494	15000	163	0.128652	0.00135601	0.0728267	0.00188764
1707494	15000	164	0.161492	0.00191516	0.105164	0.00213937
1707494	15000	165	0.229719	0.00530717	0.07401	0.00400834
1707494	15000	166	0.175055	0.0026121	0.619817	0.00484895
1707494	15000	167	0.170716	0.0019247	0.109948	0.00268806
1707494	15000	168	0.181534	0.00144504	0.0568587	0.00159286
1707494	15000	169	0.152805	0.00208861	0.0813895	0.00193857
1707494	15000	170	0.206015	0.00250351	0.0656498	0.00212389
1707494	15000	171	0.205076	0.00191512	0.0612453	0.00270148
1707494	15000	172	0.228777	0.00291873	0.0569811	0.0022209
1707494	15000	173	0.140164	0.00129204	0.0789173	0.00227867
1707494	15000	174	0.112029	0.00219399	0.0558443	0.00201265
1707494	15000	175	0.173008	0.00172737	0.0652962	0.00133205
1707494	15000	176	0.108446	0.00188761	0.0810934	0.0034389
1707494	15000	177	0.134477	0.00227197	0.134426	0.00536482
1707494	15000	178	0.160627	0.00135089	0.0779706	0.00227257
1707494	15000	179	0.124651	0.00148507	0.0584258	0.00196494
1707494	15000	180	0.145165	0.000655541	0.0562293	0.000629323
1707494	15000	181	0.0580357	0.0133474	0.0435987	0.003377
1707494	15000	182	0.131061	0.00126715	0.110326	0.00288228
1707494	15000	183	0.141373	0.00108463	0.0530044	0.001025
1707494	15000	184	0.103493	0.00130398	0.0726162	0.00195704
1707494	15000	185	0.132561	0.00124315	0.0587775	0.00197481
1707494	15000	186	0.162407	0.00134067	0.101393	0.00205592
1707494	15000	187	0.137503	0.00162988	0.139816	0.00515918
1707494	15000	188	0.127724	0.00160752	0.0617757	0.00157882
1707494	15000	189	0.145493	0.00143298	0.0617996	0.00135622
1707494	15000	190	0.133459	0.00223654	0.0628639	0.00215814
1707494	15000	191	0.138578	0.00169395	0.0740868	0.00247084
1707494	15000	192	0.12489	0.00148675	0.109325	0.00263836
1707494	15000	193	0.205375	0.00253874	0.0580443	0.00291564
1707494	15000	194	0.185838	0.00234727	0.20712	0.00753301
1707494	15000	195	0.16801	0.00146374	0.0633265	0.00222889
1707494	15000	196	0.158072	0.00364384	0.0909929	0.00372158
1707494	15000	197	0.086614	0.00215173	0.060486	0.00264798
1707494	15000	198	0.17911	0.00250467	0.0529592	0.00169998
1707494	15000	199	0.138342	0.00165872	0.0757039	0.00371035
1707494	15000	200	0.11532	0.00207214	0.0452447	0.00171261
1707494	15000	201	0.230098	0.00268011	0.0614398	0.00223824
1707494	15000	202	0.173713	0.00185955	0.0958231	0.00255137
1707494	15000	203	0.213733	0.00199151	0.0618891	0.00211412
1707494	15000	204	0.143557	0.00269756	0.0829433	0.00266933
1707494	15000	205	0.170462	0.00130063	0.122889	0.00298935
1707494	15000	206	0.307174	0.00383004	0.84494	0.00263995
1707494	15000	207	0.123833	0.00377764	0.0566364	0.00349162
1707494	15000	208	0.13108	0.0017316	0.0602818	0.00234442
1707494	15000	209	0.182589	0.00565597	0.0702047	0.00248686
1707494	15000	210	0.128201	0.00389929	0.0645376	0.0031515
1707494	15000	211	0.13411	0.00392314	0.0552482	0.0025976
1707494	15000	212	0.207402	0.00415901	0.0651032	0.00281768
1707494	15000	213	0.159438	0.00391855	0.082924	0.00208037
1707494	15000	214	0.286651	0.00388079	0.0636796	0.00347289
1707494	15000	215	0.26729	0.00480173	0.0860125	0.00317515
1707494	15000	216	0.198162	0.00219682	0.213158	0.00774462
1707494	15000	217	0.1276	0.00396527	0.0555249	0.00181411
1707494	15000	218	0.173916	0.00585117	0.129374	0.00707093
1707494	15000	219	0.19274	0.00377848	0.0711328	0.00489705
1707494	15000	220	0.207789	0.00504744	0.0873029	0.00293495
1707494	15000	221	0.154569	0.00288036	0.0801566	0.0023493
1707494	15000	222	0.285984	0.00590165	0.102828	0.00556783
1707494	15000	223	0.175304	0.00523171	0.0515854	0.00311902
1707494	15000	224	0.191184	0.00435531	0.0808221	0.00382896
1707494	15000	225	0.193493	0.00282857	0.149247	0.00542543
1707494	15000	226	0.219553	0.00403122	0.233496	0.0107743
1707494	15000	227	0.202562	0.00402785	0.516567	0.00531936
1707494	15000	228	0.5625	0.1225	0.726966	0.00391513
1707494	15000	229	0.172648	0.00495094	0.114006	0.00516414
1707494	15000	230	0.218995	0.00278168	0.0571138	0.00141933
1707494	15000	231	0.234584	0.00338654	0.130636	0.00368765
1707494	15000	232	0.237728	0.00662082	0.45499	0.00893682
1707494	15000	233	0.235217	0.00638863	0.726625	0.00312521
1707494	15000	234	0.228564	0.00278227	0.0732705	0.00203709
1707494	15000	235	0.214615	0.00448443	0.0572009	0.00188811
1707494	15000	236	0.322158	0.00154114	0.0646995	0.00225467
1707494	15000	237	0.22757	0.00287578	0.224009	0.00798305
1707494	15000	238	0.262168	0.00506018	0.213754	0.0125783
1707494	15000	239	0.234029	0.00808661	0.716563	0.00370245
1707494	15000	240	0.252909	0.00244852	0.749335	0.00267284
1707494	15000	241	0.261412	0.0037729	0.0831282	0.00341547
1707494	15000	242	0.193424	0.00347683	0.10832	0.0038356
1707494	15000	243	0.188509	0.00637943	0.589499	0.00461128
1707494	15000	244	0.172276	0.00293924	0.339519	0.00485881
1707494	15000	245	0.168387	0.00461733	0.0550605	0.00233926
1707494	15000	246	0.207816	0.0036473	0.108997	0.00285205
1707494	15000	247	0.123445	0.00376214	0.0639323	0.00298289
1707494	15000	248	0.189454	0.00294802	0.0699242	0.00289261
1707494	15000	249	0.225581	0.00369238	0.0521474	0.00178804
1707494	15000	250	0.162536	0.00671879	0.0558656	0.00244083
1707494	15000	251	0.281673	0.0046021	0.0318958	0.00294329
1707494	15000	252	0.37897	0.00707603	0.0459534	0.00280658
1707494	15000	253	0.303422	0.00297498	0.0809817	0.00305234
1707494	15000	254	0.0831715	0.00274238	0.0378931	0.00261417
1707494	15000	255	0.249188	0.00558516	0.647428	0.0036045
1707494	15000	256	0.28813	0.00226648	0.0697257	0.00210223
1707494	15000	257	0.272754	0.00220574	0.0871318	0.00364271
1707494	15000	258	0.276634	0.00323248	0.408904	0.00810865
1707494	15000	259	0.24709	0.00234665	0.639783	0.00283293
1707494	15000	260	0.242353	0.00298858	0.633061	0.00317217
1707494	15000	261	0.241311	0.00311058	0.644617	0.00414702
1707494	15000	262	0.240689	0.00325064	0.215623	0.0086933
1707494	15000	263	0.205634	0.00217279	0.170129	0.00603752
1707494	15000	264	0.227092	0.00302312	0.429132	0.00892949
1707494	15000	265	0.231704	0.00239028	0.119488	0.00450324
1707494	15000	266	0.179375	0.00241377	0.0759092	0.00250096
1707494	15000	267	0.196354	0.00464367	0.0947513	0.00368575
1707494	15000	268	0.168561	0.00426369	0.0604449	0.00229136
1707494	15000	269	0.217638	0.00408997	0.0911483	0.00452914
1707494	15000	270	0.226207	0.00383928	0.572387	0.00519503
1707494	15000	271	0.224394	0.00277655	0.147441	0.00459452
1707494	15000	272	0.239984	0.00263839	0.0645198	0.00222171
1707494	15000	273	0.205732	0.00181112	0.0869212	0.00193453
1707494	15000	274	0.324923	0.00358477	0.0562543	0.00237423
1707494	15000	275	0.195975	0.00201502	0.0580373	0.00173091
1707494	15000	276	0.164064	0.00252894	0.0519363	0.00318667
1707494	15000	277	0	0	0.0996025	0.00217028
1707494	15000	278	0.195688	0.00264446	0.0554937	0.00147789
1707494	15000	279	0.219427	0.00395694	0.0839899	0.00193521
1707494	15000	280	0.170314	0.00450898	0.0914059	0.00174258
1707494	15000	281	0.139214	0.00208359	0.0758095	0.00223432
1707494	15000	282	0.195767	0.00149819	0.0706868	0.00138776
1707494	15000	283	0.186412	0.00931387	0.0600637	0.00113257
1707494	15000	284	0.19133	0.00188807	0.0704574	0.00238834
1707494	15000	285	0.13866	0.00961466	0.0471076	0.000577462
1707494	15000	286	0.188023	0.0035459	0.0616456	0.00190875
1707494	15000	287	0.159932	0.00290508	0.0548027	0.00105054
1707494	15000	288	0.163375	0.00335504	0.055827	0.00234591
1707494	15000	289	0	0	0.0694444	0.055325
1707494	15000	290	0.112182	0.00183874	0.052927	0.00142579
1707494	15000	291	0.118344	0.00157688	0.0680201	0.00128452
1707494	15000	292	0.12674	0.00138845	0.0573423	0.00133029
1707494	15000	293	0.166605	0.00184168	0.0570582	0.00186156
1707494	15000	294	0.112104	0.00183589	0.338283	0.0052493
1707494	15000	295	0.135063	0.00108682	0.082611	0.00173526
1707494	15000	296	0.195422	0.0015255	0.0582865	0.00216608
1707494	15000	297	0.130543	0.00216589	0.0495351	0.00174982
1707494	15000	298	0.163134	0.00130546	0.174157	0.00367477
1707494	15000	299	0.130457	0.00190067	0.0695381	0.00175505
1707494	15000	300	0.165957	0.00199799	0.0656587	0.00155375
1707494	15000	301	0.123775	0.00237515	0.0805355	0.002348
1707494	15000	302	0.114701	0.00211911	0.0556931	0.00157783
1707494	15000	303	0.159878	0.00149898	0.149282	0.00333657
1707494	15000	304	0.188968	0.00188734	0.0582593	0.0018716
1707494	15000	305	0.145295	0.0135737	0.0578635	0.00121976
1707494	15000	306	0.192222	0.0186899	0.0731173	0.00150836
1707494	15000	307	0.168432	0.0122477	0.0546187	0.00105777
1707494	15000	308	0.16389	0.00372637	0.109631	0.00281352
1707494	15000	309	0.130909	0.0023502	0.0582723	0.00109222
1707494	15000	310	0.0973783	0.0206498	0.0578704	0.00195718
1707494	15000	311	0.185821	0.00225941	0.0855351	0.00297636
1707494	15000	312	0.137311	0.0174758	0.0573135	0.00346418
1707494	15000	313	0.150692	0.00906998	0.0733623	0.00173951
1707494	15000	314	0.175278	0.00480256	0.158472	0.006726
1707494	15000	315	0.144334	0.0021688	0.0782496	0.00207886
1707494	15000	316	0.158553	0.00578762	0.156342	0.00702906
1707494	15000	317	0.193889	0.00270597	0.0938186	0.00366705
1707494	15000	318	0.219571	0.00352106	0.0895079	0.0028139
1707494	15000	319	0.21328	0.00255237	0.0887734	0.00210938
1707494	15000	320	0.243669	0.00786057	0.366375	0.00731547
1707494	15000	321	0.288693	0.00397216	0.42268	0.00736597
1707494	15000	322	0.458333	0.203633	0.0627107	0.00219991
1707494	15000	323	0.226084	0.00445158	0.14027	0.00446701
1707494	15000	324	0.286237	0.00309678	0.674307	0.00487328
1707494	15000	325	0.287488	0.00987689	0.216038	0.00981052
1707494	15000	326	0.301946	0.00326939	0.524215	0.00529858
1707494	15000	327	0.269449	0.00306141	0.131116	0.00506941
1707494	15000	328	0.198865	0.00360641	0.0739721	0.00205487
1707494	15000	329	0.250484	0.00616963	0.83567	0.0020328
1707494	15000	330	0.304385	0.00612544	0.151473	0.00620844
1707494	15000	331	0.301889	0.00413055	0.089053	0.00455615
1707494	15000	332	0.277365	0.00299782	0.494672	0.00518722
1707494	15000	333	0.247684	0.00266062	0.294601	0.00746015
1707494	15000	334	0.218564	0.00354407	0.0653415	0.00322962
1707494	15000	335	0.256687	0.0208022	0.0711818	0.00303349
1707494	15000	336	0.169534	0.00504384	0.0771507	0.00427219
1707494	15000	337	0.141309	0.00207513	0.0622672	0.00216316
1707494	15000	338	0.184358	0.00192118	0.130294	0.00595201
1707494	15000	339	0.253101	0.00295617	0.0863641	0.00315586
1707494	15000	340	0.166802	0.00523108	0.0687997	0.00216154
1707494	15000	341	0.160278	0.00793292	0.120011	0.00287932
1707494	15000	342	0.153835	0.00300856	0.0871184	0.00206382
1707494	15000	343	0.143939	0.0267846	0.0638839	0.00261752
1707494	15000	344	0.150187	0.00399516	0.0778917	0.00329706
1707494	15000	345	0.231692	0.0107686	0.063119	0.00216867
1707494	15000	346	0.344697	0.0694906	0.095846	0.00263769
1707494	15000	347	0.142735	0.0129007	0.0621863	0.00161931
1707494	15000	348	0.158802	0.00641278	0.0680984	0.00209642
1707494	15000	349	0.167595	0.00405458	0.0548909	0.00163234
1707494	15000	350	0.181736	0.00295716	0.127756	0.0043899
1707494	15000	351	0.166326	0.00129724	0.0692916	0.00225079
1707494	15000	352	0.193643	0.00194138	0.0593614	0.00192652
1707494	15000	353	0.140625	0.0107468	0.0710544	0.00223445
1707494	15000	354	0.210949	0.00399684	0.0620025	0.00378476
1707494	15000	355	0.315525	0.0037997	0.0597053	0.00437827
1707494	15000	356	0.164568	0.00301262	0.121398	0.00530922
1707494	15000	357	0.177756	0.00294239	0.42446	0.00974329
1707494	15000	358	0.166168	0.00384781	0.158824	0.0070129
1707494	15000	359	0.164102	0.00272424	0.0893644	0.00232241
1707494	15000	360	0.155576	0.00127863	0.0821585	0.00172451
1707494	15000	361	0.559179	0.0108412	0.0609244	0.00941842
1707494	15000	362	0.159912	0.00386135	0.110165	0.00199214
1707494	15000	363	0.136364	0.0203321	0.0612737	0.00166557
1707494	15000	364	0.170437	0.00199289	0.0890546	0.00180676
1707494	15000	365	0.131757	0.00403519	0.0683729	0.00310442
1707494	15000	366	0.17354	0.00120643	0.0734581	0.0012135
1707494	15000	367	0.149505	0.00165992	0.0957716	0.00270811
1707494	15000	368	0.151775	0.00171508	0.0702637	0.00165136
1707494	15000	369	0.151453	0.00765651	0.054686	0.00177518
1707494	15000	370	0.352273	0.00721002	0.0480159	0.0030984
1707494	15000	371	0.143942	0.000837083	0.0548422	0.0015317
1707494	15000	372	0.140907	0.00774961	0.152133	0.00759768
1707494	15000	373	0.212213	0.00150549	0.0684183	0.00178143
1707494	15000	374	0.104781	0.00233776	0.0569051	0.00225271
1707494	15000	375	0.146885	0.00183765	0.0613009	0.000971813
1707494	15000	376	0.115985	0.00158046	0.084518	0.00333873
1707494	15000	377	0.198006	0.00171531	0.109512	0.00473693
1707494	15000	378	0.115875	0.00101826	0.0411959	0.0011591
1707494	15000	379	0.13484	0.00418422	0.0747543	0.00250283
1707494	15000	380	0.159476	0.00262086	0.0476939	0.00277007
1707494	15000	381	0.176235	0.0012756	0.0566025	0.00134833
1707494	15000	382	0.0549532	0.00335525	0.0325377	0.00293079
1707494	15000	383	0.117761	0.00313532	0.04453	0.00204553
1707494	15000	384	0.156853	0.00164268	0.0923929	0.00248284
1707494	15000	385	0.253542	0.00440999	0.753036	0.00343995
1707494	15000	386	0.311704	0.00201632	0.622963	0.00322272
1707494	15000	387	0.28946	0.00189478	0.322065	0.00729403
1707494	15000	388	0.292093	0.00327451	0.422206	0.00966427
1707494	15000	389	0.205563	0.00120518	0.120027	0.00148715
1707494	15000	390	0.29507	0.00209459	0.101585	0.00200504
1707494	15000	391	0.303062	0.00195015	0.187502	0.00464186
1707494	15000	392	0.302564	0.0259029	0.0699773	0.00115404
1707494	15000	393	0.244851	0.001727	0.239222	0.00323904
1707494	15000	394	0.178569	0.00249182	0.278636	0.00659338
1707494	15000	395	0.19979	0.00346879	0.0767125	0.00224745
1707494	15000	396	0.191042	0.00245816	0.0750803	0.00162015
1707494	15000	397	0.242673	0.00238286	0.0897695	0.0017676
1707494	15000	398	0.199507	0.00294906	0.163509	0.00586353
1707494	15000	399	0.218749	0.00206117	0.122553	0.00173328
1707494	15000	400	0.154728	0.00242484	0.0552461	0.00249172
1707494	15000	401	0.169728	0.00218159	0.0618416	0.00133504
1707494	15000	402	0.150201	0.00167945	0.0720114	0.00211635
1707494	15000	403	0.129756	0.00254053	0.0969004	0.00407394
1707494	15000	404	0.168164	0.00187633	0.049941	0.00208807
1707494	15000	405	0.210546	0.00284487	0.0602211	0.00332578
1707494	15000	406	0.280113	0.00257671	0.05085	0.00300983
1707494	15000	407	0.217326	0.00307096	0.0597458	0.00284298
1707494	15000	408	0.190343	0.00301894	0.0642543	0.00209979
1707494	15000	409	0.177385	0.00299506	0.0992716	0.00198677
1707494	15000	410	0.169216	0.00220799	0.0660795	0.00253571
1707494	15000	411	0.164294	0.00284821	0.0723443	0.00293844
1707494	15000	412	0.142721	0.00123953	0.0826197	0.00198956
1707494	15000	413	0.216912	0.00310388	0.0641888	0.00239099
1707494	15000	414	0.178154	0.002418	0.0891995	0.0023899
1707494	15000	415	0.196597	0.00219241	0.17668	0.00658788
1707494	15000	416	0.163363	0.00350105	0.0815809	0.00308835
1707494	15000	417	0.151617	0.0051978	0.0715639	0.00311069
1707494	15000	418	0.181006	0.00485925	0.234482	0.00883754
1707494	15000	419	0.17821	0.00632448	0.10482	0.0030515
1707494	15000	420	0.145968	0.00221389	0.145043	0.00329166
1707494	15000	421	0.180411	0.0046678	0.112976	0.00974965
1707494	15000	422	0.203476	0.0016368	0.11116	0.00354709
1707494	15000	423	0.205647	0.00138648	0.0901213	0.00167005
1707494	15000	424	0.337963	0.00476929	0.0745869	0.00360238
1707494	15000	425	0.223915	0.00283469	0.421772	0.00624011
1707494	15000	426	0.229307	0.00247262	0.176846	0.00801236
1707494	15000	427	0.178755	0.00919684	0.0584874	0.00256574
1707494	15000	428	0.182248	0.00164927	0.125812	0.00505769
1707494	15000	429	0.177429	0.0117213	0.337477	0.00639233
1707494	15000	430	0.23984	0.00498762	0.817631	0.00172705
1707494	15000	431	0.214414	0.00426506	0.769257	0.00290785
1707494	15000	432	0.217846	0.00456758	0.704134	0.00401491
1707494	15000	433	0.264493	0.0261134	0.714025	0.00429734
1707494	15000	434	0.240259	0.00429064	0.60975	0.00473346
1707494	15000	435	0.217681	0.0051375	0.186436	0.00562986
1707494	15000	436	0.265456	0.00292387	0.0813413	0.00289286
1707494	15000	437	0.229663	0.00560759	0.431812	0.0146277
1707494	15000	438	0.21063	0.00246169	0.110304	0.00319255
1707494	15000	439	0.154365	0.00431062	0.393976	0.00920785
1707494	15000	440	0.225154	0.00414794	0.0544847	0.00348003
1707494	15000	441	0.234248	0.0028211	0.137526	0.006563
1707494	15000	442	0.21915	0.00291123	0.240837	0.00703671
1707494	15000	443	0.170785	0.00522662	0.0757024	0.00629737
1707494	15000	444	0.242619	0.00458876	0.173609	0.00729592
1707494	15000	445	0.201038	0.004505	0.0693729	0.00408779
1707494	15000	446	0.276688	0.00384061	0.0705692	0.00364453
1707494	15000	447	0.174575	0.00368635	0.221158	0.00997777
1707494	15000	448	0.173113	0.00224405	0.0504163	0.00284425
1707494	15000	449	0.200383	0.00521906	0.142598	0.00679678
1707494	15000	450	0.206309	0.00517055	0.0659888	0.00513961
1707494	15000	451	0.252698	0.00350596	0.162791	0.00711575
1707494	15000	452	0.25427	0.00675402	0.0736767	0.00299527
1707494	15000	453	0.235495	0.00513412	0.178472	0.00582528
1707494	15000	454	0.155556	0.0268648	0.0590634	0.00223074
1707494	15000	455	0.238344	0.00356591	0.0498211	0.0027777
1707494	15000	456	0.218472	0.00340964	0.128035	0.00810797
1707494	15000	457	0.335792	0.00609462	0.0834081	0.00605135
1707494	15000	458	0.286098	0.00946684	0.0439257	0.00788951
1707494	15000	459	0.0948211	0.00333876	0.067149	0.00297374
1707494	15000	460	0.2593	0.00285303	0.135688	0.00618248
1707494	15000	461	0.129262	0.0028191	0.0719104	0.00347398
1707494	15000	462	0.167021	0.00312603	0.0751192	0.00403497
1707494	15000	463	0.221899	0.0113089	0.281958	0.0225024
1707494	15000	464	0.16518	0.00257209	0.0728257	0.00288836
1707494	15000	465	0.277435	0.0101044	0.10322	0.0160086
1707494	15000	466	0.227814	0.00334519	0.0516871	0.00374785
1707494	15000	467	0.124057	0.0107984	0.0500758	0.00400718
1707494	15000	468	0.167995	0.00371399	0.0558419	0.002943
1707494	15000	469	0.180556	0.0899283	0.0445545	0.00504113
1707494	15000	470	0.261007	0.00440985	0.0661167	0.0034643
1707494	15000	471	0.222625	0.00863239	0.459243	0.0162732
1707494	15000	472	0.29868	0.0063057	0.0677701	0.00681955
1707494	15000	473	0.196416	0.00329679	0.170998	0.00611235
1707494	15000	474	0.229905	0.00184606	0.154236	0.0026889
1707494	15000	475	0.207838	0.00220027	0.495093	0.00452132
1707494	15000	476	0.184726	0.0015257	0.142747	0.00337555
1707494	15000	477	0.128669	0.00232839	0.0892817	0.00369286
1707494	15000	478	0.159102	0.00486554	0.163451	0.00576405
1707494	15000	479	0.175478	0.00935544	0.173687	0.00881945
1707494	15000	480	0.110151	0.00125931	0.0647159	0.00223903
1707494	15000	481	0.180866	0.00203981	0.0826472	0.00156758
1707494	15000	482	0.229903	0.00291493	0.117335	0.0055142
1707494	15000	483	0.149985	0.00151449	0.0970536	0.0021515
1707494	15000	484	0.248904	0.00232522	0.0663176	0.00306432
1707494	15000	485	0.161009	0.00210411	0.0855188	0.00357812
1707494	15000	486	0.172779	0.00374939	0.0781392	0.00362769
1707494	15000	487	0.163448	0.00220992	0.120222	0.00314658
1707494	15000	488	0.148942	0.0041438	0.196015	0.00939395
1707494	15000	489	0.214339	0.00380509	0.384432	0.00605683
1707494	15000	490	0.163267	0.00348392	0.139909	0.00485586
1707494	15000	491	0.154561	0.00133117	0.0914126	0.00155691
1707494	15000	492	0.254516	0.00468569	0.0714896	0.00422064
1707494	15000	493	0.170791	0.00169574	0.0663482	0.00120081
1707494	15000	494	0.20255	0.00171764	0.0822386	0.00203229
1707494	15000	495	0.277586	0.00351242	0.0907711	0.00385182
1707494	15000	496	0.203348	0.00215066	0.226537	0.00374527
1707494	15000	497	0.227806	0.00214486	0.232038	0.00538621
1707494	15000	498	0.206843	0.00269775	0.571756	0.0058788
1707494	15000	499	0.185024	0.00176021	0.109484	0.0033788
1707494	15000	500	0.286898	0.00214169	0.0818526	0.00221843
1707494	15000	501	0.206844	0.000870896	0.092037	0.00171625
1707494	15000	502	0.361831	0.00226703	0.583158	0.00388273
1707494	15000	503	0.295108	0.00180096	0.26878	0.00478902
1707494	15000	504	0.253481	0.0013457	0.594248	0.00271485
1707494	15000	505	0.213257	0.00122817	0.116306	0.00203506
1707494	15000	506	0.217394	0.00200438	0.152356	0.00580811
1707494	15000	507	0.219109	0.002433	0.404711	0.00519258
1707494	15000	508	0.300277	0.0045203	0.0847905	0.00364678
1707494	15000	509	0.162117	0.00155988	0.0848497	0.00150098
1707494	15000	510	0.183398	0.00206719	0.0758964	0.00185704
1707494	15000	511	0.178175	0.00193034	0.0656193	0.00144324
1707494	15000	512	0.176581	0.00223373	0.114107	0.00333963
1707494	15000	513	0.176526	0.00260928	0.106721	0.00236649
1707494	15000	514	0.144916	0.00207781	0.0682839	0.00231176
1707494	15000	515	0.152329	0.00271427	0.137582	0.00360193
1707494	15000	516	0.176544	0.00376063	0.189015	0.00674164
1707494	15000	517	0.180229	0.00146114	0.0740414	0.00140268
1707494	15000	518	0.15936	0.00377061	0.052399	0.00428653
1707494	15000	519	0.212409	0.0019717	0.17777	0.00513828
1707494	15000	520	0.18719	0.00231986	0.263914	0.00758088
1707494	15000	521	0.191364	0.00196503	0.18531	0.00442727
1707494	15000	522	0.152584	0.00308132	0.075889	0.0054683
1707494	15000	523	0.205012	0.00122459	0.184939	0.00374068
1707494	15000	524	0.30126	0.00160896	0.168365	0.00265799
1707494	15000	525	0.292886	0.00248893	0.120572	0.00328804
1707494	15000	526	0.237886	0.00173041	0.252806	0.00378573
1707494	15000	527	0.22869	0.0023269	0.260528	0.00480433
1707494	15000	528	0.282778	0.00194451	0.207299	0.00332185
1707494	15000	529	0.32834	0.00212572	0.534997	0.00308309
1707494	15000	530	0.230056	0.00187157	0.0963196	0.00102632
1707494	15000	531	0.257807	0.00218467	0.285344	0.00408548
1707494	15000	532	0.116548	0.00344928	0.0653002	0.00157043
1707494	15000	533	0.14515	0.00142649	0.062622	0.00103438
1707494	15000	534	0.222396	0.00177928	0.120746	0.00249102
1707494	15000	535	0.210896	0.0022017	0.0699839	0.00192666
1707494	15000	536	0.185966	0.00143097	0.116626	0.00242182
1707494	15000	537	0.145396	0.00212671	0.0907996	0.00369165
1707494	15000	538	0.167027	0.0016725	0.116821	0.00305709
1707494	15000	539	0.107768	0.00162557	0.0837931	0.0033638
1707494	15000	540	0.115202	0.000890188	0.0776767	0.00148594
1707494	15000	541	0.131363	0.00157187	0.185938	0.0069307
1707494	15000	542	0.122899	0.00110133	0.0944449	0.00366126
1707494	15000	543	0.140422	0.00136565	0.0719482	0.00113862
1707494	15000	544	0.155513	0.00193682	0.0712273	0.00176291
1707494	15000	545	0.167831	0.00238372	0.0732335	0.00282206
1707494	15000	546	0.130569	0.00189345	0.123124	0.0043815
1707494	15000	547	0.128307	0.00155274	0.0619516	0.00198728
1707494	15000	548	0.124954	0.00488918	0.0469392	0.00223572
1707494	15000	549	0.231212	0.00374786	0.156807	0.00986679
1707494	15000	550	0.147166	0.00697431	0.0461351	0.00336871
1707494	15000	551	0.149578	0.00301995	0.0596929	0.0025525
1707494	15000	552	0.228488	0.00551226	0.0530914	0.00346766
1707494	15000	553	0.11835	0.00356956	0.0754082	0.00307055
1707494	15000	554	0.210458	0.00270039	0.0881794	0.0033996
1707494	15000	555	0.171822	0.00198375	0.0745556	0.00297552
1707494	15000	556	0.216147	0.00411027	0.0643793	0.00384847
1707494	15000	557	0.216234	0.00316308	0.566748	0.00569679
1707494	15000	558	0.278441	0.00418844	0.109591	0.00395252
1707494	15000	559	0.174844	0.00285058	0.345518	0.00838954
1707494	15000	560	0.217776	0.0025241	0.0504866	0.00234277
1707494	15000	561	0.193278	0.00252603	0.256393	0.0057806
1707494	15000	562	0.196727	0.00126328	0.131171	0.00410757
1707494	15000	563	0.211809	0.00217242	0.0740403	0.00228944
1707494	15000	564	0.213337	0.00292926	0.378967	0.00503733
1707494	15000	565	0.20297	0.0051099	0.148279	0.00876487
1707494	15000	566	0.172498	0.00200578	0.109801	0.00359021
1707494	15000	567	0.18915	0.00318192	0.120334	0.00488149
1707494	15000	568	0.211376	0.00335145	0.151486	0.00504514
1707494	15000	569	0.221397	0.00246876	0.0557553	0.00184172
1707494	15000	570	0.2812	0.00365012	0.0499031	0.0080553
1707494	15000	571	0.138604	0.00158968	0.0667641	0.0021204
1707494	15000	572	0.258538	0.00247261	0.109189	0.0058309
1707494	15000	573	0.217773	0.00237744	0.0710609	0.00241275
1707494	15000	574	0.195018	0.00651973	0.0561029	0.00409656
1707494	15000	575	0.190176	0.00264055	0.0627565	0.00188643
1707494	15000	576	0.172009	0.00451768	0.0525238	0.0020562
1707494	15000	577	0.172971	0.00188723	0.135533	0.00500932
1707494	15000	578	0.20924	0.00279776	0.178061	0.0084498
1707494	15000	579	0.20964	0.0031779	0.156705	0.00887218
1707494	15000	580	0.253487	0.00308009	0.110464	0.00270823
1707494	15000	581	0.242848	0.00303168	0.0798335	0.00363198
1707494	15000	582	0.166265	0.00156609	0.0666302	0.0018225
1707494	15000	583	0.134457	0.00215795	0.066357	0.00201637
1707494	15000	584	0.175798	0.00255196	0.11444	0.00294814
1707494	15000	585	0.195594	0.00146054	0.0698715	0.00188045
1707494	15000	586	0.163891	0.00168984	0.0740816	0.0024627
1707494	15000	587	0.190574	0.00217047	0.064377	0.00234507
1707494	15000	588	0.175362	0.00274087	0.0641676	0.00259607
1707494	15000	589	0.172507	0.00131765	0.0764389	0.00246262
1707494	15000	590	0.134939	0.00302818	0.0453207	0.00165207
1707494	15000	591	0.169036	0.00138144	0.0789467	0.00202251
1707494	15000	592	0.130224	0.000864734	0.085469	0.00158036
1707494	15000	593	0.144572	0.00261891	0.0419143	0.00194196
1707494	15000	594	0.137881	0.00191293	0.0508772	0.00248038
1707494	15000	595	0.172572	0.00339847	0.0510198	0.00221527
1707494	15000	596	0.126646	0.00195613	0.0539674	0.00119146
1707494	15000	597	0.242873	0.00192798	0.0796654	0.00266445
1707494	15000	598	0.235855	0.00147667	0.0662508	0.00200618
1707494	15000	599	0.279601	0.00209102	0.129123	0.00434657
1707494	15000	600	0.168853	0.00191275	0.0740051	0.00206422
1707494	15000	601	0.166667	0.0963287	0.0585046	0.00297628
1707494	15000	602	0.185387	0.00145454	0.199662	0.00604784
1707494	15000	603	0.125	0.0948117	0.0635139	0.0016259
1707494	15000	604	0.187646	0.00212187	0.0941867	0.0030461
1707494	15000	605	0.177584	0.00198416	0.0989641	0.00220914
1707494	15000	606	0.155987	0.0062262	0.0752649	0.00495058
1707494	15000	607	0.11941	0.00241902	0.0885494	0.00326152
1707494	15000	608	0.128928	0.00211914	0.0531713	0.002203
1707494	15000	609	0.145693	0.0033627	0.0591081	0.00344722
1707494	15000	610	0.221101	0.00128124	0.126903	0.00598868
1707494	15000	611	0.186685	0.00169005	0.0673261	0.00249678
1707494	15000	612	0.113889	0.0309445	0.220632	0.0131385
1707494	15000	613	0.0962443	0.00484118	0.113052	0.00803664
1707494	15000	614	0.226678	0.0017146	0.058764	0.00186082
1707494	15000	615	0.120743	0.0025652	0.103442	0.00389382
1707494	15000	616	0.0947237	0.00350694	0.0533549	0.0028755
1707494	15000	617	0.180526	0.00301107	0.0908038	0.00279996
1707494	15000	618	0.134328	0.00171074	0.0657883	0.00263921
1707494	15000	619	0.183973	0.00200976	0.0525916	0.00140398
1707494	15000	620	0.202851	0.00245274	0.735834	0.00203705
1707494	15000	621	0.27199	0.00199159	0.0745931	0.00245355
1707494	15000	622	0.226677	0.00170571	0.0783536	0.00245495
1707494	15000	623	0.189956	0.00196534	0.104136	0.00261421
1707494	15000	624	0.183374	0.00179533	0.0949762	0.00351693
1707494	15000	625	0.197695	0.00221639	0.194879	0.00397166
1707494	15000	626	0.207853	0.00356518	0.0638207	0.00234064
1707494	15000	627	0.261542	0.0029572	0.185854	0.00823895
1707494	15000	628	0.336757	0.00262415	0.183704	0.00662169
1707494	15000	629	0.402854	0.0014367	0.796635	0.00209669
1707494	15000	630	0.383013	0.0025289	0.49595	0.00474579
1707494	15000	631	0.313744	0.00170297	0.10852	0.00288329
1707494	15000	632	0.182787	0.00177279	0.0973851	0.00219917
1707494	15000	633	0.27917	0.0024029	0.0513687	0.00526334
1707494	15000	634	0.192468	0.00187806	0.258543	0.00518759
1707494	15000	635	0.0591108	0.00480213	0.0800305	0.00779166
1707494	15000	636	0.19763	0.00206724	0.123662	0.00325818
1707494	15000	637	0.335558	0.00331317	0.257317	0.00845713
1707494	15000	638	0.368573	0.00230233	0.299857	0.00731425
1707494	15000	639	0.198244	0.00526425	0.756341	0.00426118
1707494	15000	640	0.295028	0.00164216	0.0877989	0.00274914
1707494	15000	641	0.258198	0.00366418	0.101933	0.00539859
1707494	15000	642	0.191837	0.00242987	0.105295	0.00305384
1707494	15000	643	0.153301	0.00242281	0.23222	0.00531978
1707494	15000	644	0.348775	0.00174481	0.0882604	0.00321002
1707494	15000	645	0.225714	0.0048292	0.0367889	0.00283818
1707494	15000	646	0.178593	0.00135079	0.0779827	0.00241
1707494	15000	647	0.286835	0.0011951	0.0767144	0.00198384
1707494	15000	648	0.18723	0.00309982	0.10976	0.00490038
1707494	15000	649	0.0875458	0.0034834	0.0901321	0.0030249
1707494	15000	650	0.157641	0.00638713	0.0478548	0.00176057
1707494	15000	651	0.121823	0.00208748	0.093383	0.00352279
1707494	15000	652	0.140767	0.00254309	0.0920565	0.0032571
1707494	15000	653	0.183057	0.00184315	0.0698868	0.00252215
1707494	15000	654	0.154018	0.00176379	0.073847	0.00182129
1707494	15000	655	0.133494	0.00232009	0.0805427	0.00291134
1707494	15000	656	0.208262	0.00247509	0.0591957	0.00264425
1707494	15000	657	0.0920875	0.00168898	0.0654084	0.00230045
1707494	15000	658	0.128826	0.0021717	0.061871	0.00170685
1707494	15000	659	0.133598	0.0023525	0.0657076	0.00240958
1707494	15000	660	0.16308	0.0031255	0.0526937	0.00168629
1707494	15000	661	0.106966	0.00317373	0.0553488	0.0019611
1707494	15000	662	0.142696	0.00212616	0.0862006	0.00278575
1707494	15000	663	0.116999	0.00612432	0.0498397	0.00286981
1707494	15000	664	0.132043	0.00280408	0.0889987	0.00270973
1707494	15000	665	0.214907	0.00407647	0.0630683	0.00190155
1707494	15000	666	0.19205	0.00210815	0.31369	0.00517799
1707494	15000	667	0.0862375	0.00281706	0.0657245	0.00479436
1707494	15000	668	0.136608	0.00209919	0.0555512	0.00194499
1707494	15000	669	0.102153	0.00237423	0.0513406	0.00213751
1707494	15000	670	0.192292	0.00193695	0.0676251	0.0021447
1707494	15000	671	0.297657	0.00262968	0.433691	0.00915293
1707494	15000	672	0.0435185	0.0124302	0.0416667	0.00846945
1707494	15000	673	0.101705	0.00126077	0.0555453	0.00152248
1707494	15000	674	0.145773	0.00245461	0.0572054	0.00172418
1707494	15000	675	0.112094	0.00226337	0.158815	0.00655774
1707494	15000	676	0.110638	0.00228021	0.0378835	0.00236053
1707494	15000	677	0.145855	0.00318035	0.0375104	0.00252387
1707494	15000	678	0.105999	0.00466334	0.0336673	0.00266009
1707494	15000	679	0.0839274	0.00202468	0.0382152	0.00154405
1707494	15000	680	0.0771663	0.00265037	0.0403649	0.00189883
1707494	15000	681	0.138337	0.0032328	0.0492424	0.00142721
1707494	15000	682	0.146576	0.00255248	0.0695615	0.00205322
1707494	15000	683	0.0838655	0.00308706	0.0837987	0.00346298
1707494	15000	684	0.103515	0.00198021	0.0783934	0.00313274
1707494	15000	685	0.131652	0.00265401	0.0928401	0.00421587
1707494	15000	686	0.141559	0.00208623	0.0970101	0.00406848
1707494	15000	687	0.221398	0.00449336	0.0880254	0.0033544
1707494	15000	688	0.121094	0.0324173	0.0299531	0.00376011
1707494	15000	689	0.137381	0.00106898	0.0958949	0.0026318
1707494	15000	690	0.131751	0.00194781	0.0982245	0.00320853
1707494	15000	691	0.214631	0.00226744	0.0522671	0.002698
1707494	15000	692	0.17094	0.0121401	0.0239865	0.00271148
1707494	15000	693	0.160891	0.00183126	0.13009	0.00319796
1707494	15000	694	0.141424	0.00142288	0.0949971	0.00281109
1707494	15000	695	0.0645887	0.00232259	0.0484669	0.00544227
1707494	15000	696	0.0579004	0.0162858	0.045068	0.00756347
1707494	15000	697	0.198794	0.00204364	0.0881461	0.00268162
1707494	15000	698	0.160256	0.00320733	0.08121	0.00359357
1707494	15000	699	0.203329	0.0032709	0.626907	0.00612302
1707494	15000	700	0.188889	0.00214419	0.165167	0.00270855
1707494	15000	701	0.249446	0.00311606	0.199914	0.00925238
1707494	15000	702	0.188726	0.00230182	0.0858296	0.00207551
1707494	15000	703	0.175895	0.00652078	0.134445	0.00547935
1707494	15000	704	0.132704	0.00194784	0.0812496	0.00193007
1707494	15000	705	0.110203	0.00747726	0.0335648	0.00851872
1707494	15000	706	0.222674	0.00239896	0.208601	0.00491791
1707494	15000	707	0.168551	0.00268939	0.163836	0.00591588
1707494	15000	708	0.126906	0.00196281	0.0520225	0.00170079
1707494	15000	709	0.188748	0.00364454	0.198701	0.00842018
1707494	15000	710	0.100205	0.00116623	0.0684135	0.00196093
1707494	15000	711	0.1469	0.00237336	0.0486453	0.00193956
1707494	15000	712	0.0792416	0.00294096	0.0509603	0.00274989
1707494	15000	713	0.207437	0.00891775	0.0465497	0.00180941
1707494	15000	714	0.0967491	0.00832061	0.0427827	0.00795136
1707494	15000	715	0.18449	0.0038328	0.0440386	0.00217792
1707494	15000	716	0.16838	0.00239338	0.127494	0.00266938
1707494	15000	717	0.0895916	0.0081794	0.0708056	0.00187372
1707494	15000	718	0.0458333	0.0333258	0.0572028	0.00205807
1707494	15000	719	0.127878	0.00232422	0.0352194	0.000665177
1707494	15000	720	0.00270833	0.00155838	0.0277778	0.00433116
1707494	15000	721	0.217016	0.00247357	0.274678	0.00671135
1707494	15000	722	0.155144	0.00214544	0.0967869	0.00227448
1707494	15000	723	0.0946119	0.00311061	0.0646684	0.00315666
1707494	15000	724	0.108526	0.00142982	0.116762	0.00327971
1707494	15000	725	0.125043	0.00206405	0.0467424	0.00232693
1707494	15000	726	0.109763	0.00310059	0.0575915	0.00272747
1707494	15000	727	0.144006	0.00205049	0.0798314	0.00317362
1707494	15000	728	0.13737	0.00162853	0.0761533	0.00177309
1707494	15000	729	0.233447	0.00569885	0.0717291	0.00363137
1707494	15000	730	0.0416667	0.0816667	0.0627395	0.00453469
1707494	15000	731	0.106105	0.0120709	0.080676	0.00643257
1707494	15000	732	0.267977	0.00653644	0.485521	0.00736969
1707494	15000	733	0.216306	0.00458025	0.575843	0.00433287
1707494	15000	734	0.17339	0.0021425	0.211528	0.00628936
1707494	15000	735	0.18007	0.00443979	0.0592209	0.00165179
1707494	15000	736	0.152245	0.00248971	0.0649966	0.00209186
1707494	15000	737	0.131918	0.00254018	0.0550257	0.00114537
1707494	15000	738	0.161228	0.00195036	0.0554031	0.00187817
1707494	15000	739	0.16369	0.0266948	0.0469589	0.00203139
1707494	15000	740	0.155754	0.00196214	0.0444937	0.00116761
1707494	15000	741	0.163361	0.00244849	0.076589	0.00246559
1707494	15000	742	0.271808	0.00400785	0.140718	0.00621367
1707494	15000	743	0.108165	0.0164471	0.0327991	0.00475409
1707494	15000	744	0.18723	0.00197194	0.0781674	0.00249107
1707494	15000	745	0.170408	0.00184878	0.0545047	0.00199341
1707494	15000	746	0.140044	0.00170119	0.0582307	0.00168086
1707494	15000	747	0.152495	0.00205324	0.0434662	0.00168082
1707494	15000	748	0.131794	0.00418604	0.0517995	0.00158402
1707494	15000	749	0.155285	0.00167207	0.0590116	0.00141166
1707494	15000	750	0.160999	0.00116479	0.0702975	0.00157037
1707494	15000	751	0.250691	0.00184251	0.078417	0.00271112
1707494	15000	752	0.206656	0.00158414	0.463727	0.00346336
1707494	15000	753	0.214865	0.00499694	0.0601489	0.0027154
1707494	15000	754	0.15825	0.00120856	0.0573224	0.00240537
1707494	15000	755	0.16055	0.00138459	0.0910363	0.00383092
1707494	15000	756	0.138525	0.00219467	0.0628037	0.00150158
1707494	15000	757	0.111775	0.00204817	0.0504441	0.0022459
1707494	15000	758	0.243924	0.0231196	0.0516278	0.00504905
1707494	15000	759	0.17381	0.0165707	0.0375	0.00455656
1707494	15000	760	0.0358796	0.0177933	0	0
1707494	15000	761	0.142718	0.00477752	0.0308902	0.00197704
1707494	15000	762	0.1722	0.00336766	0.219712	0.0111081
1707494	15000	763	0.140076	0.00437122	0.242806	0.00984721
1707494	15000	764	0.211846	0.00310501	0.146718	0.00648767
1707494	15000	765	0.257435	0.00294983	0.122567	0.00707404
1707494	15000	766	0.232028	0.00381568	0.147822	0.0117581
1707494	15000	767	0.0760426	0.00299184	0.0719906	0.00455602
1707494	15000	768	0.184192	0.00650408	0.34559	0.0161181
1707494	15000	769	0.227636	0.00359121	0.0812919	0.00454531
1707494	15000	770	0.247159	0.00422115	0.0845826	0.00487392
1707494	15000	771	0.160076	0.00684941	0.0390201	0.00414556
1707494	15000	772	0.219835	0.00122976	0.106175	0.00332414
1707494	15000	773	0.0404955	0.00194943	0.0576593	0.00323645
1707494	15000	774	0.258004	0.00356037	0.0695962	0.00288094
1707494	15000	775	0.0875962	0.00373737	0.0547343	0.00514634
1707494	15000	776	0.165784	0.00279423	0.0528542	0.00304323
1707494	15000	777	0.167397	0.00287801	0.060033	0.00185856
1707494	15000	778	0.160936	0.00178299	0.0822329	0.00288776
1707494	15000	779	0.154199	0.00507475	0.0561706	0.00258627
1707494	15000	780	0.195301	0.00253742	0.0796529	0.0032375
1707494	15000	781	0.176473	0.00244489	0.0819885	0.00317862
1707494	15000	782	0.2822	0.00580748	0.0404943	0.00295342
1707494	15000	783	0.117416	0.00843428	0.0677959	0.0043216
1707494	15000	784	0.147134	0.00394462	0.0586594	0.00401784
1707494	15000	785	0.145396	0.00453377	0.592275	0.00602111
1707494	15000	786	0.083942	0.00465303	0.0895485	0.00901189
1707494	15000	787	0.277011	0.00328768	0.152045	0.00464522
1707494	15000	788	0.198185	0.00124679	0.0739801	0.00122455
1707494	15000	789	0.169423	0.0034523	0.114228	0.00369758
1707494	15000	790	0.289283	0.00541701	0.519888	0.00770303
1707494	15000	791	0.27396	0.00336334	0.46869	0.011736
1707494	15000	792	0.171511	0.00141882	0.119145	0.00275754
1707494	15000	793	0.169787	0.00134657	0.060165	0.00118094
1707494	15000	794	0.172331	0.00101127	0.130261	0.00331557
1707494	15000	795	0.201468	0.00232419	0.0500341	0.00232093
1707494	15000	796	0.176822	0.00387118	0.0620084	0.00207297
1707494	15000	797	0.138063	0.00129848	0.0587234	0.000982744
1707494	15000	798	0.306446	0.00293942	0.216509	0.00625794
1707494	15000	799	0.211337	0.0018937	0.132736	0.00280025
1707494	15000	800	0.177778	0.0186194	0.068629	0.00332796
1707494	15000	801	0.118056	0.0431356	0.0465793	0.00415092
1707494	15000	802	0.173488	0.00549969	0.0403843	0.00166468
1707494	15000	803	0.125	0.034219	0.0510866	0.00243225
1707494	15000	804	0.180556	0.103892	0.0404237	0.00150448
1707494	15000	805	0.0643116	0.017105	0.04123	0.00246265
1707494	15000	806	0.0798611	0.0110349	0.0377376	0.00154616
1707494	15000	807	0.0880712	0.00315489	0.0483333	0.00217729
1707494	15000	808	0.131379	0.00144779	0.0434533	0.00194126
1707494	15000	809	0.179289	0.00204947	0.139017	0.00422357
1707494	15000	810	0.167465	0.00239824	0.0835335	0.00216089
1707494	15000	811	0.153272	0.00204597	0.108468	0.0036619
1707494	15000	812	0.214538	0.00173865	0.135784	0.00283325
1707494	15000	813	0.106481	0.0387298	0.0680016	0.00194773
1707494	15000	814	0.139706	0.0443353	0.0440282	0.00252106
1707494	15000	815	0.154117	0.00380804	0.0381268	0.00140042
1707494	15000	816	0.162784	0.0010742	0.0625754	0.000791201
1707494	15000	817	0.159915	0.00082795	0.0566987	0.00097921
1707494	15000	818	0.089888	0.00134451	0.035841	0.000665065
1707494	15000	819	0.108526	0.00335534	0.0413363	0.00151103
1707494	15000	820	0.114583	0.0283456	0.0448718	0.00538929
1707494	15000	821	0.105235	0.0174421	0.0342803	0.00247448
1707494	15000	822	0.229239	0.00455786	0.0453224	0.00191833
1707494	15000	823	0.0742521	0.0118837	0.0383444	0.00476799
1707494	15000	824	0.0386043	0.003522	0.0362249	0.00247978
1707494	15000	825	0.143113	0.00331934	0.0326347	0.00348176
