population	links	index	origin_mean	origing_error	destination_mean	destination_error
1124584	10000	0	0.140957	0.0321275	0.0456087	0.00151779
1124584	10000	1	0.150801	0.00832971	0.0444079	0.00322523
1124584	10000	2	0.101224	0.00360653	0.072375	0.00335194
1124584	10000	3	0.174479	0.0204997	0.0286111	0.00364518
1124584	10000	4	0.132963	0.000634201	0.0720647	0.0020431
1124584	10000	5	0.171181	0.00447484	0.0483926	0.0018291
1124584	10000	6	0.113591	0.00149435	0.06623	0.00190655
1124584	10000	7	0.140596	0.00150891	0.0555522	0.00206693
1124584	10000	8	0.0978325	0.00114586	0.0691489	0.00240035
1124584	10000	9	0.118675	0.00250968	0.0789763	0.00295555
1124584	10000	10	0.0594284	0.00413374	0.0232467	0.00262574
1124584	10000	11	0.11994	0.00181244	0.0484505	0.00328637
1124584	10000	12	0.0973385	0.00193227	0.0892212	0.00303227
1124584	10000	13	0.11413	0.0315422	0.0514079	0.00383571
1124584	10000	14	0.0932511	0.00281665	0.0692407	0.00416218
1124584	10000	15	0.108553	0.0165927	0.0411058	0.00223236
1124584	10000	16	0.136131	0.00162908	0.0958489	0.00473385
1124584	10000	17	0.0943857	0.00152157	0.119473	0.00609799
1124584	10000	18	0.119096	0.00148895	0.0766087	0.0015715
1124584	10000	19	0.105903	0.00258554	0.0969692	0.0044819
1124584	10000	20	0.136096	0.00116737	0.0549101	0.00104535
1124584	10000	21	0.109476	0.0035365	0.0445413	0.000852427
1124584	10000	22	0.0208333	0.0408333	0.0544135	0.00231479
1124584	10000	23	0.104918	0.00190564	0.042737	0.00136016
1124584	10000	24	0.0234674	0.00527751	0.00998858	0.00378839
1124584	10000	25	0.263854	0.00363699	0.0431626	0.00218394
1124584	10000	26	0.176129	0.00122262	0.162785	0.00296336
1124584	10000	27	0.139706	0.0203073	0.046902	0.0033454
1124584	10000	28	0.208713	0.00128285	0.0775793	0.00111894
1124584	10000	29	0.200214	0.00147268	0.121844	0.00191328
1124584	10000	30	0.135544	0.00147115	0.0636792	0.00214382
1124584	10000	31	0.203588	0.00180869	0.0641036	0.00217782
1124584	10000	32	0.196165	0.0014619	0.545923	0.00426079
1124584	10000	33	0.202147	0.00156785	0.117568	0.00231072
1124584	10000	34	0.104395	0.00223703	0.0606463	0.00223719
1124584	10000	35	0.242501	0.00568593	0.0450098	0.00344773
1124584	10000	36	0.117183	0.00150731	0.0503678	0.00110782
1124584	10000	37	0.127911	0.0015387	0.0528751	0.00168536
1124584	10000	38	0.117757	0.00111035	0.0679411	0.00174127
1124584	10000	39	0.160198	0.00128815	0.0938145	0.00270764
1124584	10000	40	0.129546	0.00130495	0.122206	0.00355881
1124584	10000	41	0.135382	0.00142143	0.064043	0.00262995
1124584	10000	42	0.162951	0.0021131	0.0442486	0.00112856
1124584	10000	43	0.147925	0.00123132	0.0600439	0.00187174
1124584	10000	44	0.139892	0.00159612	0.0813621	0.00159398
1124584	10000	45	0.0881927	0.00144054	0.0604442	0.00182893
1124584	10000	46	0.146573	0.00161037	0.068455	0.00182132
1124584	10000	47	0.151523	0.00225854	0.119331	0.00267127
1124584	10000	48	0.117767	0.00215736	0.152671	0.00384652
1124584	10000	49	0.189876	0.00280327	0.0442343	0.00177609
1124584	10000	50	0.109327	0.00172494	0.122849	0.00492885
1124584	10000	51	0.135034	0.00171061	0.136166	0.00510024
1124584	10000	52	0.198238	0.00183698	0.0850632	0.00245665
1124584	10000	53	0.174773	0.00188949	0.0547468	0.00164841
1124584	10000	54	0.0990802	0.00382738	0.0736469	0.00284712
1124584	10000	55	0.124547	0.00353236	0.0530224	0.00149891
1124584	10000	56	0.12434	0.0025868	0.116381	0.00624092
1124584	10000	57	0.169201	0.00318103	0.0631112	0.00293814
1124584	10000	58	0.146209	0.00139374	0.0536945	0.000917109
1124584	10000	59	0.150701	0.00131224	0.0547267	0.00146053
1124584	10000	60	0.199487	0.0026066	0.0665844	0.00289239
1124584	10000	61	0.139372	0.00172174	0.0653262	0.00132545
1124584	10000	62	0.0827953	0.000942479	0.0509362	0.00205707
1124584	10000	63	0.0927085	0.00126182	0.0597994	0.00175599
1124584	10000	64	0.169169	0.00111776	0.0676126	0.00172504
1124584	10000	65	0.161907	0.00164338	0.073289	0.00210684
1124584	10000	66	0.102138	0.0020123	0.0650522	0.00338624
1124584	10000	67	0.116201	0.00126022	0.105208	0.00337283
1124584	10000	68	0.101356	0.00219457	0.0527454	0.00197091
1124584	10000	69	0.177469	0.00208053	0.0587899	0.00214414
1124584	10000	70	0.173832	0.0028756	0.0743232	0.00343781
1124584	10000	71	0.12959	0.00269895	0.0623707	0.00405598
1124584	10000	72	0.152604	0.00394848	0.0446524	0.00274484
1124584	10000	73	0.114769	0.0023656	0.0830908	0.00310782
1124584	10000	74	0.109796	0.00215304	0.0391881	0.00149492
1124584	10000	75	0.172556	0.0133381	0.0595238	0.0233333
1124584	10000	76	0.0751077	0.00314736	0.0570781	0.00169739
1124584	10000	77	0.177917	0.00223157	0.165347	0.00534147
1124584	10000	78	0.158998	0.00136233	0.0506111	0.000804869
1124584	10000	79	0.139961	0.00169122	0.0778866	0.00191135
1124584	10000	80	0.129276	0.00178748	0.072802	0.00143545
1124584	10000	81	0.11979	0.00181283	0.0608949	0.00242608
1124584	10000	82	0.186651	0.00260936	0.0592502	0.00189346
1124584	10000	83	0.0606538	0.00187585	0.0423503	0.00152566
1124584	10000	84	0.170907	0.00175428	0.0559938	0.00129069
1124584	10000	85	0.111672	0.0009926	0.0540771	0.00147988
1124584	10000	86	0.106452	0.00331319	0.109978	0.00358737
1124584	10000	87	0.106735	0.00392581	0.0635725	0.00267977
1124584	10000	88	0.17868	0.00442544	0.0560505	0.00255823
1124584	10000	89	0.114722	0.00538015	0.0469214	0.0036458
1124584	10000	90	0.153342	0.00207774	0.0749216	0.00160106
1124584	10000	91	0.266241	0.00197608	0.0841377	0.0024395
1124584	10000	92	0.119238	0.00202779	0.0819435	0.00289578
1124584	10000	93	0.20338	0.00360904	0.0441942	0.00234132
1124584	10000	94	0.153374	0.00177919	0.0481634	0.00145565
1124584	10000	95	0.154517	0.00171874	0.0485305	0.00187917
1124584	10000	96	0.154597	0.00182446	0.174384	0.00393925
1124584	10000	97	0.16036	0.0021583	0.184767	0.0053602
1124584	10000	98	0.164234	0.000849475	0.219735	0.00497068
1124584	10000	99	0.179239	0.00173706	0.166322	0.00417818
1124584	10000	100	0.174315	0.00238616	0.141867	0.00567571
1124584	10000	101	0.15745	0.0011323	0.0881828	0.0028317
1124584	10000	102	0.230715	0.00221797	0.100801	0.00476039
1124584	10000	103	0.172956	0.00132263	0.13073	0.00344497
1124584	10000	104	0.201004	0.00151423	0.0676027	0.00165003
1124584	10000	105	0.156398	0.0019195	0.117413	0.00277795
1124584	10000	106	0.149589	0.00155482	0.100767	0.00259915
1124584	10000	107	0.189803	0.00195802	0.43868	0.00812147
1124584	10000	108	0.143932	0.00349228	0.167557	0.00580228
1124584	10000	109	0.147942	0.0052122	0.045246	0.00292828
1124584	10000	110	0.176707	0.00142289	0.099406	0.00267844
1124584	10000	111	0.171603	0.00221162	0.109632	0.00300484
1124584	10000	112	0.180532	0.00142954	0.201313	0.00423473
1124584	10000	113	0.205173	0.00241352	0.0724351	0.00291596
1124584	10000	114	0.153305	0.00197542	0.225311	0.00526752
1124584	10000	115	0.180003	0.00206266	0.0726138	0.00182637
1124584	10000	116	0.177098	0.00381013	0.0957997	0.0049801
1124584	10000	117	0.240037	0.00317454	0.0524918	0.00156645
1124584	10000	118	0.11217	0.00302428	0.0609857	0.00278751
1124584	10000	119	0.198678	0.00223686	0.0928808	0.00297175
1124584	10000	120	0.205317	0.00277913	0.0640402	0.00295256
1124584	10000	121	0.195696	0.00231968	0.199138	0.00388241
1124584	10000	122	0.0337523	0.00296555	0.044967	0.00747759
1124584	10000	123	0.131712	0.00247406	0.0503926	0.00120615
1124584	10000	124	0.171592	0.00258909	0.132886	0.00288175
1124584	10000	125	0.178932	0.00161677	0.0950765	0.00219697
1124584	10000	126	0.156108	0.00174195	0.0575171	0.00107489
1124584	10000	127	0.218226	0.00307866	0.0917046	0.00340627
1124584	10000	128	0.176769	0.00205659	0.0739842	0.00218136
1124584	10000	129	0.153258	0.00182424	0.0561739	0.00103746
1124584	10000	130	0.159266	0.00199082	0.116598	0.00384643
1124584	10000	131	0.136783	0.00207823	0.0646985	0.00179888
1124584	10000	132	0.179537	0.00298888	0.124192	0.00714493
1124584	10000	133	0.157252	0.00231567	0.121661	0.00259382
1124584	10000	134	0.151564	0.00265666	0.173663	0.00407604
1124584	10000	135	0.183425	0.00250715	0.0936758	0.00282294
1124584	10000	136	0.15531	0.00277639	0.0814975	0.00241996
1124584	10000	137	0.140463	0.00125451	0.0988571	0.00164246
1124584	10000	138	0.189042	0.0015107	0.0682643	0.00224932
1124584	10000	139	0.230796	0.00465984	0.0834165	0.00542409
1124584	10000	140	0.228949	0.00283797	0.093786	0.00481251
1124584	10000	141	0.176887	0.0042195	0.0700537	0.00186331
1124584	10000	142	0.221197	0.00237454	0.122162	0.00356686
1124584	10000	143	0.125987	0.00365829	0.292561	0.00841937
1124584	10000	144	0.139451	0.00203539	0.0491214	0.00186677
1124584	10000	145	0.145177	0.00238416	0.0739204	0.002198
1124584	10000	146	0.103532	0.00335652	0.0417157	0.00241678
1124584	10000	147	0.0884774	0.0194142	0.0403608	0.00291405
1124584	10000	148	0.137039	0.00308002	0.0556312	0.00160518
1124584	10000	149	0.213622	0.0036381	0.0510294	0.00154146
1124584	10000	150	0.16143	0.00171488	0.0845959	0.00158099
1124584	10000	151	0.216174	0.00284891	0.257165	0.00527418
1124584	10000	152	0.187344	0.00348994	0.118016	0.00408618
1124584	10000	153	0.167423	0.00317446	0.0960811	0.00373581
1124584	10000	154	0.265285	0.00357295	0.0742816	0.00393814
1124584	10000	155	0.162737	0.00275072	0.170272	0.00418668
1124584	10000	156	0.19718	0.00328938	0.07557	0.00155107
1124584	10000	157	0.252491	0.00327799	0.0650369	0.00327211
1124584	10000	158	0.190901	0.00410695	0.0479215	0.000854211
1124584	10000	159	0.17751	0.00266219	0.0809019	0.00271045
1124584	10000	160	0.163029	0.00220792	0.167921	0.004676
1124584	10000	161	0.16215	0.00286894	0.0591053	0.00165709
1124584	10000	162	0.240593	0.00238135	0.0977585	0.00438341
1124584	10000	163	0.136686	0.00172341	0.080267	0.0022133
1124584	10000	164	0.173612	0.00199455	0.118686	0.0020132
1124584	10000	165	0.246028	0.00445736	0.0853083	0.00414494
1124584	10000	166	0.187137	0.00182463	0.64816	0.00344242
1124584	10000	167	0.176382	0.00215971	0.114312	0.00282437
1124584	10000	168	0.172499	0.00102805	0.0597878	0.00165356
1124584	10000	169	0.161744	0.00218192	0.0868116	0.00205098
1124584	10000	170	0.221947	0.0022434	0.0706765	0.00201256
1124584	10000	171	0.185142	0.00175629	0.066882	0.00254705
1124584	10000	172	0.24521	0.00227204	0.06195	0.00148923
1124584	10000	173	0.13883	0.000993444	0.0792914	0.00209747
1124584	10000	174	0.125857	0.00172931	0.0641599	0.00266681
1124584	10000	175	0.177273	0.00147334	0.0686492	0.00140218
1124584	10000	176	0.117831	0.00192338	0.0927318	0.00404982
1124584	10000	177	0.148458	0.00295819	0.150923	0.00605529
1124584	10000	178	0.163068	0.00122551	0.0876755	0.00280631
1124584	10000	179	0.134399	0.00172366	0.0650451	0.00209013
1124584	10000	180	0.163797	0.000820586	0.06529	0.00095084
1124584	10000	181	0.0674603	0.0151052	0.047205	0.00396149
1124584	10000	182	0.139977	0.00133549	0.115096	0.00292203
1124584	10000	183	0.148002	0.0010567	0.0590499	0.00131536
1124584	10000	184	0.117502	0.00190135	0.0795877	0.00197192
1124584	10000	185	0.142295	0.00133282	0.0628379	0.00172682
1124584	10000	186	0.171143	0.00167801	0.108228	0.00198976
1124584	10000	187	0.146992	0.00197838	0.166273	0.0054744
1124584	10000	188	0.136047	0.00169696	0.0703146	0.00234275
1124584	10000	189	0.154518	0.00159266	0.068238	0.00178445
1124584	10000	190	0.12768	0.00156095	0.0661437	0.00215881
1124584	10000	191	0.14211	0.00164744	0.0822175	0.00325937
1124584	10000	192	0.132881	0.00154348	0.116498	0.00257533
1124584	10000	193	0.200399	0.00171234	0.0554913	0.00280183
1124584	10000	194	0.194874	0.00296956	0.208246	0.00553891
1124584	10000	195	0.166654	0.00171158	0.068606	0.00210539
1124584	10000	196	0.157558	0.00261794	0.094603	0.00309856
1124584	10000	197	0.0920297	0.00231672	0.061833	0.00191486
1124584	10000	198	0.175802	0.00279175	0.0567936	0.00285031
1124584	10000	199	0.132193	0.00224864	0.0792461	0.00452853
1124584	10000	200	0.114938	0.00192481	0.047432	0.00187788
1124584	10000	201	0.237698	0.00244937	0.0682146	0.00190618
1124584	10000	202	0.179102	0.00252828	0.107051	0.00282491
1124584	10000	203	0.21043	0.00280144	0.0652233	0.00183808
1124584	10000	204	0.155089	0.00247417	0.085519	0.00318075
1124584	10000	205	0.181157	0.00228218	0.131326	0.00488794
1124584	10000	206	0.31112	0.0053909	0.838356	0.00280644
1124584	10000	207	0.132323	0.00357945	0.0614462	0.00443179
1124584	10000	208	0.120531	0.00195319	0.064546	0.00239718
1124584	10000	209	0.172789	0.00489301	0.072024	0.00309677
1124584	10000	210	0.127926	0.0040236	0.070731	0.00220025
1124584	10000	211	0.139798	0.00359369	0.0616452	0.00290199
1124584	10000	212	0.218086	0.00416587	0.0667331	0.00368751
1124584	10000	213	0.159089	0.00372155	0.0839306	0.00313866
1124584	10000	214	0.294934	0.004513	0.0647898	0.00352472
1124584	10000	215	0.271411	0.00522604	0.0905607	0.00349042
1124584	10000	216	0.222756	0.00291389	0.235306	0.0074271
1124584	10000	217	0.132639	0.0046198	0.0582203	0.00267271
1124584	10000	218	0.154585	0.00479441	0.15264	0.00593558
1124584	10000	219	0.196771	0.00451626	0.0786099	0.00396201
1124584	10000	220	0.208878	0.00376286	0.0968914	0.00469208
1124584	10000	221	0.151234	0.00218653	0.0953972	0.00295634
1124584	10000	222	0.298047	0.00676643	0.107523	0.00448552
1124584	10000	223	0.17355	0.00505368	0.0534553	0.00515386
1124584	10000	224	0.201416	0.00354652	0.0910881	0.00298028
1124584	10000	225	0.214441	0.00494584	0.168146	0.00767935
1124584	10000	226	0.2097	0.00631921	0.256747	0.00967201
1124584	10000	227	0.20396	0.00446927	0.537845	0.00596275
1124584	10000	228	0.458333	0.143486	0.711455	0.0035105
1124584	10000	229	0.183631	0.00443865	0.118355	0.00572043
1124584	10000	230	0.229091	0.0019627	0.0644599	0.00192108
1124584	10000	231	0.234196	0.00287157	0.141839	0.0037943
1124584	10000	232	0.231426	0.00511281	0.476893	0.00815643
1124584	10000	233	0.240399	0.00492001	0.734564	0.00314172
1124584	10000	234	0.239264	0.00292205	0.0762168	0.00207306
1124584	10000	235	0.215164	0.00359568	0.0616263	0.00241193
1124584	10000	236	0.303127	0.0022665	0.0664169	0.00232374
1124584	10000	237	0.229213	0.00280341	0.254032	0.00819777
1124584	10000	238	0.273565	0.00471664	0.224146	0.00843903
1124584	10000	239	0.242527	0.00931425	0.73256	0.0041661
1124584	10000	240	0.259801	0.00326649	0.730367	0.0027961
1124584	10000	241	0.258288	0.00494644	0.089477	0.00386548
1124584	10000	242	0.199131	0.00368528	0.114064	0.0040151
1124584	10000	243	0.202217	0.00424792	0.593146	0.00413795
1124584	10000	244	0.181404	0.00378185	0.391289	0.00416524
1124584	10000	245	0.1849	0.00426504	0.0586472	0.00340882
1124584	10000	246	0.217049	0.00394669	0.117974	0.00321966
1124584	10000	247	0.132004	0.00369285	0.0683594	0.00323081
1124584	10000	248	0.204004	0.00408478	0.0704039	0.00333651
1124584	10000	249	0.255745	0.00308899	0.0529354	0.00252899
1124584	10000	250	0.168661	0.00783326	0.05283	0.00366132
1124584	10000	251	0.292305	0.00515982	0.0335804	0.00386837
1124584	10000	252	0.352259	0.00561714	0.0490398	0.00293487
1124584	10000	253	0.288318	0.00468976	0.0816773	0.00602492
1124584	10000	254	0.0903476	0.00284655	0.0403302	0.00216464
1124584	10000	255	0.241624	0.00644155	0.628601	0.00454817
1124584	10000	256	0.253185	0.00249814	0.0722771	0.00241546
1124584	10000	257	0.268375	0.00230588	0.09801	0.00431568
1124584	10000	258	0.270951	0.0052638	0.417708	0.0124608
1124584	10000	259	0.260064	0.00284946	0.655084	0.00279514
1124584	10000	260	0.24314	0.00342182	0.376629	0.0059677
1124584	10000	261	0.241949	0.00242045	0.387663	0.00787305
1124584	10000	262	0.225011	0.00297237	0.225262	0.00769835
1124584	10000	263	0.193749	0.00242437	0.186774	0.00558153
1124584	10000	264	0.221595	0.00232232	0.438533	0.0110307
1124584	10000	265	0.21	0.00279316	0.122174	0.00355587
1124584	10000	266	0.189427	0.00245933	0.0763941	0.00217127
1124584	10000	267	0.188388	0.00450841	0.0992305	0.00473314
1124584	10000	268	0.171647	0.0038631	0.0636138	0.0030917
1124584	10000	269	0.230966	0.00467664	0.0989111	0.0054527
1124584	10000	270	0.231307	0.00427894	0.599199	0.00478593
1124584	10000	271	0.22589	0.00286003	0.160911	0.00609231
1124584	10000	272	0.232877	0.00306243	0.0733215	0.00267126
1124584	10000	273	0.207966	0.00185284	0.0925245	0.00233868
1124584	10000	274	0.328056	0.00457997	0.0604038	0.0033776
1124584	10000	275	0.198608	0.00167355	0.0647166	0.00168416
1124584	10000	276	0.170183	0.00284388	0.0522059	0.00247731
1124584	10000	277	0.0833333	0.112955	0.10752	0.00216322
1124584	10000	278	0.207269	0.0025019	0.0585445	0.00184179
1124584	10000	279	0.210127	0.00398021	0.0881101	0.00228596
1124584	10000	280	0.18091	0.00399349	0.097762	0.00170085
1124584	10000	281	0.14278	0.00196837	0.079022	0.00175206
1124584	10000	282	0.207577	0.00164608	0.075938	0.00182782
1124584	10000	283	0.184237	0.00802419	0.0663871	0.00133369
1124584	10000	284	0.191918	0.00178766	0.0745071	0.00283767
1124584	10000	285	0.148978	0.00820091	0.0496237	0.000537399
1124584	10000	286	0.199944	0.00265767	0.0663212	0.00151948
1124584	10000	287	0.149897	0.00292263	0.0592689	0.00120297
1124584	10000	288	0.158914	0.00386858	0.058099	0.00178932
1124584	10000	289	0	0	0.0277778	0.0376518
1124584	10000	290	0.121211	0.00176447	0.0537997	0.00121767
1124584	10000	291	0.121926	0.000985423	0.0712735	0.000848439
1124584	10000	292	0.131363	0.00124094	0.0625921	0.0018335
1124584	10000	293	0.176613	0.00151642	0.0597853	0.00176851
1124584	10000	294	0.123053	0.00126363	0.351671	0.00427298
1124584	10000	295	0.124129	0.000913833	0.0826085	0.00205138
1124584	10000	296	0.181014	0.00200759	0.0587924	0.00215731
1124584	10000	297	0.137944	0.00200045	0.0514454	0.00208967
1124584	10000	298	0.174375	0.00119917	0.190408	0.00344518
1124584	10000	299	0.132094	0.00154663	0.0725435	0.00151571
1124584	10000	300	0.156618	0.00161505	0.0677304	0.00168778
1124584	10000	301	0.13236	0.00198501	0.0861969	0.00291814
1124584	10000	302	0.120338	0.00175914	0.0585016	0.00149273
1124584	10000	303	0.169975	0.00143455	0.163538	0.00316945
1124584	10000	304	0.188972	0.00214676	0.0631775	0.0013693
1124584	10000	305	0.157148	0.0114048	0.0601007	0.00106663
1124584	10000	306	0.206667	0.0162527	0.0781134	0.00188026
1124584	10000	307	0.15625	0.0136018	0.0572296	0.001663
1124584	10000	308	0.171804	0.00300504	0.120097	0.00200888
1124584	10000	309	0.136424	0.00268468	0.0617097	0.00118336
1124584	10000	310	0.0941011	0.0155051	0.0582176	0.00217874
1124584	10000	311	0.187013	0.00185013	0.0880724	0.00249021
1124584	10000	312	0.175189	0.0215307	0.0599285	0.00432717
1124584	10000	313	0.161891	0.013774	0.077378	0.00136243
1124584	10000	314	0.174228	0.00448351	0.154509	0.00866027
1124584	10000	315	0.138106	0.00161247	0.0854821	0.0028565
1124584	10000	316	0.162193	0.00326533	0.162817	0.0066017
1124584	10000	317	0.197939	0.00253614	0.0961433	0.00335297
1124584	10000	318	0.2068	0.00295471	0.0892169	0.00353351
1124584	10000	319	0.216427	0.00265287	0.0912623	0.00186952
1124584	10000	320	0.223836	0.00609892	0.379834	0.00863202
1124584	10000	321	0.272127	0.00515421	0.455001	0.00905757
1124584	10000	322	0.208333	0.165975	0.0642998	0.00213792
1124584	10000	323	0.220697	0.0028392	0.144132	0.00439149
1124584	10000	324	0.272751	0.00283857	0.682032	0.00445484
1124584	10000	325	0.230062	0.00757766	0.199484	0.00821042
1124584	10000	326	0.239839	0.0030417	0.25945	0.00843605
1124584	10000	327	0.233146	0.00287825	0.141017	0.00516185
1124584	10000	328	0.176507	0.00433065	0.0773428	0.00322199
1124584	10000	329	0.216354	0.00560876	0.653917	0.00501248
1124584	10000	330	0.266183	0.00585068	0.153028	0.0059591
1124584	10000	331	0.287411	0.00469044	0.104242	0.00453079
1124584	10000	332	0.285054	0.00308301	0.762159	0.00217022
1124584	10000	333	0.237911	0.00251217	0.317219	0.00887348
1124584	10000	334	0.197539	0.00274563	0.0713208	0.00306208
1124584	10000	335	0.247685	0.0171151	0.077918	0.00255227
1124584	10000	336	0.176829	0.00538432	0.083136	0.00517081
1124584	10000	337	0.144911	0.00228403	0.070539	0.0024553
1124584	10000	338	0.19837	0.00256286	0.146234	0.00449751
1124584	10000	339	0.234934	0.00224123	0.0834036	0.00357418
1124584	10000	340	0.168227	0.00436888	0.0749677	0.00230547
1124584	10000	341	0.149444	0.00958997	0.144109	0.00339889
1124584	10000	342	0.150885	0.00274474	0.094088	0.00258107
1124584	10000	343	0.158333	0.0246895	0.0727409	0.00269321
1124584	10000	344	0.129103	0.00378452	0.0771088	0.00281298
1124584	10000	345	0.208491	0.00995745	0.0654428	0.00220731
1124584	10000	346	0.325758	0.0586632	0.0993335	0.00358327
1124584	10000	347	0.142308	0.0151405	0.0646532	0.00228254
1124584	10000	348	0.150106	0.00640376	0.0670937	0.00202712
1124584	10000	349	0.165119	0.00531896	0.0589069	0.00151787
1124584	10000	350	0.186349	0.00239066	0.125562	0.00326652
1124584	10000	351	0.157106	0.00143446	0.0694465	0.0015945
1124584	10000	352	0.200334	0.00190644	0.0622503	0.00181716
1124584	10000	353	0.160985	0.0105374	0.0733406	0.0017986
1124584	10000	354	0.18523	0.00401778	0.0585199	0.00479001
1124584	10000	355	0.321283	0.00558816	0.0534807	0.00369412
1124584	10000	356	0.174578	0.002614	0.125879	0.00400192
1124584	10000	357	0.176397	0.00299518	0.424961	0.00814293
1124584	10000	358	0.174716	0.00268667	0.166465	0.0075631
1124584	10000	359	0.17345	0.00313459	0.0976483	0.00237241
1124584	10000	360	0.157847	0.00152884	0.0849678	0.00206381
1124584	10000	361	0.5848	0.00715055	0.0728291	0.0112019
1124584	10000	362	0.163022	0.00344784	0.127474	0.0025814
1124584	10000	363	0.151989	0.0141128	0.0640271	0.00148836
1124584	10000	364	0.16893	0.00171254	0.0924599	0.00193062
1124584	10000	365	0.133991	0.00371273	0.0716494	0.00298716
1124584	10000	366	0.182826	0.00140915	0.0779328	0.00105958
1124584	10000	367	0.157065	0.00131301	0.0972138	0.00179687
1124584	10000	368	0.156764	0.00183967	0.072635	0.00186241
1124584	10000	369	0.151796	0.0056788	0.0577689	0.00202113
1124584	10000	370	0.361413	0.00838823	0.0565476	0.00371862
1124584	10000	371	0.134813	0.00110033	0.0572459	0.00154937
1124584	10000	372	0.143335	0.00595322	0.168242	0.00779331
1124584	10000	373	0.216813	0.00167114	0.0714872	0.00154906
1124584	10000	374	0.110794	0.00260059	0.0591367	0.00297876
1124584	10000	375	0.151993	0.00232996	0.0616619	0.00183014
1124584	10000	376	0.120154	0.00259842	0.0908814	0.00319276
1124584	10000	377	0.190468	0.00232804	0.111088	0.00452598
1124584	10000	378	0.108811	0.00138724	0.0420694	0.00120328
1124584	10000	379	0.141513	0.00377762	0.0759864	0.00165838
1124584	10000	380	0.146681	0.00253555	0.0511381	0.00279832
1124584	10000	381	0.188798	0.001335	0.0623864	0.00136755
1124584	10000	382	0.0571499	0.00273131	0.0314667	0.00245266
1124584	10000	383	0.101104	0.00269491	0.0445958	0.00210035
1124584	10000	384	0.16878	0.00189037	0.101891	0.00254175
1124584	10000	385	0.264814	0.00359158	0.54478	0.0063841
1124584	10000	386	0.304124	0.00184342	0.655906	0.00286218
1124584	10000	387	0.303069	0.00163912	0.328637	0.00699436
1124584	10000	388	0.296843	0.00406973	0.442336	0.00968468
1124584	10000	389	0.215942	0.00158762	0.128814	0.00203955
1124584	10000	390	0.308658	0.00215334	0.109336	0.00233098
1124584	10000	391	0.316213	0.00159143	0.212911	0.0052748
1124584	10000	392	0.312179	0.0346992	0.07737	0.00197206
1124584	10000	393	0.258687	0.00169942	0.289048	0.00543148
1124584	10000	394	0.189859	0.00303677	0.295338	0.0099584
1124584	10000	395	0.21515	0.00327611	0.0791702	0.00190257
1124584	10000	396	0.206513	0.00217442	0.0802054	0.00200704
1124584	10000	397	0.244743	0.00256783	0.0968782	0.00240183
1124584	10000	398	0.204717	0.00226758	0.169376	0.00470931
1124584	10000	399	0.232413	0.00186798	0.130029	0.00271125
1124584	10000	400	0.151451	0.00298661	0.0561606	0.00265473
1124584	10000	401	0.179544	0.00251543	0.0706426	0.00161466
1124584	10000	402	0.147291	0.00194001	0.0736984	0.00213023
1124584	10000	403	0.131329	0.00273869	0.0977843	0.00317724
1124584	10000	404	0.160272	0.00208462	0.0525811	0.00186998
1124584	10000	405	0.210238	0.00296241	0.062619	0.00264977
1124584	10000	406	0.264222	0.00253621	0.0500911	0.00297381
1124584	10000	407	0.210721	0.00326165	0.0606403	0.00312542
1124584	10000	408	0.204826	0.00202411	0.0713233	0.00202493
1124584	10000	409	0.191244	0.00345313	0.106798	0.00279038
1124584	10000	410	0.167456	0.00263538	0.0725896	0.0024864
1124584	10000	411	0.171668	0.00235083	0.0759398	0.0026076
1124584	10000	412	0.146456	0.00220053	0.101576	0.00368121
1124584	10000	413	0.232527	0.00316939	0.0710718	0.00261311
1124584	10000	414	0.170247	0.00175387	0.0932918	0.00444393
1124584	10000	415	0.196193	0.00226185	0.17751	0.00561515
1124584	10000	416	0.168527	0.00449264	0.0890877	0.00348899
1124584	10000	417	0.163854	0.00432559	0.0776107	0.00327332
1124584	10000	418	0.190801	0.00439263	0.259964	0.00820635
1124584	10000	419	0.178626	0.00529061	0.117635	0.0040952
1124584	10000	420	0.164812	0.00332691	0.145489	0.00394427
1124584	10000	421	0.192245	0.00617285	0.129898	0.00901518
1124584	10000	422	0.216436	0.00191137	0.133289	0.0038615
1124584	10000	423	0.218704	0.00170898	0.101471	0.00243609
1124584	10000	424	0.310417	0.00588923	0.0792279	0.0040818
1124584	10000	425	0.225388	0.00262073	0.465663	0.00755677
1124584	10000	426	0.243367	0.00254115	0.195965	0.00756625
1124584	10000	427	0.154321	0.0117089	0.0680731	0.00379439
1124584	10000	428	0.211016	0.0022985	0.139185	0.00469334
1124584	10000	429	0.174815	0.0109946	0.383443	0.00481128
1124584	10000	430	0.251739	0.00430387	0.807598	0.00259509
1124584	10000	431	0.210191	0.00579672	0.758574	0.00316379
1124584	10000	432	0.219456	0.0039118	0.466303	0.00570129
1124584	10000	433	0.289855	0.0311663	0.47791	0.00843768
1124584	10000	434	0.272032	0.00583535	0.631232	0.00537853
1124584	10000	435	0.228872	0.00428366	0.200259	0.00576499
1124584	10000	436	0.275291	0.00296683	0.0847467	0.00321453
1124584	10000	437	0.220085	0.00451139	0.491034	0.0097498
1124584	10000	438	0.232621	0.00295464	0.134233	0.00438573
1124584	10000	439	0.163242	0.00293598	0.397166	0.00649758
1124584	10000	440	0.243411	0.00411334	0.05532	0.00370413
1124584	10000	441	0.245652	0.00369626	0.162751	0.00577656
1124584	10000	442	0.239689	0.00379273	0.26123	0.0101321
1124584	10000	443	0.184876	0.00600368	0.0933489	0.0048775
1124584	10000	444	0.2429	0.00382224	0.197481	0.00815065
1124584	10000	445	0.209221	0.00414537	0.0791605	0.00372861
1124584	10000	446	0.282573	0.00382262	0.0801895	0.00399156
1124584	10000	447	0.182988	0.00416554	0.233352	0.0104944
1124584	10000	448	0.163477	0.00180165	0.0555099	0.00243758
1124584	10000	449	0.215481	0.00511222	0.145863	0.00833582
1124584	10000	450	0.22354	0.00370495	0.0710925	0.00348428
1124584	10000	451	0.236529	0.00503198	0.163425	0.00522798
1124584	10000	452	0.234025	0.00892896	0.0748093	0.00283296
1124584	10000	453	0.237797	0.00389841	0.188827	0.00586066
1124584	10000	454	0.166667	0.0317057	0.0651802	0.00286234
1124584	10000	455	0.23348	0.00392145	0.0497795	0.00228386
1124584	10000	456	0.221697	0.00362354	0.130367	0.00765462
1124584	10000	457	0.300091	0.00574594	0.0866622	0.00620695
1124584	10000	458	0.208268	0.00920234	0.0476908	0.00649112
1124584	10000	459	0.0913517	0.00550631	0.0679045	0.00355755
1124584	10000	460	0.238162	0.00318743	0.132183	0.00800798
1124584	10000	461	0.13123	0.00307066	0.0621192	0.00422322
1124584	10000	462	0.176491	0.00318001	0.0774642	0.00292383
1124584	10000	463	0.219961	0.00978504	0.293181	0.0218399
1124584	10000	464	0.15985	0.0023122	0.0750492	0.00358844
1124584	10000	465	0.293496	0.0115828	0.0994318	0.0113868
1124584	10000	466	0.241261	0.00376741	0.0595092	0.00405065
1124584	10000	467	0.132547	0.0112743	0.055	0.00418286
1124584	10000	468	0.178517	0.00429268	0.0643853	0.00377121
1124584	10000	469	0.159722	0.0666201	0.0477517	0.0034612
1124584	10000	470	0.277478	0.00384538	0.0707848	0.00353213
1124584	10000	471	0.21181	0.00789355	0.500572	0.0162004
1124584	10000	472	0.278112	0.00519936	0.0734519	0.00556007
1124584	10000	473	0.21126	0.00399469	0.205208	0.00557343
1124584	10000	474	0.235823	0.00146572	0.172554	0.00389964
1124584	10000	475	0.220166	0.00282982	0.517071	0.00448762
1124584	10000	476	0.196477	0.00183758	0.154078	0.00323973
1124584	10000	477	0.127839	0.00247333	0.0913881	0.00408507
1124584	10000	478	0.168934	0.00416609	0.166589	0.00811179
1124584	10000	479	0.206243	0.00965178	0.195793	0.0126122
1124584	10000	480	0.114922	0.00166986	0.066555	0.00224776
1124584	10000	481	0.192851	0.00196404	0.0857252	0.0030234
1124584	10000	482	0.217801	0.00404227	0.127467	0.00651952
1124584	10000	483	0.156198	0.0018151	0.102821	0.00242487
1124584	10000	484	0.267635	0.00412132	0.0694444	0.0041268
1124584	10000	485	0.164241	0.00303715	0.0892595	0.00309988
1124584	10000	486	0.185257	0.00318043	0.0840266	0.00373065
1124584	10000	487	0.171605	0.00265368	0.129312	0.00284156
1124584	10000	488	0.149382	0.00377226	0.190245	0.00876674
1124584	10000	489	0.218491	0.00355755	0.407834	0.0106644
1124584	10000	490	0.162927	0.0026671	0.144638	0.00607839
1124584	10000	491	0.158261	0.00124397	0.095912	0.00218376
1124584	10000	492	0.279903	0.0041693	0.0925116	0.00411574
1124584	10000	493	0.187066	0.00190829	0.0703391	0.00134867
1124584	10000	494	0.207468	0.00159505	0.0858878	0.00175816
1124584	10000	495	0.274141	0.00316499	0.097488	0.00269124
1124584	10000	496	0.218893	0.00295209	0.262524	0.00438953
1124584	10000	497	0.245438	0.00228241	0.255885	0.00461028
1124584	10000	498	0.217535	0.0041	0.57444	0.00533068
1124584	10000	499	0.199071	0.00202215	0.133665	0.00339147
1124584	10000	500	0.293397	0.00218507	0.10369	0.00301108
1124584	10000	501	0.215783	0.00180949	0.112761	0.00244476
1124584	10000	502	0.378049	0.00207361	0.609618	0.00384297
1124584	10000	503	0.306962	0.00185194	0.281575	0.00469884
1124584	10000	504	0.295724	0.00147193	0.638253	0.0024404
1124584	10000	505	0.2305	0.00120607	0.140377	0.0017348
1124584	10000	506	0.221389	0.00181623	0.16945	0.00551089
1124584	10000	507	0.21742	0.00246685	0.417567	0.00693698
1124584	10000	508	0.326473	0.00413107	0.0908965	0.00265124
1124584	10000	509	0.172824	0.00195849	0.088241	0.00127665
1124584	10000	510	0.190345	0.00182566	0.0749439	0.00262918
1124584	10000	511	0.184725	0.0019981	0.0699013	0.00189359
1124584	10000	512	0.177174	0.00170521	0.118763	0.00286263
1124584	10000	513	0.180918	0.00232942	0.117809	0.00404722
1124584	10000	514	0.153445	0.00176763	0.0693795	0.00211227
1124584	10000	515	0.16273	0.00332473	0.149483	0.00444863
1124584	10000	516	0.18122	0.00239341	0.197165	0.00501373
1124584	10000	517	0.19272	0.000907474	0.078662	0.00167164
1124584	10000	518	0.175743	0.00325344	0.0550505	0.00310656
1124584	10000	519	0.216925	0.00152408	0.198057	0.00572037
1124584	10000	520	0.19402	0.00224351	0.279697	0.00624147
1124584	10000	521	0.261014	0.0024517	0.310392	0.00514393
1124584	10000	522	0.175878	0.00297399	0.0961917	0.00589476
1124584	10000	523	0.259534	0.00162006	0.283615	0.00510555
1124584	10000	524	0.329131	0.00149338	0.209007	0.00257185
1124584	10000	525	0.318242	0.00225594	0.144926	0.00494325
1124584	10000	526	0.256427	0.00156882	0.276055	0.00331667
1124584	10000	527	0.245017	0.00157021	0.27881	0.0043392
1124584	10000	528	0.30088	0.00167625	0.228582	0.0031417
1124584	10000	529	0.340832	0.00148118	0.555102	0.00298884
1124584	10000	530	0.24228	0.00131103	0.10723	0.00125713
1124584	10000	531	0.277045	0.00221296	0.304768	0.00390743
1124584	10000	532	0.130599	0.00358548	0.0714446	0.00183392
1124584	10000	533	0.202397	0.0015511	0.086457	0.00175238
1124584	10000	534	0.248761	0.00211601	0.136955	0.00328492
1124584	10000	535	0.191864	0.00200682	0.0746692	0.00219333
1124584	10000	536	0.201179	0.00138943	0.135621	0.00275619
1124584	10000	537	0.169848	0.00243716	0.109502	0.00362979
1124584	10000	538	0.194627	0.00145574	0.15168	0.00358667
1124584	10000	539	0.133348	0.0020094	0.100432	0.00364203
1124584	10000	540	0.129607	0.000847809	0.113239	0.00181187
1124584	10000	541	0.149039	0.00143571	0.339094	0.00574868
1124584	10000	542	0.111164	0.00110094	0.0944966	0.00349512
1124584	10000	543	0.150134	0.00162643	0.0801371	0.00197951
1124584	10000	544	0.164875	0.00188905	0.0775736	0.002158
1124584	10000	545	0.173615	0.00164719	0.0755345	0.0029183
1124584	10000	546	0.141137	0.0014422	0.135905	0.0028899
1124584	10000	547	0.143781	0.00158938	0.0563414	0.00220671
1124584	10000	548	0.137399	0.00664558	0.0528083	0.00202885
1124584	10000	549	0.233461	0.00305237	0.183351	0.00930869
1124584	10000	550	0.181538	0.00798236	0.0490367	0.00421166
1124584	10000	551	0.14195	0.00304738	0.0663217	0.00329784
1124584	10000	552	0.228517	0.00487956	0.0566584	0.00240258
1124584	10000	553	0.122751	0.00224066	0.0772429	0.00283804
1124584	10000	554	0.208715	0.00341222	0.0858678	0.00373172
1124584	10000	555	0.160385	0.00206307	0.0663527	0.0020834
1124584	10000	556	0.201539	0.00348976	0.0644115	0.00286059
1124584	10000	557	0.219942	0.00483842	0.560602	0.0073196
1124584	10000	558	0.291361	0.00439371	0.109444	0.00535326
1124584	10000	559	0.186306	0.00312946	0.354679	0.00700668
1124584	10000	560	0.209414	0.0021416	0.0467762	0.00254057
1124584	10000	561	0.207175	0.00190783	0.2833	0.00649672
1124584	10000	562	0.227308	0.00262967	0.163259	0.00626112
1124584	10000	563	0.201896	0.00167021	0.082456	0.00351033
1124584	10000	564	0.235972	0.00244037	0.418964	0.0057688
1124584	10000	565	0.218177	0.00665896	0.222993	0.0122102
1124584	10000	566	0.186981	0.00307871	0.120697	0.00377134
1124584	10000	567	0.211149	0.00347635	0.141483	0.00486179
1124584	10000	568	0.224674	0.00304991	0.171063	0.00490077
1124584	10000	569	0.218897	0.00151059	0.0601186	0.00196876
1124584	10000	570	0.442595	0.00364456	0.0532946	0.0111378
1124584	10000	571	0.155374	0.00186299	0.0690025	0.00176116
1124584	10000	572	0.265389	0.00329795	0.111388	0.00654363
1124584	10000	573	0.218416	0.0028842	0.0758316	0.00223583
1124584	10000	574	0.2036	0.00526189	0.054803	0.00325355
1124584	10000	575	0.202541	0.00417977	0.0682364	0.00221444
1124584	10000	576	0.192201	0.0050107	0.0585923	0.00255267
1124584	10000	577	0.202241	0.00298888	0.178422	0.00583984
1124584	10000	578	0.228214	0.00265935	0.194854	0.00584584
1124584	10000	579	0.198646	0.00247474	0.173631	0.00957623
1124584	10000	580	0.236679	0.00340258	0.113333	0.00347325
1124584	10000	581	0.253319	0.00293086	0.0857154	0.00250879
1124584	10000	582	0.143872	0.0017851	0.0667501	0.00181251
1124584	10000	583	0.13055	0.00242737	0.0692408	0.00244176
1124584	10000	584	0.176497	0.00300134	0.117931	0.00408553
1124584	10000	585	0.190607	0.00209583	0.0707561	0.00192597
1124584	10000	586	0.149802	0.00158988	0.0793701	0.0028303
1124584	10000	587	0.197542	0.00143436	0.0627895	0.00224616
1124584	10000	588	0.169894	0.00226545	0.061643	0.00233315
1124584	10000	589	0.163767	0.00108802	0.0820718	0.00180005
1124584	10000	590	0.141035	0.00339508	0.0462608	0.00190634
1124584	10000	591	0.176534	0.00151661	0.083877	0.00132085
1124584	10000	592	0.124791	0.000838846	0.0810114	0.00174855
1124584	10000	593	0.149536	0.00181711	0.0415251	0.00158027
1124584	10000	594	0.168526	0.00240502	0.050943	0.0024572
1124584	10000	595	0.181183	0.00344677	0.0576632	0.00218822
1124584	10000	596	0.121285	0.00158315	0.0564774	0.0014399
1124584	10000	597	0.240874	0.00162701	0.0791481	0.00172637
1124584	10000	598	0.22542	0.00091448	0.0647197	0.00211466
1124584	10000	599	0.291548	0.00173741	0.136539	0.00419012
1124584	10000	600	0.163337	0.00165002	0.0732006	0.00101816
1124584	10000	601	0.0972222	0.073353	0.0621627	0.00236866
1124584	10000	602	0.165587	0.00163654	0.198383	0.00605636
1124584	10000	603	0.0694444	0.055325	0.0647059	0.00153943
1124584	10000	604	0.180506	0.00212634	0.101686	0.00323483
1124584	10000	605	0.183926	0.0019262	0.117726	0.00250809
1124584	10000	606	0.168901	0.00574057	0.0800837	0.00465137
1124584	10000	607	0.132238	0.00254108	0.089946	0.00267611
1124584	10000	608	0.123837	0.00210507	0.0480133	0.00170332
1124584	10000	609	0.136764	0.00277652	0.0647237	0.00332957
1124584	10000	610	0.197962	0.0018325	0.12329	0.0047616
1124584	10000	611	0.201882	0.00183865	0.0716736	0.00146974
1124584	10000	612	0.113889	0.0347133	0.185534	0.0110332
1124584	10000	613	0.108825	0.00410182	0.123266	0.00608666
1124584	10000	614	0.204763	0.00186102	0.0579057	0.00232653
1124584	10000	615	0.123626	0.00220192	0.0991004	0.00404165
1124584	10000	616	0.104796	0.00394292	0.0512328	0.00204514
1124584	10000	617	0.169404	0.0025966	0.0865491	0.00391351
1124584	10000	618	0.118204	0.00138482	0.0610005	0.00248199
1124584	10000	619	0.166961	0.00155803	0.0498971	0.00159872
1124584	10000	620	0.190208	0.00323795	0.496123	0.00581365
1124584	10000	621	0.219449	0.00178853	0.0598815	0.00189003
1124584	10000	622	0.19771	0.00162812	0.0701705	0.00224422
1124584	10000	623	0.178863	0.00207592	0.106577	0.0035432
1124584	10000	624	0.181826	0.00188246	0.0862112	0.00259551
1124584	10000	625	0.209763	0.00216797	0.213762	0.00471174
1124584	10000	626	0.215627	0.00215837	0.0685977	0.00204466
1124584	10000	627	0.262271	0.00381617	0.192755	0.00596914
1124584	10000	628	0.34504	0.00263258	0.189879	0.0042577
1124584	10000	629	0.440362	0.00162336	0.830296	0.00182324
1124584	10000	630	0.391218	0.00263575	0.517559	0.00553615
1124584	10000	631	0.326762	0.00208252	0.111765	0.00235948
1124584	10000	632	0.152046	0.00195121	0.0950387	0.00345079
1124584	10000	633	0.28401	0.00186601	0.0572592	0.00317895
1124584	10000	634	0.187711	0.00229992	0.250767	0.00650011
1124584	10000	635	0.0633639	0.00416727	0.0810467	0.00834229
1124584	10000	636	0.186086	0.00181143	0.131732	0.00360603
1124584	10000	637	0.340507	0.00296756	0.276128	0.00538336
1124584	10000	638	0.379299	0.00245612	0.306202	0.00650194
1124584	10000	639	0.205278	0.00508412	0.752253	0.00431891
1124584	10000	640	0.280789	0.00162748	0.0924576	0.00198245
1124584	10000	641	0.288397	0.00426407	0.112937	0.00366796
1124584	10000	642	0.19831	0.00183143	0.121234	0.00300318
1124584	10000	643	0.14891	0.00283344	0.223718	0.00910556
1124584	10000	644	0.2742	0.00323724	0.0807796	0.00297268
1124584	10000	645	0.218552	0.00411631	0.0346732	0.00300866
1124584	10000	646	0.17831	0.00176861	0.0803074	0.0019241
1124584	10000	647	0.215089	0.00179969	0.0655604	0.00132992
1124584	10000	648	0.191571	0.00240914	0.107111	0.0029244
1124584	10000	649	0.094391	0.0037074	0.0948961	0.0039381
1124584	10000	650	0.168973	0.00712678	0.0521452	0.00228875
1124584	10000	651	0.125624	0.00184003	0.0935219	0.00309265
1124584	10000	652	0.144069	0.00261287	0.091915	0.00449861
1124584	10000	653	0.199208	0.00203554	0.0762031	0.00244885
1124584	10000	654	0.148578	0.00154279	0.0752947	0.00177717
1124584	10000	655	0.133318	0.00190157	0.0829139	0.00245683
1124584	10000	656	0.205904	0.00243355	0.0625609	0.00270412
1124584	10000	657	0.0950189	0.00175749	0.0695694	0.00253824
1124584	10000	658	0.138988	0.00207961	0.0645777	0.00210558
1124584	10000	659	0.14432	0.00264369	0.0727355	0.00263186
1124584	10000	660	0.164837	0.00345806	0.0530581	0.00195738
1124584	10000	661	0.11462	0.00279417	0.0567991	0.00217316
1124584	10000	662	0.131144	0.00197955	0.0865001	0.00375509
1124584	10000	663	0.124385	0.00542062	0.0518269	0.00389582
1124584	10000	664	0.133706	0.00305729	0.0981311	0.00336796
1124584	10000	665	0.260714	0.00420454	0.0850105	0.00200978
1124584	10000	666	0.259901	0.00233726	0.480182	0.0061311
1124584	10000	667	0.0926219	0.00247572	0.0623598	0.00404723
1124584	10000	668	0.150685	0.00222848	0.0618898	0.00234423
1124584	10000	669	0.118384	0.00264982	0.0548763	0.00179288
1124584	10000	670	0.199467	0.00214311	0.0738927	0.00217539
1124584	10000	671	0.290443	0.0029812	0.440611	0.00827838
1124584	10000	672	0.0324074	0.0131032	0.0390947	0.00881967
1124584	10000	673	0.100721	0.00120773	0.0589505	0.00193353
1124584	10000	674	0.138536	0.00278228	0.0603326	0.00201744
1124584	10000	675	0.107163	0.00162436	0.159809	0.00524013
1124584	10000	676	0.128988	0.00231598	0.0401795	0.00227058
1124584	10000	677	0.157824	0.00317683	0.0390344	0.00320567
1124584	10000	678	0.11399	0.00367309	0.0369292	0.00303676
1124584	10000	679	0.0908272	0.00223131	0.0409449	0.00154152
1124584	10000	680	0.0828583	0.00203761	0.0446478	0.00211682
1124584	10000	681	0.144269	0.00331419	0.0540886	0.00200261
1124584	10000	682	0.160435	0.00276642	0.0757048	0.00251835
1124584	10000	683	0.0870963	0.00222018	0.0872749	0.00471921
1124584	10000	684	0.107648	0.00202183	0.0833128	0.00204477
1124584	10000	685	0.128705	0.00287975	0.101408	0.00413934
1124584	10000	686	0.15058	0.00230782	0.105247	0.00458456
1124584	10000	687	0.22551	0.00387603	0.10536	0.0035598
1124584	10000	688	0.132812	0.0300085	0.0460174	0.00431605
1124584	10000	689	0.17734	0.00203371	0.141027	0.00314054
1124584	10000	690	0.137876	0.00203866	0.100982	0.00254526
1124584	10000	691	0.180846	0.00192875	0.0493413	0.00210411
1124584	10000	692	0.181352	0.0118197	0.018018	0.00233589
1124584	10000	693	0.181388	0.00218595	0.150158	0.00299326
1124584	10000	694	0.153306	0.00149831	0.115295	0.00339378
1124584	10000	695	0.070155	0.002246	0.0511869	0.00375831
1124584	10000	696	0.0616883	0.0147957	0.0544218	0.0101835
1124584	10000	697	0.243853	0.00190741	0.146078	0.00417967
1124584	10000	698	0.179271	0.00250886	0.099511	0.00351935
1124584	10000	699	0.229543	0.00270372	0.694285	0.00577384
1124584	10000	700	0.202031	0.00190014	0.184558	0.0034887
1124584	10000	701	0.26327	0.00196387	0.221575	0.00586651
1124584	10000	702	0.196504	0.00189617	0.0926062	0.00204705
1124584	10000	703	0.167734	0.00465311	0.13511	0.00634624
1124584	10000	704	0.145113	0.00161834	0.0959115	0.00155591
1124584	10000	705	0.123749	0.00804726	0.0416667	0.00764673
1124584	10000	706	0.234093	0.00173574	0.226135	0.0043204
1124584	10000	707	0.182582	0.00195194	0.182984	0.00363133
1124584	10000	708	0.137851	0.00154667	0.0593778	0.00142383
1124584	10000	709	0.2097	0.00252143	0.224697	0.00569354
1124584	10000	710	0.123252	0.00179177	0.092966	0.00220404
1124584	10000	711	0.156153	0.00189034	0.0642555	0.00243561
1124584	10000	712	0.090003	0.00226398	0.056201	0.0031231
1124584	10000	713	0.229727	0.0127805	0.0517423	0.00164854
1124584	10000	714	0.111493	0.00778362	0.0505952	0.00806825
1124584	10000	715	0.190317	0.0037951	0.0511016	0.00273568
1124584	10000	716	0.175214	0.00263617	0.141746	0.00361115
1124584	10000	717	0.0886034	0.00989116	0.0736191	0.00190556
1124584	10000	718	0.05	0.0333693	0.0533973	0.00197806
1124584	10000	719	0.134728	0.00258808	0.038152	0.000799977
1124584	10000	720	0.00583333	0.00357197	0.0290404	0.00431797
1124584	10000	721	0.218027	0.00328814	0.291139	0.00712395
1124584	10000	722	0.159329	0.00170145	0.0968307	0.00180312
1124584	10000	723	0.0978502	0.00319136	0.063543	0.00274777
1124584	10000	724	0.112218	0.00218344	0.12545	0.00352665
1124584	10000	725	0.125941	0.00270622	0.0489	0.00207556
1124584	10000	726	0.112818	0.00369313	0.0564006	0.0019193
1124584	10000	727	0.156563	0.00185418	0.0886259	0.002461
1124584	10000	728	0.144121	0.00205278	0.0813319	0.00213736
1124584	10000	729	0.238148	0.00630745	0.0814928	0.00476181
1124584	10000	730	0.0416667	0.0816667	0.0693546	0.0047379
1124584	10000	731	0.111919	0.0122983	0.0884354	0.00424207
1124584	10000	732	0.271589	0.00592374	0.490229	0.00436395
1124584	10000	733	0.225036	0.00522134	0.577086	0.00422031
1124584	10000	734	0.193787	0.00336017	0.24945	0.00554465
1124584	10000	735	0.185377	0.00279251	0.0663761	0.00239535
1124584	10000	736	0.155287	0.00196774	0.0671124	0.0019499
1124584	10000	737	0.141081	0.00245874	0.0575039	0.00141893
1124584	10000	738	0.18203	0.00329498	0.0627677	0.00197144
1124584	10000	739	0.174603	0.0199946	0.0516983	0.00299644
1124584	10000	740	0.154076	0.00330513	0.0453723	0.00173212
1124584	10000	741	0.175955	0.0023997	0.0885225	0.00297023
1124584	10000	742	0.264538	0.00382968	0.142901	0.00656014
1124584	10000	743	0.116162	0.0199409	0.0347222	0.00320115
1124584	10000	744	0.18366	0.00232091	0.0819002	0.00201891
1124584	10000	745	0.155066	0.00138013	0.0565947	0.0022137
1124584	10000	746	0.137734	0.00163683	0.0585902	0.00164024
1124584	10000	747	0.14712	0.00213211	0.0408235	0.00139352
1124584	10000	748	0.140512	0.00353894	0.052935	0.00152336
1124584	10000	749	0.17968	0.00145401	0.0746852	0.00162974
1124584	10000	750	0.149367	0.00107913	0.0705692	0.00187815
1124584	10000	751	0.247859	0.00187333	0.0867503	0.00249354
1124584	10000	752	0.212047	0.00193362	0.473596	0.00455296
1124584	10000	753	0.193498	0.0030189	0.062282	0.00262225
1124584	10000	754	0.160041	0.00151671	0.0594021	0.00191538
1124584	10000	755	0.167572	0.00144137	0.101407	0.00301243
1124584	10000	756	0.137877	0.00237342	0.0662182	0.00135665
1124584	10000	757	0.109037	0.00121945	0.0557076	0.00158983
1124584	10000	758	0.315104	0.0300337	0.0484694	0.00462511
1124584	10000	759	0.215476	0.0299564	0.0423611	0.00493505
1124584	10000	760	0.0486111	0.0222872	0	0
1124584	10000	761	0.160037	0.00714219	0.034576	0.00185274
1124584	10000	762	0.185047	0.0028751	0.240617	0.00805333
1124584	10000	763	0.148274	0.00416315	0.236533	0.00820315
1124584	10000	764	0.223707	0.00333223	0.172569	0.00674995
1124584	10000	765	0.28113	0.00343722	0.129152	0.00568142
1124584	10000	766	0.246655	0.00306639	0.133484	0.0110193
1124584	10000	767	0.0843176	0.00375551	0.0740415	0.00466915
1124584	10000	768	0.180292	0.00697196	0.378359	0.0151919
1124584	10000	769	0.223564	0.0029532	0.0923658	0.00406125
1124584	10000	770	0.24364	0.00340011	0.0881957	0.00421238
1124584	10000	771	0.169623	0.00639754	0.0441097	0.00495097
1124584	10000	772	0.170725	0.00138795	0.0897211	0.00318109
1124584	10000	773	0.0461386	0.00301068	0.054902	0.00320696
1124584	10000	774	0.257682	0.00329731	0.0779242	0.00346463
1124584	10000	775	0.0975515	0.00425937	0.0618451	0.00606934
1124584	10000	776	0.159821	0.00422804	0.0577112	0.00382605
1124584	10000	777	0.17533	0.00325092	0.0550878	0.00163591
1124584	10000	778	0.150626	0.00154823	0.0868651	0.00328535
1124584	10000	779	0.181193	0.00353657	0.0632366	0.00199606
1124584	10000	780	0.211463	0.00282274	0.0823381	0.00378703
1124584	10000	781	0.183441	0.00333375	0.086541	0.00301996
1124584	10000	782	0.209622	0.00466112	0.0402013	0.002712
1124584	10000	783	0.118969	0.00676156	0.068682	0.00511606
1124584	10000	784	0.142902	0.00402494	0.0595372	0.00452417
1124584	10000	785	0.132698	0.00557758	0.322954	0.0098026
1124584	10000	786	0.0940682	0.00653303	0.109835	0.0107131
1124584	10000	787	0.282753	0.00224641	0.173436	0.00676244
1124584	10000	788	0.189276	0.0013177	0.0790717	0.0020066
1124584	10000	789	0.175323	0.00370563	0.120787	0.00410552
1124584	10000	790	0.307158	0.00709156	0.519912	0.00673324
1124584	10000	791	0.280459	0.00444197	0.461649	0.00869366
1124584	10000	792	0.177409	0.00176843	0.12626	0.00277787
1124584	10000	793	0.177724	0.00176586	0.0611205	0.00148265
1124584	10000	794	0.182921	0.00128973	0.14534	0.00264315
1124584	10000	795	0.188023	0.00146364	0.0556171	0.0020747
1124584	10000	796	0.180036	0.00364308	0.0635693	0.00225568
1124584	10000	797	0.146179	0.00138677	0.0652016	0.00100716
1124584	10000	798	0.32048	0.00253113	0.225052	0.0042765
1124584	10000	799	0.225655	0.00185376	0.142815	0.00218675
1124584	10000	800	0.172917	0.0223167	0.0699609	0.00330498
1124584	10000	801	0.159722	0.0416149	0.0548581	0.00438903
1124584	10000	802	0.177621	0.00497234	0.0437277	0.00135249
1124584	10000	803	0.112745	0.0385877	0.0554644	0.00347048
1124584	10000	804	0.0972222	0.073353	0.0399914	0.00202955
1124584	10000	805	0.0625	0.0148029	0.0448777	0.00290761
1124584	10000	806	0.093254	0.00979801	0.0391735	0.00142597
1124584	10000	807	0.103584	0.00249492	0.051627	0.00206489
1124584	10000	808	0.129721	0.0020833	0.0448501	0.00196889
1124584	10000	809	0.186962	0.0012743	0.14826	0.00395103
1124584	10000	810	0.211006	0.00256195	0.106064	0.00221023
1124584	10000	811	0.149874	0.00194984	0.106345	0.00358009
1124584	10000	812	0.214664	0.00153124	0.13922	0.00292845
1124584	10000	813	0.0810185	0.020705	0.0691012	0.00276495
1124584	10000	814	0.142157	0.043846	0.0457926	0.00227413
1124584	10000	815	0.156341	0.0043304	0.0389995	0.00173381
1124584	10000	816	0.164717	0.000884408	0.0660003	0.000963625
1124584	10000	817	0.155547	0.000984783	0.060925	0.00125224
1124584	10000	818	0.0900463	0.00136857	0.0373319	0.000638973
1124584	10000	819	0.11099	0.00233771	0.0425831	0.00163383
1124584	10000	820	0.133681	0.0354409	0.0341252	0.00420274
1124584	10000	821	0.127137	0.0231333	0.0365057	0.00285442
1124584	10000	822	0.185621	0.00405178	0.0471294	0.00199268
1124584	10000	823	0.0961538	0.00888416	0.035299	0.00391586
1124584	10000	824	0.0410171	0.00562275	0.037452	0.00287908
1124584	10000	825	0.150273	0.00312807	0.0409182	0.00298612
