population	links	index	origin_mean	origing_error	destination_mean	destination_error
291568	2000	0	0.000488985	0.000116017	0.000396648	0.000128556
291568	2000	1	0.000520292	3.60449e-05	0.000449753	6.00299e-05
291568	2000	2	0.000481188	8.70447e-05	0.000517616	5.55925e-05
291568	2000	3	0.000473742	4.46619e-05	0.000441343	5.49915e-05
291568	2000	4	0.000514758	6.35849e-05	0.00051046	6.0777e-05
291568	2000	5	0.000516207	7.32892e-05	0.000521622	7.22468e-05
291568	2000	6	0.000507723	4.91158e-05	0.000421933	5.11926e-05
291568	2000	7	0.000469731	5.06692e-05	0.000443703	6.54567e-05
291568	2000	8	0.000526938	5.95726e-05	0.000517094	5.42003e-05
291568	2000	9	0.000484517	2.90042e-05	0.000513538	5.52661e-05
291568	2000	10	0.000541758	3.88879e-05	0.000644152	4.91845e-05
291568	2000	11	0.000605719	8.7507e-05	0.000741505	0.000100751
291568	2000	12	0.000527984	6.43826e-05	0.000485296	0.000106191
291568	2000	13	0.00047448	9.57913e-05	0.000432194	0.000132626
291568	2000	14	0.000473304	4.23679e-05	0.000467394	8.58349e-05
291568	2000	15	0.00051694	4.82288e-05	0.000434004	5.93938e-05
291568	2000	16	0.000522755	4.58574e-05	0.000552367	4.82631e-05
291568	2000	17	0.000520412	5.58831e-05	0.000453114	7.80102e-05
291568	2000	18	0.00047181	4.56642e-05	0.000490377	6.76029e-05
291568	2000	19	0.000546929	5.5473e-05	0.000447865	3.70435e-05
291568	2000	20	0.000505189	4.34216e-05	0.000453179	8.43093e-05
291568	2000	21	0.000462339	4.22289e-05	0.000418148	5.71998e-05
291568	2000	22	0.000469993	4.87844e-05	0.000479656	5.00917e-05
291568	2000	23	0.000481585	5.90281e-05	0.000501824	5.68316e-05
291568	2000	24	0.000495942	8.0317e-05	0.000548847	0.000120175
291568	2000	25	0.000513662	4.96275e-05	0.000547129	8.5049e-05
291568	2000	26	0.000496567	3.7954e-05	0.000453159	5.6644e-05
291568	2000	27	0.000486746	4.0948e-05	0.000440842	7.07637e-05
291568	2000	28	0.000555878	9.40131e-05	0.000513131	5.72871e-05
291568	2000	29	0.000505819	4.90782e-05	0.000443735	4.58771e-05
291568	2000	30	0.000557351	7.15415e-05	0.000425129	4.96805e-05
291568	2000	31	0.000483945	4.50043e-05	0.00053024	5.76156e-05
291568	2000	32	0.000462097	4.73935e-05	0.000507162	6.56054e-05
291568	2000	33	0.000558011	5.21918e-05	0.000422094	6.56758e-05
291568	2000	34	0.000504851	4.05294e-05	0.000421555	7.05091e-05
291568	2000	35	0.000528757	7.51735e-05	0.000558785	5.90489e-05
291568	2000	36	0.000513261	3.14242e-05	0.00041659	5.77509e-05
291568	2000	37	0.000482401	7.71611e-05	0.000506676	4.06513e-05
291568	2000	38	0.000527127	4.04861e-05	0.000496325	5.24783e-05
291568	2000	39	0.000540217	6.55895e-05	0.000497839	4.19967e-05
291568	2000	40	0.000482641	5.14921e-05	0.000446095	4.98888e-05
291568	2000	41	0.000536699	5.59863e-05	0.000553127	3.15483e-05
291568	2000	42	0.000514954	4.71507e-05	0.000499603	5.49097e-05
291568	2000	43	0.000497834	3.86436e-05	0.000540005	6.03788e-05
291568	2000	44	0.000499033	6.01266e-05	0.000496071	5.35174e-05
291568	2000	45	0.000505537	6.78571e-05	0.000525738	7.81643e-05
291568	2000	46	0.000538202	8.72936e-05	0.000463907	7.50215e-05
291568	2000	47	0.000577666	8.60476e-05	0.000691839	7.67621e-05
291568	2000	48	0.0005104	4.48794e-05	0.000445118	5.43858e-05
291568	2000	49	0.000537582	5.7911e-05	0.000512645	5.56305e-05
291568	2000	50	0.000487219	8.02933e-05	0.000407432	5.54153e-05
291568	2000	51	0.000492497	7.20429e-05	0.000523794	9.91516e-05
291568	2000	52	0.000552708	0.000183671	0.000592238	0.000126618
291568	2000	53	0.000532623	8.92127e-05	0.000458034	8.87197e-05
291568	2000	54	0.00052598	8.45148e-05	0.000488808	0.000126083
291568	2000	55	0.00052085	3.15936e-05	0.000466306	3.5166e-05
291568	2000	56	0.000507828	3.72242e-05	0.000488972	5.47879e-05
291568	2000	57	0.000538466	5.14091e-05	0.00047909	4.03254e-05
291568	2000	58	0.00048827	4.47786e-05	0.000499216	4.11564e-05
291568	2000	59	0.000482063	3.80221e-05	0.000458053	4.08029e-05
291568	2000	60	0.000546721	8.09883e-05	0.000490694	0.000126001
291568	2000	61	0.000466503	4.98287e-05	0.000514257	6.04261e-05
291568	2000	62	0.000536734	7.98848e-05	0.000511105	5.60205e-05
291568	2000	63	0.000466692	4.804e-05	0.000431466	5.1952e-05
291568	2000	64	0.000438658	4.56902e-05	0.000429336	6.07711e-05
291568	2000	65	0.000516878	7.78644e-05	0.000473693	6.41619e-05
291568	2000	66	0.000524483	6.67953e-05	0.000444515	4.13062e-05
291568	2000	67	0.000437945	8.09934e-05	0.000497228	4.69749e-05
291568	2000	68	0.000477672	4.0784e-05	0.000458393	7.74141e-05
291568	2000	69	0.000509431	5.73826e-05	0.000486504	3.8582e-05
291568	2000	70	0.000510284	4.53113e-05	0.000479541	4.45664e-05
291568	2000	71	0.000491835	3.73163e-05	0.00040189	6.03571e-05
291568	2000	72	0.000500539	6.0647e-05	0.000406876	0.000110477
291568	2000	73	0.000435268	6.75702e-05	0.000399162	4.80633e-05
291568	2000	74	0.000442475	4.42453e-05	0.000463952	6.42044e-05
291568	2000	75	0.000451966	8.00719e-05	0.00044	9.85382e-05
291568	2000	76	0.000515758	0.000106413	0.000440506	0.000213645
291568	2000	77	0.000757576	0.000638282	0.000325521	0.000638021
291568	2000	78	0.000480047	7.89503e-05	0.000447931	6.90346e-05
291568	2000	79	0.000480769	7.93329e-05	0.000460372	5.50238e-05
291568	2000	80	0.000474556	4.0368e-05	0.000462381	5.99664e-05
291568	2000	81	0.00048312	7.68672e-05	0.000468105	4.25892e-05
291568	2000	82	0.000450251	5.37491e-05	0.000608997	5.55618e-05
291568	2000	83	0.000453195	6.2339e-05	0.000456233	4.69422e-05
291568	2000	84	0.000463252	5.25712e-05	0.000417368	6.81619e-05
291568	2000	85	0.000447497	6.4152e-05	0.000432439	5.80554e-05
291568	2000	86	0.000466434	6.4641e-05	0.000493184	4.58539e-05
291568	2000	87	0.000476322	5.60538e-05	0.0003697	8.82212e-05
291568	2000	88	0.000489271	7.12353e-05	0.00044744	7.21716e-05
291568	2000	89	0.000522491	5.15518e-05	0.000452427	4.55218e-05
291568	2000	90	0.000494933	4.05772e-05	0.00047254	3.42517e-05
291568	2000	91	0.000471433	4.9439e-05	0.000508207	6.42068e-05
291568	2000	92	0.000473448	5.93202e-05	0.000429356	6.33724e-05
291568	2000	93	0.000498794	8.79273e-05	0.000519914	8.83636e-05
291568	2000	94	0.000501937	3.85243e-05	0.000458056	5.24206e-05
291568	2000	95	0.000452306	4.19573e-05	0.000421759	6.16457e-05
291568	2000	96	0.000513211	7.33928e-05	0.000527488	0.000103489
291568	2000	97	0.000478513	3.44736e-05	0.000441274	5.01635e-05
291568	2000	98	0.000471722	7.98951e-05	0.000407936	6.08227e-05
291568	2000	99	0.000449978	5.98644e-05	0.000450114	4.30188e-05
291568	2000	100	0.000583731	8.44729e-05	0.00054644	4.09078e-05
291568	2000	101	0.00047327	4.83711e-05	0.000424052	5.6403e-05
291568	2000	102	0.000483335	5.06209e-05	0.000409401	5.97208e-05
291568	2000	103	0.00050086	3.52059e-05	0.000491455	9.29925e-05
291568	2000	104	0.000500848	4.67087e-05	0.000485778	6.07037e-05
291568	2000	105	0.000529661	5.60039e-05	0.0004596	6.89869e-05
291568	2000	106	0.000476327	6.4975e-05	0.00048962	7.5371e-05
291568	2000	107	0.000536035	5.02719e-05	0.000405801	5.90412e-05
291568	2000	108	0.000480923	8.00029e-05	0.000444739	7.30639e-05
291568	2000	109	0.000532512	7.89484e-05	0.000456709	6.88871e-05
291568	2000	110	0.000487509	5.59749e-05	0.000452061	4.62502e-05
291568	2000	111	0.000460419	3.29418e-05	0.000446653	3.53839e-05
291568	2000	112	0.000425992	5.74362e-05	0.000319383	8.27181e-05
291568	2000	113	0.000413381	4.85095e-05	0.000418335	5.60352e-05
291568	2000	114	0.000500903	6.86824e-05	0.000543823	5.07606e-05
291568	2000	115	0.000524152	6.85809e-05	0.000509125	4.51851e-05
291568	2000	116	0.000465872	6.78443e-05	0.000467023	4.22758e-05
291568	2000	117	0.000510178	4.77168e-05	0.000459804	5.90493e-05
291568	2000	118	0.000531841	9.00729e-05	0.000501102	0.00012058
291568	2000	119	0.00047239	5.48515e-05	0.000431961	4.1268e-05
291568	2000	120	0.000383312	0.000127465	0.000329551	0.000143318
291568	2000	121	0.000486484	7.50371e-05	0.000419155	9.39491e-05
291568	2000	122	0.000489328	8.81412e-05	0.000435365	8.97504e-05
291568	2000	123	0.000513376	9.3004e-05	0.000484102	6.76162e-05
291568	2000	124	0.000505479	0.000124374	0.000312277	0.000295673
291568	2000	125	0.000605911	0.000132192	0.000464321	0.000118174
291568	2000	126	0.000554306	4.38125e-05	0.00057077	4.25788e-05
291568	2000	127	0.000485431	5.37624e-05	0.000401077	5.39911e-05
291568	2000	128	0.000608909	3.66271e-05	0.00044999	6.70885e-05
291568	2000	129	0.000518972	6.87948e-05	0.000451686	4.47056e-05
291568	2000	130	0.000552059	6.07476e-05	0.000486937	4.12263e-05
291568	2000	131	0.000517571	4.92976e-05	0.000671452	5.06872e-05
291568	2000	132	0	0	0.000637718	4.58663e-05
291568	2000	133	0.000546868	4.12367e-05	0.00048211	5.9158e-05
291568	2000	134	0.000523917	7.93603e-05	0.000682435	7.96119e-05
291568	2000	135	0.00050606	4.78888e-05	0.000454841	5.52796e-05
291568	2000	136	0.000475177	6.6735e-05	0.000452126	7.84838e-05
291568	2000	137	0.00048482	7.85976e-05	0.000362858	9.85914e-05
291568	2000	138	0.000563366	5.4128e-05	0.000784625	9.25643e-05
291568	2000	139	0.000512721	6.5232e-05	0.000481484	5.95881e-05
291568	2000	140	0.000498045	6.76823e-05	0.000533297	8.26969e-05
291568	2000	141	0.000566468	3.88533e-05	0.000529636	6.48506e-05
291568	2000	142	0.000511436	7.62353e-05	0.000615397	5.35307e-05
291568	2000	143	0.000555449	5.43499e-05	0.000467058	3.44942e-05
291568	2000	144	0.000515468	5.7443e-05	0.000588442	8.03167e-05
291568	2000	145	0.000563882	0.000103097	0.000443564	0.000134885
291568	2000	146	0.000521619	0.000111097	0.000514115	0.000186175
291568	2000	147	0.000512717	4.1729e-05	0.00049892	4.07335e-05
291568	2000	148	0.000490271	4.3361e-05	0.000494851	4.4359e-05
291568	2000	149	0.000503476	5.32462e-05	0.000455506	5.47988e-05
291568	2000	150	0.000553757	4.69006e-05	0.000517866	4.55761e-05
291568	2000	151	0.000576217	5.72867e-05	0.000501284	6.44256e-05
291568	2000	152	0.000518348	5.08817e-05	0.000458327	3.8607e-05
291568	2000	153	0.000527821	4.02654e-05	0.000492267	6.43245e-05
291568	2000	154	0.000524609	8.25527e-05	0.000532817	6.74222e-05
291568	2000	155	0.000555681	4.21603e-05	0.000449141	5.34336e-05
291568	2000	156	0.000542041	5.63477e-05	0.000626311	6.08785e-05
291568	2000	157	0.000542147	4.86931e-05	0.000574133	4.55591e-05
291568	2000	158	0.000532045	3.98995e-05	0.000454176	3.10431e-05
291568	2000	159	0.000531122	6.65787e-05	0.000371862	0.000121759
291568	2000	160	0.000539647	6.18701e-05	0.00036702	8.76069e-05
291568	2000	161	0.000530346	4.50163e-05	0.00043266	6.75437e-05
291568	2000	162	0.000534213	6.08176e-05	0.000334738	0.000113094
291568	2000	163	0.000469012	4.54749e-05	0.000559383	4.06272e-05
291568	2000	164	0.0005231	4.42741e-05	0.000503221	0.00012229
291568	2000	165	0.00056678	5.6354e-05	0.000512115	7.62291e-05
291568	2000	166	0.000489721	5.46278e-05	0.000446187	7.89887e-05
291568	2000	167	0	0	0	0
291568	2000	168	0.000456898	5.06587e-05	0.000491194	7.0204e-05
291568	2000	169	0.000493913	6.11968e-05	0.000535609	3.28252e-05
291568	2000	170	0.000539271	4.58311e-05	0.000508286	4.181e-05
291568	2000	171	0.000528809	5.45391e-05	0.000422977	9.2046e-05
291568	2000	172	0.00050439	4.02721e-05	0.000441951	4.0718e-05
291568	2000	173	0.000527897	7.35976e-05	0.000431245	7.60098e-05
291568	2000	174	0.000545158	5.37604e-05	0.000470925	7.87795e-05
291568	2000	175	0.000575937	6.71721e-05	0.00055542	4.71052e-05
291568	2000	176	0.00022007	0.000237959	0.000616776	0.00031062
291568	2000	177	0.000533535	9.0185e-05	0.000530478	0.000118849
291568	2000	178	0.000519501	6.57044e-05	0.000506638	8.09602e-05
291568	2000	179	0.000502607	4.16405e-05	0.000498282	5.32296e-05
291568	2000	180	0.000479669	5.47178e-05	0.000371876	0.000122287
291568	2000	181	0.000451486	5.97001e-05	0.000432176	8.05761e-05
291568	2000	182	0.000521739	9.73251e-05	0.00046615	0.000159863
291568	2000	183	0.000372024	0.000729167	0.000968992	0.00131344
291568	2000	184	0.000438431	6.21519e-05	0.000424111	7.24725e-05
291568	2000	185	0.000511863	4.58571e-05	0.000422558	6.67375e-05
