0 136 1.0
1 136 1.0
2 136 1.0
3 136 1.0
4 136 0.3102285092491839
4 137 0.6897714907508161
5 136 0.24239934264585045
5 137 0.7576006573541495
6 136 0.1594262295081967
6 137 0.8405737704918033
7 136 0.5935887988209285
7 137 0.4064112011790715
8 136 0.8654903210387955
8 137 0.1345096789612045
9 137 1.0
10 137 1.0
11 137 1.0
12 137 1.0
13 137 1.0
14 46 0.9166666666666666
14 137 0.08333333333333333
15 46 1.0
16 137 1.0
17 137 1.0
18 46 0.4087810420386301
18 137 0.5912189579613699
19 46 1.0
20 46 0.23303355999122616
20 137 0.7669664400087739
21 46 0.13336520076481836
21 137 0.8666347992351816
22 46 1.0
23 36 0.01107283464566929
23 40 0.5578248031496063
23 46 0.4311023622047244
24 36 0.9195402298850575
24 37 0.08045977011494253
25 36 0.004046535154274153
25 37 0.9959534648457259
26 37 1.0
27 37 1.0
28 37 1.0
29 37 1.0
30 37 1.0
31 37 1.0
32 37 1.0
33 37 1.0
34 36 0.43453118546055347
34 37 0.473151590251962
34 40 0.09231722428748451
35 40 1.0
36 39 0.5136797798283956
36 40 0.4863202201716043
37 40 0.5569082672706682
37 46 0.44309173272933183
38 45 0.4182724252491694
38 46 0.5817275747508306
39 46 1.0
40 45 0.8272146347575492
40 46 0.17278536524245083
41 46 1.0
42 45 1.0
43 44 0.1434823752070026
43 45 0.8565176247929974
44 46 1.0
45 45 0.8311708371949336
45 46 0.1688291628050664
46 45 0.43405493905766784
46 46 0.5659450609423322
47 46 1.0
48 45 0.8372270363951473
48 46 0.1627729636048527
49 45 0.2937314366109114
49 46 0.7062685633890886
50 44 0.29425633636780407
50 45 0.705743663632196
51 44 0.5892547660311959
51 45 0.41074523396880414
52 43 0.18045731205790427
52 44 0.8195426879420957
53 44 0.7082727184560178
53 45 0.29172728154398214
54 43 0.6884057971014492
54 44 0.3115942028985507
55 43 0.8198680956306678
55 44 0.18013190436933224
56 43 0.7322349959264959
56 44 0.2677650040735041
57 44 1.0
58 43 0.3744230383303231
58 44 0.6255769616696769
59 39 0.11437875241681082
59 42 0.7624402157321665
59 43 0.1231810318510227
60 41 0.9841570518339935
60 42 0.015842948166006544
61 41 0.3116824127906977
61 42 0.5714026162790697
61 43 0.11691497093023256
62 42 0.767642768989117
62 43 0.232357231010883
63 41 0.8750225103547632
63 42 0.1249774896452368
64 42 0.06220704820322898
64 43 0.7599675944679127
64 44 0.1778253573288583
65 42 0.8433935018050541
65 43 0.15660649819494585
66 41 0.20350944115964142
66 42 0.7964905588403586
67 41 0.858612866634257
67 42 0.141387133365743
68 35 0.1433833947293851
68 41 0.8566166052706149
69 42 0.36010410857036623
69 43 0.6398958914296338
70 42 1.0
71 42 1.0
72 41 1.0
73 35 0.17455621301775148
73 41 0.8254437869822485
74 41 0.38138952639265594
74 42 0.32338827456707697
74 43 0.18527018568746087
74 44 0.10995201335280617
75 41 0.6643109540636042
75 42 0.33568904593639576
76 35 1.0
77 34 0.2942381212452212
77 35 0.7057618787547788
78 34 0.4265684747202946
78 35 0.5734315252797054
79 34 0.12405273538876778
79 35 0.8638015156233779
79 41 0.012145748987854251
80 34 0.17131609312427884
80 35 0.7159437996334759
80 41 0.1127401072422453
81 35 0.18606412522090382
81 41 0.8139358747790962
82 27 0.21508231545406267
82 34 0.39741547176491415
82 35 0.3875022127810232
83 26 0.008835078534031414
83 27 0.9911649214659686
84 27 0.079002079002079
84 38 0.35336105336105333
84 39 0.09445599445599445
84 41 0.26916146916146916
84 42 0.20401940401940402
85 38 0.493211334120425
85 39 0.5067886658795749
86 27 0.5240675804909148
86 38 0.4759324195090851
87 27 0.984397854705022
87 38 0.015602145294978059
88 38 0.374112875971612
88 39 0.5843190266982089
88 40 0.04156809733017911
89 38 0.4494195688225539
89 40 0.5505804311774462
90 36 0.27401183883902996
90 39 0.03952644643880084
90 40 0.6864617147221692
91 36 0.10665523786199718
91 39 0.32247596889732444
91 40 0.5708687932406784
92 38 1.0
93 38 1.0
94 5 0.06676230798838308
94 8 0.0456628993316771
94 36 0.5378074810175304
94 38 0.31068266909269043
94 40 0.039084642569719025
95 5 0.0025182059484108077
95 36 0.800585312733955
95 37 0.19689648131763424
96 36 0.7182818047977829
96 37 0.281718195202217
97 36 0.4603048065650645
97 37 0.5396951934349355
98 36 0.28660575903417895
98 37 0.713394240965821
99 36 0.07877669390983391
99 37 0.9212233060901661
100 37 1.0
101 37 1.0
102 37 1.0
103 37 1.0
104 37 1.0
105 37 1.0
106 37 1.0
107 37 1.0
108 37 1.0
109 4 0.041857838639090844
109 37 0.9581421613609091
110 4 1.0
111 4 0.9291666666666667
111 5 0.07083333333333333
112 4 0.4967514590904085
112 5 0.3687552765848108
112 8 0.13449326432478068
113 4 0.338064821386326
113 5 0.661935178613674
114 4 0.044569450454348764
114 5 0.7547382085677196
114 8 0.20069234097793162
115 5 0.044883439297608234
115 8 0.9551165607023918
116 8 0.7660719342962333
116 38 0.23392806570376665
117 6 0.4188154713940371
117 7 0.4145850120870266
117 27 0.05701047542304593
117 38 0.1095890410958904
118 8 0.35380299251870323
118 9 0.6461970074812967
119 8 0.8037240795598815
119 9 0.1962759204401185
120 6 0.04234249615844289
120 9 0.9576575038415571
121 6 0.4653770675637791
121 7 0.0012148397346042426
121 9 0.5334080927016167
122 26 0.011871508379888268
122 27 0.9881284916201117
123 26 0.7245643620011242
123 27 0.27543563799887577
124 7 0.45548450565666504
124 23 0.10083620265617314
124 25 0.33136579767174945
124 26 0.11231349401541237
125 7 0.37059655438416045
125 23 0.33363332476214963
125 25 0.2957701208536899
126 23 0.07134992292446597
126 24 0.5836820083682008
126 25 0.0225721206782647
126 30 0.3223959480290685
127 28 0.08322630362188543
127 30 0.9167736963781146
128 25 0.3027901077996195
128 28 0.045233565842316636
128 30 0.6519763263580638
129 26 0.8653591055523971
129 27 0.1346408944476028
130 25 0.019549763033175356
130 26 0.12944312796208532
130 34 0.8510071090047393
131 25 0.27455516014234876
131 33 0.7254448398576513
132 28 0.5319567354965585
132 30 0.4083087512291052
132 32 0.059734513274336286
133 28 0.16031128404669262
133 29 0.016861219195849545
133 31 0.06588845654993515
133 32 0.7569390402075227
134 31 0.17443765827498883
134 32 0.8255623417250112
135 32 0.5007674597083653
135 33 0.49923254029163466
136 33 0.3849144634525661
136 34 0.6150855365474339
137 33 0.49057286016839713
137 34 0.5094271398316029
138 32 0.6284847892008216
138 33 0.3715152107991783
139 31 0.03163444639718805
139 32 0.968365553602812
140 31 0.7610221847795563
140 32 0.2389778152204437
141 31 1.0
142 32 1.0
143 33 0.06089385474860335
143 34 0.9391061452513967
144 33 0.013193599700570787
144 34 0.8526246841957519
144 35 0.13418171610367738
145 32 0.3516699410609037
145 33 0.6483300589390962
146 31 0.018397853583748562
146 32 0.9816021464162514
147 31 1.0
148 21 0.01685528533590176
148 22 0.9227064772453648
148 31 0.06043823741873344
149 17 0.017263427109974423
149 21 0.8964194373401535
149 22 0.08631713554987212
150 17 0.012293936853869796
150 21 0.4551550712489522
150 22 0.532550991897178
151 17 0.05768310196266156
151 21 0.9423168980373384
152 21 0.04729309271935283
152 22 0.9527069072806472
153 22 0.8490631505898681
153 31 0.15093684941013186
154 31 1.0
155 19 0.15270413573700956
155 22 0.06935312831389183
155 28 0.2048780487804878
155 29 0.19915164369034993
155 31 0.3739130434782609
156 16 0.3032665964172814
156 17 0.12413066385669125
156 20 0.34899894625922023
156 21 0.1863013698630137
156 22 0.03730242360379347
157 14 0.059921841076856275
157 18 0.40382110290924883
157 19 0.02127659574468085
157 20 0.5149804602692141
158 10 0.5078979343863913
158 13 0.48724179829890646
158 18 0.004860267314702308
159 19 0.7069397377339031
159 28 0.026668631206718727
159 29 0.26639163105937824
160 10 0.06818493620524077
160 13 0.01179860063108794
160 19 0.16353409246810263
160 28 0.6088626697763754
160 29 0.026752640965838934
160 30 0.12086705995335437
161 12 0.18384721583064886
161 13 0.6044638748274275
161 14 0.2116889093419236
162 13 1.0
163 10 0.9403322520397129
163 13 0.05966774796028704
164 23 0.1581050784676869
164 24 0.841894921532313
165 24 1.0
166 7 0.21573137074517018
166 23 0.7842686292548298
167 23 1.0
168 6 0.065335898669232
168 7 0.5279781946448613
168 23 0.4066859066859067
169 6 0.8656940893367424
169 9 0.13430591066325764
170 9 1.0
171 8 0.8290162980209546
171 9 0.1709837019790454
172 8 0.462020823473734
172 9 0.5379791765262659
173 4 0.3308803488689016
173 5 0.5392477514309076
173 8 0.12987189970019078
174 4 0.44833093754991216
174 5 0.509343555342597
174 8 0.04232550710749081
175 4 1.0
176 4 1.0
177 4 1.0
178 4 1.0
179 4 1.0
180 4 1.0
181 4 1.0
182 4 1.0
183 4 1.0
184 4 1.0
185 4 1.0
186 4 1.0
187 4 0.5215063861758077
187 5 0.4751126972201352
187 8 0.0033809166040570998
188 4 0.591856273935571
188 5 0.3840955170083352
188 8 0.024048209056093714
189 4 0.6012741076882799
189 5 0.05750938127236233
189 64 0.3412165110393577
190 8 0.5462184873949579
190 9 0.453781512605042
191 8 0.05930285196921684
191 9 0.9406971480307832
192 8 0.030534750955847692
192 9 0.010684544073744305
192 64 0.958780704970408
193 64 0.49499346974314323
193 65 0.5050065302568568
194 6 0.015190642564180465
194 64 0.9699225277229226
194 65 0.014886829712896855
195 6 0.4415553809897879
195 9 0.5584446190102121
196 6 0.2199180130214613
196 7 0.0631782011092356
196 23 0.7169037858693031
197 6 0.09878960484158063
197 23 0.9012103951584194
198 23 0.15023296814003273
198 65 0.8497670318599673
199 63 0.024448136719677188
199 65 0.9755518632803228
200 23 0.01829652996845426
200 24 0.28406940063091485
200 63 0.641403785488959
200 65 0.056230283911671924
201 10 0.33661920408908363
201 24 0.21412924424972618
201 63 0.44925155166119024
202 10 0.37953167716629027
202 11 0.6204683228337098
203 10 0.30845829428303656
203 11 0.21262886597938144
203 13 0.47891283973758203
204 11 0.8704918032786885
204 13 0.12950819672131147
205 11 0.45373917979281964
205 67 0.5462608202071804
206 66 0.711864406779661
206 67 0.288135593220339
207 11 0.4481998530492285
207 67 0.5518001469507715
208 11 0.3639899336536262
208 12 0.595973461450469
208 13 0.040036604895904826
209 12 0.35714285714285715
209 14 0.10577971646673937
209 16 0.5370774263904035
210 15 0.054405677114133646
210 16 0.6777054997043169
210 17 0.2678888231815494
211 11 0.17955801104972377
211 12 0.8204419889502762
212 11 1.0
213 11 0.09730722154222766
213 67 0.9026927784577723
214 66 0.43202416918429004
214 67 0.56797583081571
215 66 0.783096926713948
215 67 0.21690307328605202
216 67 0.6921843687374749
216 68 0.27895791583166335
216 69 0.028857715430861724
217 11 0.9184224743381956
217 69 0.08157752566180443
218 11 0.09673024523160763
218 12 0.5177111716621253
218 15 0.03678474114441417
218 16 0.34877384196185285
219 12 0.39923747276688454
219 16 0.6007625272331155
220 15 0.9512874043145442
220 16 0.013221990257480862
220 69 0.03549060542797495
221 15 0.070625
221 68 0.0271875
221 69 0.9021875
222 68 1.0
223 60 0.16645885286783044
223 66 0.5617206982543641
223 67 0.1502493765586035
223 68 0.121571072319202
224 60 0.69995129079396
224 68 0.30004870920603993
225 60 0.41605482134116495
225 68 0.583945178658835
226 68 0.44592592592592595
226 69 0.554074074074074
227 15 0.6073268460217516
227 17 0.3926731539782484
228 17 1.0
229 17 1.0
230 15 0.4662903731577297
230 17 0.22969582941360928
230 69 0.304013797428661
231 15 0.8003674219228414
231 17 0.1996325780771586
232 15 0.9106256206554121
232 17 0.08937437934458789
233 15 0.7407686510926903
233 69 0.2592313489073097
234 15 0.004164871463449663
234 68 0.15381301163291686
234 69 0.8420221169036335
235 59 0.09284232365145229
235 60 0.09076763485477178
235 68 0.8163900414937759
236 59 0.0470449482374525
236 60 0.9529550517625475
237 60 0.5414766007771583
237 68 0.4585233992228417
238 68 0.9630793401413983
238 69 0.036920659858601726
239 68 0.6056034482758621
239 69 0.39439655172413796
240 60 0.5568396226415094
240 68 0.44316037735849056
241 21 1.0
242 21 0.48551829268292684
242 22 0.5144817073170732
243 22 0.9525801952580195
243 31 0.04741980474198047
244 31 1.0
245 22 0.6107699574870099
245 31 0.3892300425129901
246 22 1.0
247 21 1.0
248 17 0.7161506900410295
248 21 0.2838493099589705
249 17 0.3122229259024699
249 21 0.6877770740975301
250 21 0.6950596252129472
250 22 0.3049403747870528
251 58 0.004326123128119801
251 59 0.9956738768718802
252 58 0.30128205128205127
252 59 0.6987179487179487
253 57 0.9832624113475177
253 58 0.01673758865248227
254 56 0.2116921671614524
254 57 0.7883078328385477
255 56 0.028233151183970857
255 57 0.9717668488160291
256 57 0.37035891089108913
256 58 0.6296410891089109
257 58 0.047225244831338414
257 59 0.9527747551686616
258 59 0.35915955351280365
258 60 0.6408404464871963
259 59 0.5769126424308193
259 60 0.4230873575691807
260 57 0.3105904404873477
260 58 0.6894095595126523
261 56 0.28367129135538954
261 57 0.7163287086446105
262 52 0.021931260229132568
262 57 0.9780687397708674
263 54 0.1035007610350076
263 57 0.39404701505158124
263 58 0.5024522239134112
264 58 0.8719832109129066
264 59 0.12801678908709338
265 59 0.6218618084870029
265 60 0.3781381915129971
266 55 0.3215480172001911
266 59 0.2371396719222806
266 60 0.39608217869087436
266 66 0.04523013218665393
267 66 1.0
268 58 1.0
269 58 0.1369574378423936
269 59 0.8630425621576064
270 55 0.8364430329495832
270 58 0.09686383485510124
270 59 0.0666931321953156
271 54 0.586971586971587
271 58 0.41302841302841303
272 54 0.8226477935054122
272 55 0.17735220649458786
273 55 0.7368531541933452
273 66 0.26314684580665476
274 55 0.4199561403508772
274 66 0.5800438596491229
275 47 0.24279751603379823
275 55 0.07594421256235366
275 66 0.6812582714038481
276 49 0.4307508622976917
276 55 0.5692491377023083
277 48 1.0
278 47 0.3859504132231405
278 48 0.5020661157024794
278 55 0.11198347107438017
279 61 0.7335279399499584
279 62 0.2664720600500417
280 62 0.6244791666666667
280 63 0.37552083333333336
281 63 0.4791493603588636
281 65 0.5208506396411364
282 64 0.2983770287141074
282 65 0.7016229712858927
283 64 0.910873440285205
283 65 0.08912655971479501
284 64 0.9895483971609079
284 65 0.010451602839092114
285 64 1.0
286 64 1.0
287 64 0.310415597742432
287 65 0.689584402257568
288 64 1.0
289 64 1.0
290 64 1.0
291 64 1.0
292 64 1.0
293 64 1.0
294 64 1.0
295 64 1.0
296 64 1.0
297 64 1.0
298 64 1.0
299 64 0.7380021329541415
299 65 0.26199786704585853
300 64 0.8637506834335703
300 65 0.13624931656642975
301 65 1.0
302 63 0.6525891829689298
302 65 0.3474108170310702
303 62 0.5737787901797013
303 63 0.42622120982029865
304 64 0.0008348794063079778
304 65 0.999165120593692
305 62 0.5692307692307692
305 63 0.03076923076923077
305 76 0.15384615384615385
305 77 0.24615384615384617
306 61 0.3672316384180791
306 77 0.632768361581921
307 48 0.09824561403508772
307 61 0.05263157894736842
307 77 0.3508771929824561
307 84 0.4982456140350877
308 47 0.7544088830829523
308 61 0.24559111691704769
309 48 0.008074798130046749
309 84 0.9111772205694858
309 85 0.0807479813004675
310 49 0.20202020202020202
310 85 0.797979797979798
311 48 0.14176195426195426
311 49 0.8158783783783784
311 50 0.04235966735966736
312 49 1.0
313 49 0.04727272727272727
313 50 0.7418181818181818
313 85 0.19272727272727272
313 87 0.01818181818181818
314 49 0.8420611646418098
314 50 0.1579388353581902
315 50 0.5797872340425532
315 51 0.42021276595744683
316 51 0.3711167086481948
316 52 0.38245172124265325
316 101 0.24643157010915198
317 51 0.5495283018867925
317 100 0.24206689536878215
317 101 0.20840480274442538
318 52 0.4005681818181818
318 101 0.5869318181818182
318 102 0.0125
319 52 0.7477605863192183
319 101 0.08326547231270358
319 102 0.16897394136807817
320 56 0.9027635619242579
320 57 0.09723643807574207
321 53 0.09973045822102426
321 56 0.9002695417789758
322 53 1.0
323 53 0.5520516717325228
323 56 0.11778115501519756
323 102 0.3301671732522796
324 53 0.7472527472527473
324 98 0.015466015466015465
324 138 0.2372812372812373
325 53 1.0
326 53 0.11082251082251082
326 98 0.8891774891774892
327 98 1.0
328 98 0.25102880658436216
328 133 0.7489711934156379
329 53 0.2966292134831461
329 98 0.7033707865168539
330 98 1.0
331 99 0.24813432835820895
331 133 0.7518656716417911
332 97 0.27527551509343556
332 99 0.2479635840919981
332 133 0.47676090081456635
333 94 0.0824381130312938
333 95 0.04413825315273237
333 96 0.31200373657169544
333 97 0.5163475011676787
333 138 0.04507239607659972
334 53 0.10990052108005685
334 138 0.8900994789199431
335 102 0.8353658536585366
335 138 0.16463414634146342
336 100 0.04152542372881356
336 102 0.9584745762711865
337 96 0.6965634441087614
337 102 0.2854984894259819
337 138 0.017938066465256797
338 88 0.005361131794489948
338 100 0.8214445271779598
338 102 0.17319434102755027
339 94 0.7707273271475606
339 96 0.22927267285243938
340 83 0.8688783570300158
340 94 0.13112164296998421
341 81 0.3253731343283582
341 83 0.25970149253731345
341 88 0.41492537313432837
342 80 0.10869565217391304
342 86 0.017113783533765033
342 88 0.8741905642923219
343 100 1.0
344 88 0.7427450980392157
344 100 0.2572549019607843
345 86 0.9256756756756757
345 87 0.07432432432432433
346 85 0.47058823529411764
346 87 0.5294117647058824
347 85 0.5153061224489796
347 86 0.0663265306122449
347 87 0.41836734693877553
348 86 0.9262981574539364
348 87 0.07370184254606366
349 79 0.2779220779220779
349 80 0.09783549783549783
349 82 0.561038961038961
349 86 0.0632034632034632
350 78 0.3655932796639832
350 79 0.6344067203360167
351 78 0.013218215158924206
351 79 0.11285146699266503
351 84 0.04706601466992665
351 85 0.10689180929095354
351 86 0.037438875305623474
351 87 0.6825336185819071
352 84 0.4813032502366677
352 85 0.4595298201325339
352 87 0.05916692963079836
353 84 1.0
354 84 1.0
355 77 0.29595802565099105
355 84 0.704041974349009
356 77 0.5597468970552446
356 84 0.4402531029447554
357 77 0.866484440706476
357 84 0.13351555929352396
358 77 1.0
359 77 1.0
360 77 0.9846203733728633
360 84 0.015379626627136702
361 76 1.0
362 77 0.9774353329664281
362 84 0.022564667033571822
363 76 0.06956521739130435
363 77 0.9304347826086956
364 75 0.16019135044282112
364 76 0.8398086495571788
365 75 0.022675736961451247
365 76 0.9773242630385488
366 73 0.18020327808808717
366 74 0.6205475689039466
366 75 0.1992491530079663
367 72 0.042433009574981057
367 73 0.43728042984087623
367 74 0.5202865605841427
368 74 0.5683521487524903
368 75 0.4316478512475097
369 75 0.9805825242718447
369 76 0.019417475728155338
370 72 1.0
371 72 1.0
372 102 1.0
373 71 0.9157411656723268
373 72 0.08425883432767324
374 64 0.9689960033910622
374 71 0.03100399660893787
375 71 1.0
376 64 0.9924849699398798
376 71 0.00751503006012024
377 64 0.2072810757625451
377 71 0.7927189242374549
378 71 1.0
379 71 1.0
380 64 1.0
381 64 0.04825361200729415
381 71 0.9517463879927058
382 71 1.0
383 64 0.3157170382603909
383 71 0.6842829617396091
384 72 0.6782511210762332
384 73 0.3217488789237668
385 72 1.0
386 70 0.03758669550302036
386 71 0.8242971138787382
386 72 0.13811619061824149
387 70 0.14803378439742076
387 71 0.8519662156025792
388 70 0.08660159716060337
388 71 0.9133984028393967
389 70 0.018141592920353982
389 71 0.981858407079646
390 70 0.9691015816076961
390 71 0.03089841839230393
391 70 1.0
392 70 0.7764705882352941
392 72 0.2235294117647059
393 72 0.7130417308594011
393 73 0.28695826914059885
394 73 1.0
395 73 0.49079635729509785
395 74 0.5092036427049021
396 73 0.13497045790251108
396 74 0.865029542097489
397 75 0.4916493724676351
397 76 0.5083506275323648
398 76 1.0
399 75 0.1129872311827957
399 76 0.7830141129032258
399 121 0.1039986559139785
400 76 0.44585849870578087
400 77 0.48080241587575495
400 122 0.04659188955996549
400 123 0.026747195858498704
401 122 0.013354065672733924
401 123 0.543583645842861
401 124 0.443062288484405
402 77 0.3613747954173486
402 84 0.03927986906710311
402 124 0.4088379705400982
402 125 0.1905073649754501
403 78 0.02764819660939811
403 84 0.13824098304699056
403 124 0.029923768346797133
403 125 0.8041870519968142
404 78 0.3665518470127094
404 125 0.6334481529872906
405 78 0.05847953216374269
405 125 0.9415204678362573
406 78 0.6633364750235626
406 125 0.3366635249764373
407 78 0.8864501395584877
407 79 0.015097690941385435
407 125 0.09845216950012688
408 78 0.0743127147766323
408 79 0.9256872852233677
409 81 0.09412832929782082
409 82 0.2820823244552058
409 83 0.12590799031476999
409 134 0.4978813559322034
410 79 0.4022068368671571
410 134 0.5977931631328429
411 78 0.6555695519165017
411 79 0.17671405434587006
411 134 0.16771639373762823
412 78 0.8846792452830189
412 125 0.11532075471698114
413 78 0.39102818578801113
413 126 0.4055180627233029
413 127 0.203453751488686
414 78 0.15663560815915387
414 127 0.16293125157391086
414 134 0.4626038781163435
414 135 0.21782926215059178
415 134 0.4845334026514167
415 135 0.5154665973485834
416 83 0.20588235294117646
416 134 0.6546003016591252
416 135 0.13951734539969834
417 83 1.0
418 90 0.7915584415584416
418 91 0.09545454545454546
418 92 0.09285714285714286
418 94 0.02012987012987013
419 89 0.27425821972734565
419 90 0.35525260625501204
419 91 0.31595829991980756
419 135 0.0545308740978348
420 89 0.4008766014834794
420 135 0.5991233985165205
421 135 1.0
422 127 0.44240913014289823
422 129 0.3038266040088232
422 135 0.2537642658482785
423 126 0.625375939849624
423 127 0.3746240601503759
424 116 0.352044352044352
424 126 0.647955647955648
425 116 0.44760765550239234
425 126 0.3650717703349282
425 128 0.18732057416267942
426 127 0.3746679714804977
426 128 0.6253320285195023
427 127 0.04411764705882353
427 128 0.9558823529411765
428 89 0.011372682815876264
428 127 0.04787899465483908
428 129 0.46138974184010006
428 130 0.2229045831911748
428 131 0.2564539974980098
429 89 0.3418079096045198
429 91 0.23728813559322035
429 92 0.07062146892655367
429 132 0.3502824858757062
430 91 0.0039079461571862786
430 92 0.4146765089014329
430 94 0.22231871471993053
430 95 0.3512809379070777
430 132 0.007815892314372557
431 93 0.2871046228710462
431 95 0.6642335766423357
431 132 0.04866180048661801
432 93 0.157001414427157
432 99 0.842998585572843
433 93 0.34517766497461927
433 132 0.6548223350253807
434 93 0.9268461007591442
434 99 0.07315389924085576
435 93 0.22762299940723177
435 131 0.6028452874925904
435 132 0.16953171310017784
436 131 1.0
437 131 1.0
438 130 0.8340064620355412
438 131 0.16599353796445881
439 128 0.9213564213564214
439 130 0.07864357864357864
440 128 0.9180839986115932
440 130 0.08191600138840681
441 128 0.9010869565217391
441 130 0.09891304347826087
442 116 0.8816614420062696
442 128 0.11833855799373041
443 116 1.0
444 116 1.0
445 116 0.8930693069306931
445 128 0.10693069306930693
446 116 0.3003270348837209
446 128 0.6996729651162791
447 116 0.030173497611264772
447 128 0.9698265023887352
448 128 0.10909992561368709
448 130 0.5786015373171336
448 131 0.31229853706917926
449 130 0.019865905140302956
449 131 0.980134094859697
450 93 0.5240274599542334
450 131 0.4759725400457666
451 93 0.9782828282828283
451 99 0.021717171717171718
452 93 0.5853242320819113
452 99 0.41467576791808874
453 99 0.9553264604810997
453 133 0.044673539518900345
454 99 1.0
455 93 0.4590092064883823
455 99 0.5409907935116177
456 93 0.6180719726819017
456 131 0.3819280273180982
457 93 1.0
458 93 1.0
459 93 0.3291072371896461
459 131 0.6708927628103539
460 130 0.5064357594196115
460 131 0.4935642405803885
461 130 0.761015561015561
461 131 0.238984438984439
462 128 0.22018081073199183
462 130 0.7798191892680082
463 128 0.38009049773755654
463 130 0.6199095022624435
464 128 0.46963761018609207
464 130 0.5303623898139079
465 128 1.0
466 116 0.44653676109382673
466 128 0.5534632389061732
467 128 0.34798534798534797
467 130 0.652014652014652
468 116 1.0
469 114 1.0
470 114 1.0
471 114 1.0
472 114 1.0
473 114 1.0
474 112 0.10517065951345851
474 114 0.40088798446027196
474 115 0.3130145222458607
474 116 0.10054574044954213
474 126 0.08038109333086671
475 112 0.44555845197513533
475 115 0.543613394826549
475 126 0.010828153198315621
476 112 0.28603678929765886
476 115 0.2599498327759197
476 125 0.4540133779264214
477 125 1.0
478 125 1.0
479 125 1.0
480 124 0.20132610006027726
480 125 0.7986738999397227
481 124 0.8248474647590995
481 125 0.1751525352409005
482 124 1.0
483 123 0.4806910569105691
483 124 0.5193089430894309
484 123 0.9859929964982491
484 124 0.014007003501750876
485 122 0.7785010228752092
485 123 0.22149897712479077
486 121 0.6537165955535594
486 122 0.3462834044464406
487 121 0.8679915767307186
487 122 0.1320084232692814
488 121 0.034653465346534656
488 122 0.9653465346534653
489 122 0.29418519678463306
489 123 0.7058148032153669
490 121 0.06304480032434624
490 122 0.8799918913440097
490 123 0.05696330833164403
491 120 0.46431740398022564
491 121 0.5356825960197744
492 124 1.0
493 74 0.058717095663339755
493 75 0.09175275783575557
493 120 0.5411194770326271
493 121 0.3084106694682776
494 73 0.386266339402934
494 74 0.12306638506764085
494 119 0.2827216165306239
494 120 0.2079456589988013
495 73 1.0
496 73 0.927784112504751
496 74 0.07221588749524896
497 72 0.044868301544050866
497 73 0.9551316984559491
498 70 0.05789592250506871
498 73 0.7792295562063528
498 118 0.16287452128857852
499 70 0.7280362842264404
499 72 0.27196371577355954
500 70 0.9697687642153147
500 72 0.030231235784685367
501 70 1.0
502 70 1.0
503 70 1.0
504 70 1.0
505 70 1.0
506 1 0.06132398872552754
506 70 0.9386760112744724
507 1 0.12155817054083821
507 70 0.8671961045736479
507 117 0.011245724885513883
508 70 0.9491576413959085
508 117 0.050842358604091455
509 1 0.11292581661747786
509 70 0.004552048421789806
509 117 0.8825221349607323
510 117 0.23391922213911742
510 118 0.7660807778608826
511 118 0.4931253305129561
511 119 0.5068746694870438
512 119 0.2345487958216462
512 120 0.7654512041783538
513 120 1.0
514 119 0.8303481874194011
514 120 0.16965181258059894
515 117 0.2524357838795394
515 118 0.7475642161204605
516 117 1.0
517 0 0.25616657439872054
517 1 0.7438334256012794
518 1 1.0
519 1 0.3088384350293939
519 117 0.6911615649706061
520 1 1.0
521 1 0.8764787963356185
521 70 0.12352120366438149
522 70 1.0
523 1 0.14709800190294958
523 70 0.8529019980970505
524 70 1.0
525 70 1.0
526 70 1.0
527 70 1.0
528 70 1.0
529 0 0.09335731358118182
529 70 0.9066426864188182
530 2 1.0
531 0 0.6467570477023481
531 1 0.06696158245307139
531 2 0.06437125748502993
531 70 0.22191011235955055
532 2 0.814176245210728
532 3 0.18582375478927204
533 0 0.7705386289445049
533 1 0.00240297424737033
533 2 0.22705839680812478
534 0 0.41803981331555384
534 1 0.5535289075150014
534 70 0.02843127916944471
535 0 0.10931307793923382
535 1 0.8906869220607662
536 1 1.0
537 0 0.6409450026846667
537 1 0.3590549973153333
538 0 0.7635367652222769
538 1 0.23646323477772316
539 0 0.4779844031193761
539 1 0.5220155968806238
540 0 0.18571717171717173
540 2 0.6866060606060606
540 3 0.12767676767676767
541 2 0.16939730836746636
541 3 0.8306026916325336
542 1 0.8263054528650647
542 117 0.17369454713493532
543 117 0.21762659451101662
543 118 0.7823734054889834
544 118 0.6821528884840203
544 119 0.31784711151597966
545 119 0.03521953510213665
545 120 0.9647804648978634
546 120 0.5736565368505481
546 121 0.42634346314945193
547 120 0.22738230289279637
547 121 0.7726176971072036
548 121 0.9128540305010894
548 122 0.08714596949891068
549 122 0.6181216383947041
549 123 0.3818783616052958
550 122 0.0078125
550 123 0.9921875
551 123 0.555293562838953
551 124 0.4447064371610469
552 124 1.0
553 124 0.9051599884692995
553 125 0.09484001153070049
554 109 0.3170922355393434
554 123 0.6474726420010423
554 124 0.03543512245961438
555 110 0.5854390397978522
555 124 0.41456096020214783
556 110 0.2178988326848249
556 111 0.3477184294304917
556 124 0.4343827378846834
557 111 0.7050882658359294
557 124 0.20768431983385255
557 125 0.08722741433021806
558 111 0.9521261616446072
558 112 0.04787383835539285
559 111 0.8863010798221469
559 112 0.11369892017785306
560 110 0.023818525519848772
560 111 0.9761814744801512
561 111 0.29263746505125815
561 112 0.4118359739049394
561 113 0.2781919850885368
561 114 0.01733457595526561
562 111 0.8669304691916337
562 113 0.1330695308083663
563 113 0.8485380850796838
563 114 0.15146191492031622
564 113 0.773941759231462
564 114 0.22605824076853798
565 113 1.0
566 113 0.1536445332001997
566 114 0.8463554667998003
567 113 0.8220986796386379
567 114 0.17790132036136205
568 113 1.0
569 113 1.0
570 113 0.6276970808066563
570 114 0.3723029191933437
571 113 0.1386385426653883
571 114 0.8613614573346117
572 114 1.0
573 114 0.3222553068869465
573 116 0.6777446931130535
574 116 1.0
575 114 0.3596001859600186
575 116 0.6403998140399814
576 114 0.7407639323731997
576 116 0.25923606762680024
577 113 1.0
578 113 1.0
579 113 1.0
580 113 1.0
581 110 0.042818305391934756
581 111 0.4012233801540553
581 113 0.55595831445401
582 109 0.2797552421461085
582 110 0.7202447578538915
583 110 1.0
584 109 1.0
585 109 0.5335860875298772
585 123 0.4664139124701228
586 107 0.035583846394657205
586 109 0.44871125952207036
586 122 0.4927475738286549
586 123 0.022957320254617553
587 107 0.33472558071370995
587 121 0.3478420165604162
587 122 0.3174324027258738
588 106 0.02662690382362339
588 107 0.5158163808712323
588 121 0.4575567153051443
589 106 0.43446475195822454
589 120 0.3810111559458818
589 121 0.18452409209589365
590 106 1.0
591 117 0.00634960949901581
591 118 0.826909645056829
591 119 0.16674074544415518
592 117 0.9402182678350627
592 118 0.059781732164937366
593 1 0.9304246341682377
593 117 0.06957536583176227
594 0 0.12773722627737227
594 1 0.47855839416058393
594 117 0.3937043795620438
595 1 0.45785170566676064
595 117 0.5421482943332394
596 117 1.0
597 106 0.17878211227402474
597 117 0.5600380589914368
597 118 0.26117982873453854
598 106 0.03505305525064032
598 118 0.09206000731796561
598 119 0.8728869374313941
599 106 1.0
600 106 1.0
601 106 1.0
602 106 0.5653406970669453
602 107 0.4346593029330547
603 107 1.0
604 107 0.5700697526949905
604 108 0.4299302473050095
605 108 0.3965220907896067
605 109 0.6034779092103932
606 108 0.09642301710730948
606 109 0.9035769828926905
607 108 0.7557934679495867
607 109 0.2149342729367123
607 110 0.029272259113701043
608 110 1.0
609 110 0.4327640125090209
609 113 0.567235987490979
610 113 1.0
611 113 1.0
612 113 1.0
613 113 1.0
614 113 1.0
615 113 1.0
616 113 1.0
617 113 1.0
618 113 1.0
619 104 0.04593164833319338
619 113 0.9540683516668066
620 104 1.0
621 104 1.0
622 104 1.0
623 103 0.0698437853746887
623 104 0.20579578899705683
623 105 0.0778809146479511
623 108 0.1045958795562599
623 109 0.019809825673534072
623 110 0.4737378311070863
623 113 0.04833597464342314
624 104 0.9146294439731626
624 105 0.08537055602683735
625 103 0.20663104062517956
625 106 0.3463770614261909
625 107 0.3975751307245877
625 108 0.049416767224041834
626 103 0.15393461475275177
626 106 0.8460653852472483
627 106 1.0
628 106 1.0
629 106 1.0
630 106 1.0
631 106 1.0
632 106 0.10464887031268483
632 117 0.8953511296873151
633 1 0.29851001883884226
633 117 0.7014899811611577
634 106 0.07547789888809772
634 117 0.9245221011119023
635 1 0.09330143540669857
635 106 0.9066985645933014
636 106 0.8909159065350494
636 117 0.10908409346495064
637 106 1.0
638 106 1.0
639 106 1.0
640 106 1.0
641 106 1.0
642 103 0.5299479166666666
642 105 0.4700520833333333
643 104 0.6617262423714037
643 105 0.33827375762859635
644 104 1.0
645 104 1.0
646 104 1.0
647 104 1.0
648 104 1.0
649 104 1.0
650 104 1.0
651 104 0.5089085775484373
651 113 0.4910914224515627
652 104 0.020199225235196457
652 113 0.9798007747648035
653 113 1.0
654 104 0.1323666721590597
654 113 0.8676333278409403
655 113 1.0
656 113 1.0
657 104 0.2371878534760289
657 113 0.7628121465239711
658 104 1.0
659 104 1.0
660 113 1.0
661 113 1.0
662 113 1.0
663 104 1.0
664 104 1.0
665 104 1.0
666 104 1.0
667 105 0.6509976976208749
667 106 0.3490023023791251
668 104 0.2283593599383073
668 105 0.391844997108155
668 106 0.3797956429535377
669 104 0.14731833910034603
669 105 0.08875432525951557
669 106 0.7639273356401384
670 106 1.0
671 106 1.0
672 106 1.0
673 106 1.0
674 106 1.0
675 106 1.0
676 104 0.027021230967188507
676 106 0.9729787690328114
677 104 0.31009738595592007
677 106 0.6899026140440799
678 106 1.0
679 106 1.0
680 106 1.0
681 104 0.7239512855209743
681 106 0.27604871447902574
682 104 0.8628845811844211
682 106 0.13711541881557887
683 104 0.9434442625931988
683 106 0.05655573740680123
684 104 1.0
685 104 1.0
686 104 1.0
687 104 1.0
688 104 1.0
689 104 1.0
690 104 1.0
691 104 1.0
692 104 1.0
693 104 1.0
694 104 1.0
695 104 1.0
696 104 1.0
697 104 1.0
698 104 1.0
699 104 1.0
700 104 1.0
701 104 1.0
702 104 1.0
703 104 1.0
704 104 1.0
705 104 1.0
706 104 1.0
707 104 1.0
708 104 1.0
709 104 1.0
710 104 1.0
711 104 1.0
712 104 1.0
713 104 1.0
714 104 1.0
715 104 1.0
716 104 1.0
717 1 1.0
718 1 1.0
719 21 0.024055755395683453
719 22 0.02045863309352518
719 31 0.04114208633093525
719 34 0.08992805755395683
719 41 0.002922661870503597
719 45 0.20323741007194246
719 46 0.07508992805755396
719 57 0.008992805755395683
719 58 0.03237410071942446
719 59 0.05935251798561151
719 99 0.02473021582733813
719 104 0.06474820143884892
719 114 0.014388489208633094
719 116 0.01393884892086331
719 136 0.18390287769784172
719 137 0.14073741007194246
720 106 1.0
721 4 1.0
722 36 0.20744897959183672
722 40 0.7925510204081633
723 40 1.0
724 39 0.41369182105738816
724 44 0.5289200180750113
724 45 0.05738816086760054
725 39 1.0
726 36 0.6754385964912281
726 37 0.32456140350877194
727 23 0.3579661016949153
727 24 0.6420338983050847
728 10 0.18769268713774817
728 24 0.8123073128622518
729 83 0.6622257053291536
729 94 0.03213166144200627
729 96 0.3056426332288401
730 50 1.0
731 57 1.0
732 69 1.0
733 68 0.9770932069510269
733 69 0.022906793048973143
734 31 1.0
735 31 0.20730717185385655
735 32 0.7926928281461434
736 32 0.49170537491705374
736 33 0.5082946250829462
737 33 0.4898084291187739
737 34 0.510191570881226
738 25 0.18826176636039751
738 33 0.6591036939808738
738 34 0.15263453965872867
739 44 1.0
740 136 0.2510748065348237
740 137 0.7489251934651763
741 104 1.0
742 106 1.0
743 106 0.8640776699029126
743 120 0.13592233009708737
744 119 1.0
745 1 0.0023134377685240268
745 117 0.997686562231476
746 117 1.0
747 1 1.0
748 1 1.0
749 2 0.7414976784793047
749 3 0.25850232152069524
750 118 0.5340896812533765
750 119 0.4659103187466234
751 71 0.059800664451827246
751 72 0.9401993355481728
752 75 0.4263601332375416
752 76 0.5736398667624584
753 50 0.13942513942513943
753 100 0.8605748605748605
754 76 1.0
755 64 1.0
756 63 0.0108036600154338
756 65 0.9891963399845662
757 136 1.0
758 136 1.0
759 136 1.0
760 136 1.0
761 136 1.0
762 104 1.0
763 105 0.11605839416058394
763 106 0.8839416058394161
764 106 0.08336448598130841
764 117 0.23794392523364485
764 118 0.6786915887850468
765 70 0.12401185770750989
765 118 0.8759881422924901
766 76 1.0
767 96 1.0
768 114 1.0
769 114 0.0416030534351145
769 116 0.9583969465648855
770 113 1.0
771 113 1.0
772 104 0.8941009958044785
772 113 0.10589900419552141
773 104 0.05331820760068066
773 113 0.9466817923993194
774 111 1.0
775 109 0.5912204234122043
775 110 0.4087795765877958
776 108 0.9540428472702143
776 109 0.04595715272978576
777 103 0.12489343563512362
777 105 0.8751065643648764
778 103 0.5793502797134165
778 108 0.4206497202865836
779 104 1.0
780 110 0.7589772513630382
780 111 0.24102274863696183
781 110 1.0
782 110 0.49251908396946564
782 124 0.5074809160305344
783 124 1.0
784 125 1.0
785 107 0.8766310794780545
785 109 0.12336892052194544
786 76 1.0
787 70 1.0
788 65 0.0038115203201677067
788 72 0.24865405688694078
788 73 0.0884749154318929
788 74 0.64590976225642
788 75 0.013149745104578588
789 52 0.37408670238675107
789 56 0.43010228933268385
789 57 0.11933755479785679
789 102 0.07647345348270823
790 98 0.6095505617977528
790 138 0.3904494382022472
791 95 0.19020821609454136
791 97 0.8097917839054586
792 71 0.7745222929936306
792 72 0.22547770700636943
793 61 0.04498269896193772
793 62 0.4787922759236522
793 63 0.4762250251144101
794 47 0.43020282938469406
794 48 0.2475427532526561
794 61 0.32225441736264987
795 64 1.0
796 64 1.0
797 104 1.0
798 0 0.5349396330946532
798 70 0.4650603669053468
799 70 1.0
800 49 1.0
801 136 1.0
802 136 1.0
803 136 1.0
804 136 1.0
805 136 1.0
806 136 1.0
807 27 0.15656836461126006
807 38 0.84343163538874
808 40 1.0
809 36 0.13690223005408034
809 37 0.8630977699459197
810 104 1.0
811 71 1.0
812 71 1.0
813 136 1.0
814 136 1.0
815 136 1.0
816 4 1.0
817 4 1.0
818 104 0.23771631644004945
818 106 0.7622836835599506
819 104 1.0
820 37 1.0
821 136 1.0
822 136 1.0
823 136 1.0
824 137 1.0
825 136 0.2443566591422122
825 137 0.7556433408577878
