0	0	0.0058331
0	1	0.00580912
0	2	0.0057635
0	3	0.0059483
0	4	0.00559818
0	5	0.00568759
0	6	0.00585505
0	7	0.0057245
0	8	0.00575001
0	9	0.00577835
0	10	0.00570629
0	11	0.00562657
0	12	0.00573862
0	13	0.00653679
0	14	0.00675732
0	15	0.00589532
0	16	0.179246
0	17	0.0153827
0	18	1.7544e-14
0	19	6.51833e-14
0	20	0.00860997
0	21	0.0140535
0	22	0.0057826
0	23	6.47741e-14
0	24	0.0102234
0	25	4.05237e-15
0	26	0.00639527
0	27	0.00736018
0	28	0.00572572
0	29	0.00590787
0	30	6.17467e-14
0	31	3.94567e-14
0	32	0.00581716
0	33	6.80993e-14
0	34	3.55265e-14
0	35	0.00562565
0	36	1.996e-14
0	37	0.00576868
0	38	7.38933e-14
0	39	2.02644e-14
0	40	0.00599516
0	41	7.2616e-14
0	42	3.35068e-14
0	43	3.8126e-14
0	44	0.0082836
0	45	0.00564659
0	46	1.9809e-14
0	47	0.00588145
0	48	3.42035e-14
0	49	0.0059566
0	50	0.00570174
0	51	0.00570845
0	52	0.0101217
1	0	0.00503019
1	1	0.00500621
1	2	0.0049606
1	3	0.00514539
1	4	0.00479528
1	5	0.00488469
1	6	0.00505214
1	7	0.00492159
1	8	0.0049471
1	9	0.00497544
1	10	0.00490338
1	11	7.32321e-14
1	12	0.00493571
1	13	0.00573389
1	14	0.00595442
1	15	0.00509241
1	16	0.178443
1	17	0.0145798
1	18	1.74348e-14
1	19	3.35456e-14
1	20	0.00780706
1	21	0.0132505
1	22	5.35031e-15
1	23	0.00502581
1	24	0.00942046
1	25	0.00486325
1	26	0.00559236
1	27	0.00655727
1	28	0.00492282
1	29	0.00510496
1	30	2.83596e-14
1	31	5.54151e-14
1	32	0.00501425
1	33	0.0165269
1	34	3.3921e-14
1	35	0.00482274
1	36	5.84738e-14
1	37	0.00496577
1	38	2.91455e-14
1	39	2.24199e-14
1	40	0.00519225
1	41	1.37112e-14
1	42	5.20648e-14
1	43	0.00480401
1	44	0.0074807
1	45	3.47141e-14
1	46	1.27318e-14
1	47	0.00507854
1	48	4.82792e-15
1	49	0.0051537
1	50	0.00489883
1	51	0.00490554
1	52	0.0093188
2	0	0.0042147
2	1	0.00419071
2	2	0.0041451
2	3	0.0043299
2	4	6.85246e-14
2	5	0.00406919
2	6	0.00423665
2	7	0.00410609
2	8	0.00413161
2	9	0.00415994
2	10	0.00408789
2	11	0.00400817
2	12	0.00412022
2	13	0.00491839
2	14	0.00513892
2	15	0.00427691
2	16	0.177628
2	17	0.0137643
2	18	7.11976e-14
2	19	3.15744e-14
2	20	0.00699156
2	21	0.0124351
2	22	4.802e-14
2	23	2.74573e-14
2	24	0.00860496
2	25	2.28824e-14
2	26	0.00477687
2	27	0.00574177
2	28	0.00410732
2	29	0.00428946
2	30	3.89706e-17
2	31	5.30406e-14
2	32	0.00419876
2	33	0.0157114
2	34	1.35599e-14
2	35	0.00400725
2	36	8.44909e-15
2	37	5.29476e-14
2	38	7.27298e-14
2	39	1.37291e-14
2	40	0.00437675
2	41	0.00407929
2	42	3.73011e-14
2	43	0.00398851
2	44	0.0066652
2	45	0.00402819
2	46	0.00398946
2	47	0.00426305
2	48	0.00434021
2	49	0.0043382
2	50	0.00408333
2	51	0.00409005
2	52	0.00850331
3	0	0.00471884
3	1	0.00469486
3	2	0.00464925
3	3	0.00483404
3	4	4.46561e-14
3	5	0.00457334
3	6	0.00474079
3	7	0.00461024
3	8	0.00463575
3	9	0.00466409
3	10	0.00459203
3	11	0.00451232
3	12	0.00462437
3	13	0.00542254
3	14	0.00564307
3	15	0.00478106
3	16	0.178132
3	17	0.0142685
3	18	0.00453825
3	19	4.26102e-14
3	20	0.00749571
3	21	0.0129392
3	22	0.00466835
3	23	4.64913e-14
3	24	0.00910911
3	25	0.0045519
3	26	0.00528101
3	27	0.00624592
3	28	0.00461147
3	29	0.00479361
3	30	0.00452216
3	31	4.32457e-15
3	32	0.0047029
3	33	0.0162155
3	34	4.77879e-14
3	35	0.00451139
3	36	5.68154e-15
3	37	0.00465442
3	38	1.99751e-14
3	39	9.1298e-15
3	40	0.0048809
3	41	0.00458344
3	42	3.0429e-14
3	43	7.33076e-14
3	44	0.00716935
3	45	0.00453234
3	46	3.17046e-14
3	47	0.00476719
3	48	0.00484436
3	49	0.00484235
3	50	0.00458748
3	51	0.00459419
3	52	0.00900745
4	0	0.000654062
4	1	3.45732e-14
4	2	5.55685e-14
4	3	3.24508e-14
4	4	4.52538e-14
4	5	3.10803e-14
4	6	3.63745e-14
4	7	7.23689e-14
4	8	5.80915e-14
4	9	0.000599309
4	10	5.51935e-15
4	11	6.54315e-14
4	12	3.21165e-14
4	13	1.66387e-15
4	14	2.5233e-14
4	15	2.73955e-14
4	16	4.52123e-14
4	17	6.26966e-14
4	18	5.50595e-14
4	19	5.86918e-14
4	20	6.61352e-15
4	21	0.00887442
4	22	7.47194e-15
4	23	7.36413e-14
4	24	4.28079e-14
4	25	8.12264e-15
4	26	0.00121623
4	27	2.20602e-15
4	28	5.74105e-14
4	29	9.07035e-15
4	30	4.88597e-15
4	31	4.61458e-14
4	32	2.02915e-14
4	33	4.34117e-14
4	34	7.51091e-14
4	35	5.2127e-14
4	36	1.96364e-14
4	37	1.75089e-14
4	38	7.51524e-14
4	39	7.51099e-14
4	40	4.11352e-14
4	41	3.42102e-14
4	42	2.72109e-14
4	43	1.23813e-14
4	44	2.74624e-14
4	45	2.71717e-14
4	46	4.43534e-14
4	47	5.0626e-14
4	48	3.14394e-14
4	49	4.94654e-14
4	50	6.10141e-14
4	51	6.29419e-14
4	52	3.97285e-14
5	0	0.00351413
5	1	0.00349015
5	2	0.00344454
5	3	0.00362933
5	4	0.00327922
5	5	0.00336863
5	6	0.00353608
5	7	0.00340553
5	8	0.00343104
5	9	0.00345938
5	10	0.00338732
5	11	0.00330761
5	12	0.00341966
5	13	0.00421783
5	14	0.00443836
5	15	0.00357635
5	16	0.176927
5	17	0.0130638
5	18	0.00333354
5	19	3.85158e-14
5	20	0.006291
5	21	0.0117345
5	22	1.53278e-14
5	23	0.00350975
5	24	0.0079044
5	25	0.00334719
5	26	0.0040763
5	27	0.00504121
5	28	0.00340676
5	29	0.0035889
5	30	5.99475e-14
5	31	0.00338866
5	32	2.02727e-14
5	33	0.0150108
5	34	4.43581e-14
5	35	0.00330668
5	36	3.80635e-14
5	37	0.00344971
5	38	2.00791e-14
5	39	6.67488e-14
5	40	0.00367619
5	41	0.00337873
5	42	2.7271e-14
5	43	3.00719e-14
5	44	0.00596464
5	45	3.95128e-14
5	46	0.0032889
5	47	0.00356248
5	48	0.00363965
5	49	0.00363764
5	50	0.00338277
5	51	0.00338948
5	52	0.00780274
6	0	0.00428058
6	1	0.0042566
6	2	0.00421099
6	3	0.00439579
6	4	0.00404567
6	5	0.00413508
6	6	0.00430254
6	7	0.00417198
6	8	0.00419749
6	9	0.00422583
6	10	0.00415378
6	11	0.00407406
6	12	0.00418611
6	13	0.00498428
6	14	0.00520481
6	15	0.0043428
6	16	0.177693
6	17	0.0138302
6	18	0.00409999
6	19	6.34648e-14
6	20	0.00705745
6	21	0.0125009
6	22	0.00423009
6	23	0.0042762
6	24	0.00867085
6	25	0.00411365
6	26	0.00484276
6	27	0.00580766
6	28	0.00417321
6	29	0.00435535
6	30	0.0040839
6	31	0.00415511
6	32	0.00426464
6	33	0.0157773
6	34	1.47725e-14
6	35	0.00407314
6	36	0.0040634
6	37	0.00421616
6	38	0.00405043
6	39	0.004044
6	40	0.00444264
6	41	0.00414518
6	42	0.00405724
6	43	7.29922e-14
6	44	0.00673109
6	45	0.00409408
6	46	0.00405535
6	47	0.00432893
6	48	0.0044061
6	49	0.00440409
6	50	0.00414922
6	51	0.00415594
6	52	0.00856919
7	0	0.00373224
7	1	0.00370825
7	2	0.00366264
7	3	0.00384744
7	4	3.11426e-14
7	5	0.00358673
7	6	0.00375419
7	7	0.00362364
7	8	0.00364915
7	9	0.00367749
7	10	0.00360543
7	11	0.00352571
7	12	0.00363776
7	13	0.00443593
7	14	0.00465646
7	15	0.00379446
7	16	0.177145
7	17	0.0132819
7	18	6.06906e-14
7	19	4.25858e-14
7	20	0.0065091
7	21	0.0119526
7	22	0.00368174
7	23	0.00372785
7	24	0.0081225
7	25	0.0035653
7	26	0.00429441
7	27	0.00525932
7	28	4.27637e-14
7	29	0.00380701
7	30	1.90906e-14
7	31	0.00360677
7	32	3.14994e-14
7	33	0.0152289
7	34	3.30631e-14
7	35	4.75429e-14
7	36	1.92756e-14
7	37	0.00366782
7	38	2.85666e-14
7	39	7.38354e-14
7	40	0.0038943
7	41	3.15416e-15
7	42	4.15156e-14
7	43	4.20325e-14
7	44	0.00618274
7	45	0.00354573
7	46	5.11236e-14
7	47	0.00378059
7	48	0.00385775
7	49	0.00385574
7	50	0.00360088
7	51	0.00360759
7	52	0.00802085
8	0	0.00379764
8	1	0.00377365
8	2	0.00372804
8	3	0.00391284
8	4	2.94404e-14
8	5	0.00365213
8	6	0.00381959
8	7	0.00368903
8	8	0.00371454
8	9	0.00374288
8	10	0.00367083
8	11	0.00359111
8	12	0.00370316
8	13	0.00450133
8	14	0.00472186
8	15	0.00385985
8	16	0.177211
8	17	0.0133473
8	18	0.00361704
8	19	5.45755e-15
8	20	0.0065745
8	21	0.012018
8	22	0.00374714
8	23	0.00379325
8	24	0.0081879
8	25	1.71741e-14
8	26	0.00435981
8	27	0.00532471
8	28	0.00369026
8	29	0.0038724
8	30	2.15305e-14
8	31	5.0879e-14
8	32	7.13675e-14
8	33	0.0152943
8	34	3.73911e-14
8	35	0.00359019
8	36	4.71086e-14
8	37	5.988e-14
8	38	3.84357e-14
8	39	3.92188e-14
8	40	0.00395969
8	41	0.00366223
8	42	3.55715e-14
8	43	2.49056e-14
8	44	0.00624814
8	45	0.00361113
8	46	0.0035724
8	47	0.00384599
8	48	0.00392315
8	49	0.00392114
8	50	0.00366627
8	51	0.00367299
8	52	0.00808624
9	0	0.00379891
9	1	0.00377493
9	2	0.00372932
9	3	0.00391411
9	4	0.003564
9	5	0.00365341
9	6	0.00382087
9	7	0.00369031
9	8	0.00371582
9	9	0.00374416
9	10	0.0036721
9	11	0.00359239
9	12	0.00370444
9	13	0.00450261
9	14	0.00472314
9	15	0.00386113
9	16	0.177212
9	17	0.0133486
9	18	0.00361832
9	19	0.0035656
9	20	0.00657578
9	21	0.0120193
9	22	0.00374842
9	23	0.00379453
9	24	0.00818918
9	25	0.00363197
9	26	0.00436108
9	27	0.00532599
9	28	0.00369154
9	29	0.00387368
9	30	0.00360223
9	31	0.00367344
9	32	0.00378297
9	33	0.0152956
9	34	6.75912e-14
9	35	0.00359147
9	36	1.82154e-14
9	37	0.00373449
9	38	0.00356876
9	39	1.40771e-14
9	40	0.00396097
9	41	0.00366351
9	42	6.71617e-14
9	43	0.00357273
9	44	0.00624942
9	45	0.00361241
9	46	0.00357368
9	47	0.00384726
9	48	0.00392443
9	49	0.00392242
9	50	0.00366755
9	51	0.00367427
9	52	0.00808752
10	0	0.0037707
10	1	0.00374672
10	2	0.0037011
10	3	0.0038859
10	4	6.99528e-14
10	5	0.00362519
10	6	0.00379265
10	7	0.0036621
10	8	0.00368761
10	9	0.00371595
10	10	0.00364389
10	11	5.94134e-14
10	12	0.00367622
10	13	0.00447439
10	14	0.00469492
10	15	0.00383292
10	16	0.177184
10	17	0.0133203
10	18	5.59626e-14
10	19	3.88619e-14
10	20	0.00654757
10	21	0.0119911
10	22	0.0037202
10	23	0.00376631
10	24	0.00816096
10	25	2.07543e-14
10	26	0.00433287
10	27	0.00529778
10	28	0.00366332
10	29	0.00384547
10	30	6.27391e-14
10	31	1.18012e-14
10	32	4.15638e-15
10	33	3.16368e-14
10	34	5.94458e-14
10	35	0.00356325
10	36	4.54489e-14
10	37	0.00370628
10	38	2.54048e-14
10	39	5.47223e-14
10	40	0.00393276
10	41	0.0036353
10	42	3.55649e-14
10	43	1.76335e-14
10	44	0.0062212
10	45	6.05507e-15
10	46	4.01992e-14
10	47	0.00381905
10	48	0.00389621
10	49	0.00389421
10	50	0.00363934
10	51	0.00364605
10	52	0.00805931
11	0	0.0042148
11	1	6.97458e-14
11	2	0.0041452
11	3	0.00433
11	4	6.71229e-14
11	5	0.00406929
11	6	0.00423675
11	7	0.0041062
11	8	0.00413171
11	9	0.00416005
11	10	1.45341e-15
11	11	4.90334e-14
11	12	0.00412032
11	13	0.0049185
11	14	0.00513902
11	15	0.00427702
11	16	0.177628
11	17	0.0137644
11	18	6.90088e-14
11	19	5.21707e-14
11	20	0.00699167
11	21	0.0124352
11	22	2.90483e-15
11	23	6.45801e-14
11	24	4.2058e-14
11	25	4.44586e-14
11	26	0.00477697
11	27	0.00574188
11	28	0.00410743
11	29	0.00428957
11	30	3.58486e-14
11	31	3.18382e-14
11	32	1.83039e-14
11	33	4.50482e-14
11	34	4.02382e-14
11	35	9.61649e-15
11	36	4.59e-15
11	37	5.4353e-14
11	38	7.18167e-14
11	39	8.34898e-15
11	40	7.00893e-14
11	41	3.57728e-15
11	42	7.0481e-14
11	43	3.80988e-14
11	44	1.37825e-14
11	45	4.85899e-14
11	46	2.56457e-14
11	47	4.03179e-14
11	48	5.49694e-15
11	49	0.00433831
11	50	0.00408344
11	51	7.33345e-14
11	52	0.00850341
12	0	0.00361482
12	1	0.00359084
12	2	0.00354523
12	3	0.00373002
12	4	7.4881e-14
12	5	0.00346932
12	6	0.00363677
12	7	0.00350622
12	8	0.00353173
12	9	0.00356007
12	10	0.00348801
12	11	0.0034083
12	12	0.00352035
12	13	0.00431852
12	14	0.00453905
12	15	0.00367704
12	16	0.177028
12	17	0.0131645
12	18	0.00343423
12	19	6.07146e-14
12	20	0.00639169
12	21	0.0118352
12	22	0.00356433
12	23	0.00361044
12	24	0.00800509
12	25	0.00344788
12	26	0.00417699
12	27	0.0051419
12	28	0.00350745
12	29	0.00368959
12	30	0.00341814
12	31	0.00348935
12	32	6.52664e-14
12	33	0.0151115
12	34	6.33715e-14
12	35	0.00340737
12	36	0.00339763
12	37	0.0035504
12	38	5.0064e-14
12	39	7.12785e-14
12	40	0.00377688
12	41	0.00347942
12	42	0.00339148
12	43	6.36061e-14
12	44	0.00606533
12	45	0.00342832
12	46	0.00338959
12	47	0.00366317
12	48	0.00374034
12	49	0.00373833
12	50	0.00348346
12	51	0.00349017
12	52	0.00790343
13	0	0.00495403
13	1	0.00493004
13	2	0.00488443
13	3	0.00506923
13	4	0.00471911
13	5	0.00480852
13	6	0.00497598
13	7	0.00484543
13	8	0.00487094
13	9	0.00489928
13	10	0.00482722
13	11	0.0047475
13	12	0.00485955
13	13	0.00565772
13	14	0.00587825
13	15	0.00501624
13	16	0.178367
13	17	0.0145037
13	18	3.42311e-16
13	19	3.48167e-14
13	20	0.00773089
13	21	0.0131744
13	22	0.00490353
13	23	0.00494964
13	24	0.00934429
13	25	0.00478709
13	26	0.0055162
13	27	0.00648111
13	28	0.00484665
13	29	0.00502879
13	30	1.67203e-14
13	31	6.54984e-14
13	32	0.00493809
13	33	0.0164507
13	34	2.00428e-15
13	35	0.00474658
13	36	0.00473684
13	37	1.39141e-14
13	38	1.97894e-15
13	39	3.04236e-15
13	40	0.00511608
13	41	0.00481862
13	42	3.36113e-14
13	43	1.58818e-14
13	44	0.00740453
13	45	3.06038e-14
13	46	4.5882e-15
13	47	0.00500238
13	48	0.00507954
13	49	0.00507753
13	50	0.00482267
13	51	0.00482938
13	52	0.00924264
14	0	0.00591458
14	1	0.0058906
14	2	0.00584499
14	3	0.00602978
14	4	5.362e-14
14	5	0.00576908
14	6	0.00593653
14	7	0.00580598
14	8	0.00583149
14	9	0.00585983
14	10	0.00578777
14	11	0.00570805
14	12	0.0058201
14	13	0.00661828
14	14	0.00683881
14	15	0.0059768
14	16	0.179327
14	17	0.0154642
14	18	0.00573399
14	19	0.00568127
14	20	0.00869145
14	21	0.0141349
14	22	0.00586408
14	23	0.0059102
14	24	0.0103048
14	25	0.00574764
14	26	0.00647675
14	27	0.00744166
14	28	0.00580721
14	29	0.00598935
14	30	0.0057179
14	31	0.00578911
14	32	0.00589864
14	33	0.0174113
14	34	5.48679e-14
14	35	1.22784e-15
14	36	0.00569739
14	37	0.00585016
14	38	5.0833e-14
14	39	5.12281e-14
14	40	0.00607664
14	41	0.00577918
14	42	4.80024e-15
14	43	1.79665e-14
14	44	0.00836509
14	45	0.00572807
14	46	1.32053e-14
14	47	0.00596293
14	48	0.0060401
14	49	0.00603809
14	50	0.00578322
14	51	0.00578993
14	52	0.0102032
15	0	0.0043959
15	1	0.00437191
15	2	0.0043263
15	3	0.0045111
15	4	0.00416098
15	5	0.00425039
15	6	0.00441785
15	7	0.00428729
15	8	0.00431281
15	9	0.00434114
15	10	0.00426909
15	11	0.00418937
15	12	0.00430142
15	13	0.00509959
15	14	0.00532012
15	15	0.00445811
15	16	0.177809
15	17	0.0139455
15	18	0.0042153
15	19	2.43657e-14
15	20	0.00717276
15	21	0.0126163
15	22	3.29439e-14
15	23	5.70579e-14
15	24	0.00878616
15	25	3.16188e-14
15	26	0.00495807
15	27	0.00592297
15	28	6.17206e-14
15	29	0.00447066
15	30	1.25208e-14
15	31	6.0731e-14
15	32	0.00437996
15	33	0.0158926
15	34	4.71085e-14
15	35	0.00418845
15	36	4.05345e-14
15	37	2.03463e-14
15	38	0.00416574
15	39	5.69453e-14
15	40	0.00455795
15	41	5.82269e-14
15	42	1.84366e-14
15	43	0.00416971
15	44	0.0068464
15	45	0.00420939
15	46	6.36817e-14
15	47	0.00444425
15	48	0.00452141
15	49	0.0045194
15	50	0.00426453
15	51	0.00427125
15	52	0.00868451
16	0	0.0307005
16	1	0.0306765
16	2	0.0306309
16	3	0.0308157
16	4	5.40558e-14
16	5	0.030555
16	6	0.0307224
16	7	0.0305919
16	8	0.0306174
16	9	0.0306457
16	10	0.0305737
16	11	5.15663e-17
16	12	0.030606
16	13	0.0314042
16	14	0.0316247
16	15	0.0307627
16	16	0.204113
16	17	0.0402501
16	18	7.11e-14
16	19	1.38178e-14
16	20	0.0334773
16	21	0.0389208
16	22	0.03065
16	23	0.0306961
16	24	0.0350907
16	25	4.57009e-14
16	26	0.0312626
16	27	0.0322275
16	28	0.0305931
16	29	1.28926e-14
16	30	1.01009e-14
16	31	1.98335e-14
16	32	1.77094e-14
16	33	1.50683e-14
16	34	1.06132e-14
16	35	5.28518e-14
16	36	2.56119e-14
16	37	7.45498e-14
16	38	2.98059e-14
16	39	1.46361e-14
16	40	5.25609e-14
16	41	0.0305651
16	42	4.41492e-14
16	43	1.89235e-14
16	44	7.3796e-14
16	45	3.043e-15
16	46	2.0926e-14
16	47	0.0307488
16	48	0.030826
16	49	0.030824
16	50	0.0305691
16	51	0.0305758
16	52	0.0349891
17	0	0.00729648
17	1	0.00727249
17	2	0.00722688
17	3	0.00741168
17	4	2.51092e-14
17	5	0.00715097
17	6	0.00731843
17	7	0.00718788
17	8	0.00721339
17	9	0.00724173
17	10	0.00716967
17	11	0.00708995
17	12	0.007202
17	13	0.00800017
17	14	0.0082207
17	15	0.00735869
17	16	0.180709
17	17	0.0168461
17	18	2.0258e-14
17	19	6.79137e-14
17	20	0.0100733
17	21	0.0155168
17	22	5.17858e-14
17	23	0.00729209
17	24	0.0116867
17	25	0.00712954
17	26	0.00785865
17	27	0.00882356
17	28	3.18041e-14
17	29	0.00737124
17	30	2.69952e-14
17	31	2.19561e-15
17	32	0.00728054
17	33	0.0187932
17	34	4.03455e-14
17	35	5.26589e-15
17	36	1.90574e-14
17	37	0.00723206
17	38	6.41289e-14
17	39	4.47768e-14
17	40	0.00745853
17	41	0.00716107
17	42	1.16547e-14
17	43	5.10967e-14
17	44	0.00974698
17	45	4.7975e-14
17	46	0.00707124
17	47	0.00734483
17	48	0.00742199
17	49	0.00741998
17	50	0.00716512
17	51	0.00717183
17	52	0.0115851
18	0	1.41776e-14
18	1	6.76454e-14
18	2	8.29916e-15
18	3	1.44355e-14
18	4	3.7367e-14
18	5	5.48019e-14
18	6	5.55253e-14
18	7	5.95044e-14
18	8	2.48763e-14
18	9	5.0168e-14
18	10	1.22321e-14
18	11	2.38659e-14
18	12	7.25381e-14
18	13	7.23953e-14
18	14	6.3425e-14
18	15	4.5946e-14
18	16	7.0385e-14
18	17	3.47203e-15
18	18	3.32877e-14
18	19	3.30756e-14
18	20	1.36126e-14
18	21	5.07256e-14
18	22	5.03659e-14
18	23	2.40605e-14
18	24	3.46788e-14
18	25	2.15233e-14
18	26	2.26436e-14
18	27	5.24831e-15
18	28	2.47016e-14
18	29	2.65712e-14
18	30	5.55569e-14
18	31	8.67237e-15
18	32	6.28973e-14
18	33	3.3608e-14
18	34	6.79816e-14
18	35	5.75996e-14
18	36	1.26396e-14
18	37	5.06189e-14
18	38	6.96042e-14
18	39	2.51416e-14
18	40	3.93992e-15
18	41	5.41087e-15
18	42	4.787e-14
18	43	6.46914e-14
18	44	2.45128e-14
18	45	3.864e-14
18	46	6.64278e-14
18	47	1.45554e-14
18	48	5.6276e-14
18	49	3.80765e-14
18	50	5.81963e-14
18	51	4.57206e-14
18	52	5.07194e-14
19	0	5.05622e-14
19	1	1.54104e-14
19	2	1.8546e-14
19	3	5.09658e-14
19	4	2.58303e-14
19	5	1.63192e-14
19	6	5.58721e-14
19	7	2.51832e-14
19	8	5.78452e-14
19	9	7.5236e-14
19	10	2.64951e-14
19	11	1.93753e-14
19	12	6.83996e-15
19	13	1.11879e-14
19	14	7.0386e-14
19	15	2.23631e-14
19	16	5.34344e-14
19	17	1.9437e-14
19	18	2.4292e-14
19	19	1.15015e-14
19	20	6.62192e-14
19	21	3.67887e-14
19	22	3.31828e-14
19	23	8.63426e-15
19	24	4.86937e-14
19	25	6.14274e-14
19	26	5.97791e-14
19	27	7.41011e-14
19	28	1.41695e-14
19	29	7.02757e-14
19	30	2.87322e-14
19	31	1.92442e-15
19	32	1.04346e-14
19	33	5.95501e-14
19	34	9.85626e-15
19	35	2.83804e-14
19	36	4.46701e-14
19	37	2.75082e-15
19	38	3.42438e-14
19	39	6.72846e-14
19	40	3.84787e-14
19	41	6.82089e-14
19	42	3.46839e-15
19	43	5.61175e-14
19	44	6.94391e-14
19	45	5.37463e-14
19	46	4.25253e-14
19	47	7.41876e-14
19	48	4.2508e-14
19	49	6.7659e-14
19	50	6.92311e-14
19	51	2.12746e-14
19	52	1.10456e-14
20	0	0.00475305
20	1	0.00472907
20	2	0.00468345
20	3	0.00486825
20	4	2.34587e-14
20	5	0.00460754
20	6	0.004775
20	7	0.00464445
20	8	0.00466996
20	9	0.0046983
20	10	0.00462624
20	11	1.70487e-14
20	12	0.00465857
20	13	0.00545674
20	14	0.00567727
20	15	0.00481527
20	16	0.178166
20	17	0.0143027
20	18	4.49621e-14
20	19	5.24733e-14
20	20	0.00752992
20	21	0.0129734
20	22	4.69542e-14
20	23	2.09222e-14
20	24	0.00914331
20	25	3.29867e-14
20	26	0.00531522
20	27	0.00628013
20	28	2.23961e-14
20	29	5.15929e-14
20	30	3.12871e-14
20	31	4.97941e-14
20	32	4.15793e-14
20	33	2.57857e-14
20	34	1.43314e-14
20	35	0.0045456
20	36	1.19427e-14
20	37	2.37993e-14
20	38	9.44436e-15
20	39	3.00426e-14
20	40	5.03043e-14
20	41	4.39388e-14
20	42	5.25292e-14
20	43	3.27725e-14
20	44	0.00720355
20	45	4.96657e-14
20	46	0.00452782
20	47	6.42294e-14
20	48	0.00487856
20	49	3.76468e-14
20	50	0.00462169
20	51	0.0046284
20	52	0.00904166
21	0	0.00838194
21	1	0.00835796
21	2	0.00831235
21	3	0.00849714
21	4	6.46061e-14
21	5	0.00823644
21	6	0.0084039
21	7	0.00827334
21	8	4.40588e-14
21	9	0.00832719
21	10	0.00825513
21	11	3.27357e-14
21	12	0.00828747
21	13	0.00908564
21	14	0.00930617
21	15	0.00844416
21	16	0.181795
21	17	0.0179316
21	18	2.16194e-14
21	19	6.13746e-14
21	20	0.0111588
21	21	0.0166023
21	22	4.3812e-14
21	23	2.98204e-14
21	24	7.24956e-14
21	25	3.73155e-14
21	26	0.00894412
21	27	0.00990902
21	28	2.32692e-14
21	29	2.3191e-14
21	30	1.7695e-14
21	31	4.28807e-14
21	32	2.53879e-14
21	33	0.0198786
21	34	6.23558e-14
21	35	4.29587e-14
21	36	1.6034e-14
21	37	0.00831752
21	38	4.98931e-14
21	39	5.68522e-14
21	40	5.5738e-14
21	41	2.3562e-14
21	42	6.65242e-14
21	43	2.07381e-14
21	44	0.0108324
21	45	6.31047e-14
21	46	1.08185e-14
21	47	4.1593e-14
21	48	5.17967e-14
21	49	1.00893e-15
21	50	4.77511e-14
21	51	0.0082573
21	52	0.0126706
22	0	2.22244e-14
22	1	2.26995e-14
22	2	3.2874e-14
22	3	6.30706e-14
22	4	1.89839e-14
22	5	3.68055e-14
22	6	5.15348e-14
22	7	4.15965e-14
22	8	3.73267e-14
22	9	1.6863e-14
22	10	5.33621e-14
22	11	2.78987e-14
22	12	1.63192e-14
22	13	5.62927e-14
22	14	1.90119e-14
22	15	5.51836e-14
22	16	3.58359e-14
22	17	5.62764e-14
22	18	4.47213e-14
22	19	3.77e-14
22	20	6.45651e-14
22	21	6.18283e-15
22	22	6.97106e-14
22	23	3.99272e-14
22	24	4.55188e-14
22	25	2.7681e-14
22	26	6.30039e-14
22	27	5.33068e-14
22	28	5.22839e-14
22	29	5.71574e-14
22	30	4.65182e-14
22	31	6.68438e-14
22	32	6.83922e-14
22	33	6.61737e-14
22	34	4.96179e-14
22	35	5.39968e-14
22	36	4.53211e-14
22	37	4.10087e-14
22	38	1.51666e-14
22	39	1.49272e-14
22	40	2.33562e-14
22	41	6.71569e-14
22	42	7.31901e-14
22	43	4.6997e-14
22	44	1.30049e-14
22	45	7.04508e-14
22	46	5.89824e-14
22	47	7.14e-14
22	48	5.52455e-14
22	49	2.57448e-14
22	50	5.03171e-14
22	51	3.93941e-14
22	52	3.26459e-14
23	0	1.34997e-14
23	1	4.17534e-14
23	2	4.09676e-14
23	3	7.50053e-14
23	4	7.85316e-15
23	5	1.35788e-14
23	6	6.51604e-14
23	7	7.18619e-14
23	8	2.03138e-15
23	9	1.85846e-14
23	10	5.41005e-14
23	11	4.42232e-14
23	12	1.64732e-14
23	13	2.53109e-14
23	14	1.86609e-14
23	15	2.31555e-14
23	16	2.17283e-14
23	17	3.62486e-14
23	18	7.13293e-14
23	19	7.32924e-14
23	20	4.39791e-14
23	21	2.14178e-14
23	22	9.07789e-15
23	23	1.85196e-14
23	24	5.70801e-14
23	25	7.65864e-15
23	26	5.45182e-14
23	27	1.29116e-14
23	28	6.41067e-15
23	29	2.46775e-15
23	30	5.81771e-14
23	31	6.29635e-14
23	32	2.06776e-14
23	33	6.00719e-14
23	34	3.02155e-14
23	35	5.14156e-14
23	36	6.21504e-14
23	37	4.93478e-14
23	38	7.07725e-14
23	39	4.71436e-14
23	40	4.48252e-14
23	41	5.11339e-14
23	42	7.71679e-15
23	43	2.13831e-14
23	44	2.91829e-14
23	45	4.75167e-14
23	46	4.78398e-15
23	47	4.61034e-14
23	48	1.48145e-14
23	49	6.48064e-14
23	50	4.93456e-15
23	51	1.82921e-14
23	52	2.64784e-15
24	0	4.09685e-14
24	1	6.00832e-14
24	2	7.31123e-14
24	3	5.46267e-14
24	4	6.24794e-15
24	5	2.84617e-14
24	6	3.32548e-14
24	7	1.36522e-14
24	8	3.61059e-14
24	9	7.05385e-14
24	10	2.95051e-14
24	11	4.62517e-14
24	12	4.713e-14
24	13	3.38787e-14
24	14	3.27697e-14
24	15	1.37502e-14
24	16	4.28991e-14
24	17	3.34514e-14
24	18	1.15962e-14
24	19	2.00052e-14
24	20	4.4934e-14
24	21	7.52006e-14
24	22	1.92311e-14
24	23	2.31096e-14
24	24	4.23515e-15
24	25	1.17267e-15
24	26	4.45731e-15
24	27	2.73055e-14
24	28	5.3862e-14
24	29	5.4475e-14
24	30	1.51774e-14
24	31	1.70178e-14
24	32	5.21332e-14
24	33	6.67943e-14
24	34	6.48901e-15
24	35	3.99583e-14
24	36	3.12262e-14
24	37	6.9512e-14
24	38	7.52421e-14
24	39	7.51055e-14
24	40	3.63594e-14
24	41	2.26053e-14
24	42	4.46313e-14
24	43	4.52958e-14
24	44	1.51589e-14
24	45	6.44441e-15
24	46	3.73663e-14
24	47	4.49019e-14
24	48	1.13802e-14
24	49	2.07051e-15
24	50	3.72751e-14
24	51	1.62553e-14
24	52	7.36821e-14
25	0	4.49122e-14
25	1	8.24315e-15
25	2	5.31703e-14
25	3	5.91385e-14
25	4	3.5792e-15
25	5	3.81776e-14
25	6	1.07787e-14
25	7	2.49254e-14
25	8	2.68929e-14
25	9	6.48034e-14
25	10	5.18627e-14
25	11	5.66215e-14
25	12	2.52704e-14
25	13	5.33617e-14
25	14	3.67294e-14
25	15	2.43621e-14
25	16	1.46295e-14
25	17	1.27953e-14
25	18	8.34474e-15
25	19	8.85389e-16
25	20	1.72306e-14
25	21	6.39299e-14
25	22	1.71441e-14
25	23	3.66605e-14
25	24	6.92736e-14
25	25	1.81657e-14
25	26	2.35523e-14
25	27	7.16053e-14
25	28	4.94503e-14
25	29	1.6662e-14
25	30	1.14601e-14
25	31	1.02988e-14
25	32	3.46675e-14
25	33	1.8965e-14
25	34	2.02184e-14
25	35	1.86184e-14
25	36	6.22093e-14
25	37	1.25075e-14
25	38	1.23148e-14
25	39	5.85676e-14
25	40	2.62953e-14
25	41	2.78643e-14
25	42	9.62851e-15
25	43	5.59607e-14
25	44	4.79446e-15
25	45	7.14104e-14
25	46	6.61767e-14
25	47	3.71031e-15
25	48	5.86689e-14
25	49	7.4065e-14
25	50	7.45121e-15
25	51	2.99019e-14
25	52	5.60949e-14
26	0	0.00487046
26	1	0.00484647
26	2	0.00480086
26	3	0.00498566
26	4	9.1027e-15
26	5	0.00472495
26	6	0.00489241
26	7	0.00476186
26	8	0.00478737
26	9	0.0048157
26	10	0.00474365
26	11	0.00466393
26	12	0.00477598
26	13	0.00557415
26	14	0.00579468
26	15	0.00493267
26	16	0.178283
26	17	0.0144201
26	18	0.00468986
26	19	1.47409e-14
26	20	0.00764732
26	21	0.0130908
26	22	0.00481996
26	23	0.00486607
26	24	0.00926072
26	25	0.00470352
26	26	0.00543263
26	27	0.00639753
26	28	0.00476308
26	29	0.00494522
26	30	1.7341e-14
26	31	0.00474499
26	32	0.00485452
26	33	0.0163671
26	34	3.33451e-14
26	35	0.00466301
26	36	2.79922e-14
26	37	0.00480603
26	38	0.0046403
26	39	6.33444e-14
26	40	0.00503251
26	41	0.00473505
26	42	4.87109e-14
26	43	4.8433e-14
26	44	0.00732096
26	45	2.53225e-14
26	46	2.62524e-14
26	47	0.00491881
26	48	0.00499597
26	49	0.00499396
26	50	0.00473909
26	51	0.00474581
26	52	0.00915907
27	0	0.00742223
27	1	0.00739824
27	2	0.00735263
27	3	0.00753743
27	4	5.75377e-14
27	5	0.00727672
27	6	0.00744418
27	7	0.00731363
27	8	0.00733914
27	9	0.00736747
27	10	0.00729542
27	11	2.08884e-14
27	12	0.00732775
27	13	0.00812592
27	14	0.00834645
27	15	0.00748444
27	16	0.180835
27	17	0.0169719
27	18	5.81397e-14
27	19	6.21833e-14
27	20	0.0101991
27	21	0.0156426
27	22	0.00737173
27	23	4.73151e-14
27	24	0.0118125
27	25	1.24998e-14
27	26	0.0079844
27	27	0.0089493
27	28	3.81231e-14
27	29	0.00749699
27	30	4.92897e-14
27	31	1.95083e-15
27	32	0.00740629
27	33	4.93838e-14
27	34	7.02816e-14
27	35	7.45229e-14
27	36	2.98878e-14
27	37	6.83708e-15
27	38	5.87569e-14
27	39	5.16962e-14
27	40	3.75674e-14
27	41	3.51998e-14
27	42	5.10979e-14
27	43	1.15932e-14
27	44	0.00987273
27	45	1.41645e-14
27	46	3.95774e-15
27	47	3.84642e-15
27	48	0.00754774
27	49	0.00754573
27	50	0.00729086
27	51	0.00729758
27	52	0.0117108
28	0	4.74073e-14
28	1	3.86181e-14
28	2	1.81593e-14
28	3	2.18723e-14
28	4	2.59867e-14
28	5	5.20325e-14
28	6	4.74997e-14
28	7	6.74181e-15
28	8	4.99311e-15
28	9	5.07991e-14
28	10	6.40715e-14
28	11	1.36854e-14
28	12	7.05489e-14
28	13	5.00684e-14
28	14	9.79071e-15
28	15	7.30496e-14
28	16	5.41352e-14
28	17	2.50451e-14
28	18	2.87246e-14
28	19	2.19216e-14
28	20	5.07331e-14
28	21	2.67636e-14
28	22	1.81209e-14
28	23	2.12748e-14
28	24	1.53961e-14
28	25	6.95716e-14
28	26	2.48144e-14
28	27	6.34722e-14
28	28	6.62562e-15
28	29	1.33599e-15
28	30	3.19221e-14
28	31	3.72119e-14
28	32	9.13129e-15
28	33	2.3869e-14
28	34	2.62477e-14
28	35	7.49919e-14
28	36	7.11333e-14
28	37	6.0063e-14
28	38	2.73314e-14
28	39	6.85478e-14
28	40	2.26826e-14
28	41	5.03511e-14
28	42	7.30585e-14
28	43	5.77193e-14
28	44	6.89392e-14
28	45	6.93665e-14
28	46	4.29304e-14
28	47	4.20769e-14
28	48	5.99741e-14
28	49	3.69346e-14
28	50	9.40363e-15
28	51	3.86729e-14
28	52	3.27164e-14
29	0	7.4081e-15
29	1	5.75303e-14
29	2	5.29175e-14
29	3	2.56527e-14
29	4	8.66943e-15
29	5	3.87998e-14
29	6	6.0494e-14
29	7	5.3178e-14
29	8	3.90805e-14
29	9	4.00363e-14
29	10	7.49847e-14
29	11	3.59232e-14
29	12	1.88045e-14
29	13	3.01716e-14
29	14	3.69472e-14
29	15	7.40134e-14
29	16	4.0076e-14
29	17	1.07431e-14
29	18	2.13183e-14
29	19	5.44739e-15
29	20	5.98224e-14
29	21	4.78719e-14
29	22	5.468e-14
29	23	5.05264e-16
29	24	6.48549e-14
29	25	5.98981e-14
29	26	3.14261e-14
29	27	1.94337e-14
29	28	7.15405e-14
29	29	6.62867e-15
29	30	4.97603e-14
29	31	6.69941e-14
29	32	4.6707e-14
29	33	7.1524e-14
29	34	3.99099e-14
29	35	5.56608e-14
29	36	7.03754e-14
29	37	2.77452e-15
29	38	1.87448e-14
29	39	7.06775e-14
29	40	4.61764e-14
29	41	4.08457e-14
29	42	1.45891e-14
29	43	5.96676e-14
29	44	7.44575e-15
29	45	6.24848e-14
29	46	4.16816e-14
29	47	4.07946e-14
29	48	3.13607e-14
29	49	6.74265e-14
29	50	5.77203e-14
29	51	6.4462e-14
29	52	7.44387e-14
30	0	3.46239e-14
30	1	3.41376e-17
30	2	2.81884e-14
30	3	3.73857e-14
30	4	6.69123e-14
30	5	2.85479e-14
30	6	6.19652e-14
30	7	4.94751e-14
30	8	4.74525e-14
30	9	3.26812e-14
30	10	2.7272e-15
30	11	6.1827e-14
30	12	3.05759e-14
30	13	1.51526e-14
30	14	4.98951e-14
30	15	6.0569e-14
30	16	4.36308e-14
30	17	7.2782e-15
30	18	1.9145e-14
30	19	3.56419e-14
30	20	4.61538e-14
30	21	3.97528e-14
30	22	2.39137e-14
30	23	2.47387e-14
30	24	3.33033e-15
30	25	7.09034e-15
30	26	1.60823e-14
30	27	2.51466e-14
30	28	7.1967e-14
30	29	4.80352e-14
30	30	1.84621e-14
30	31	6.28968e-15
30	32	7.06823e-14
30	33	3.70618e-14
30	34	4.41348e-14
30	35	3.893e-14
30	36	7.0384e-15
30	37	1.40327e-14
30	38	3.84899e-14
30	39	3.04399e-14
30	40	4.30658e-14
30	41	2.42546e-14
30	42	1.39876e-14
30	43	3.36491e-14
30	44	2.36037e-14
30	45	2.98768e-14
30	46	2.83514e-14
30	47	6.83635e-14
30	48	4.1862e-14
30	49	6.05402e-14
30	50	7.1983e-14
30	51	7.13657e-14
30	52	6.71536e-14
31	0	1.35499e-14
31	1	5.06303e-14
31	2	4.4549e-14
31	3	7.34998e-14
31	4	1.53504e-14
31	5	6.34245e-14
31	6	5.86996e-14
31	7	6.7741e-15
31	8	6.42511e-14
31	9	8.50496e-15
31	10	1.75494e-14
31	11	2.79452e-15
31	12	1.64129e-14
31	13	1.37434e-14
31	14	8.89494e-15
31	15	6.63755e-14
31	16	2.99508e-14
31	17	1.34888e-14
31	18	7.3565e-14
31	19	3.26909e-14
31	20	1.6947e-14
31	21	3.69883e-14
31	22	9.88533e-15
31	23	8.17265e-15
31	24	3.48242e-14
31	25	5.76108e-14
31	26	5.09209e-14
31	27	2.19247e-14
31	28	4.63959e-14
31	29	3.52533e-14
31	30	4.63987e-14
31	31	1.28741e-14
31	32	2.22949e-14
31	33	4.46405e-15
31	34	6.42787e-14
31	35	4.52267e-15
31	36	1.82153e-14
31	37	6.03656e-14
31	38	1.01505e-15
31	39	5.52557e-14
31	40	4.27007e-14
31	41	9.28628e-15
31	42	2.21022e-14
31	43	7.43099e-14
31	44	5.90122e-14
31	45	2.25817e-14
31	46	9.15693e-15
31	47	4.53905e-14
31	48	7.25586e-14
31	49	2.99134e-14
31	50	1.15328e-14
31	51	7.81332e-15
31	52	5.36862e-14
32	0	9.84901e-16
32	1	2.48049e-17
32	2	3.45573e-14
32	3	6.28125e-14
32	4	4.25776e-14
32	5	4.92194e-14
32	6	1.72728e-14
32	7	1.88675e-14
32	8	3.54595e-14
32	9	5.04597e-14
32	10	5.36479e-14
32	11	3.8309e-14
32	12	5.91953e-14
32	13	4.38145e-14
32	14	6.98541e-14
32	15	3.75088e-14
32	16	3.24925e-14
32	17	7.49616e-15
32	18	3.29406e-14
32	19	2.30097e-15
32	20	2.03381e-15
32	21	2.22914e-14
32	22	5.39453e-14
32	23	1.3211e-14
32	24	7.21716e-14
32	25	6.25543e-14
32	26	6.91497e-14
32	27	1.0328e-14
32	28	7.49234e-14
32	29	1.49697e-14
32	30	1.31915e-14
32	31	4.61015e-14
32	32	1.38107e-14
32	33	6.87099e-14
32	34	6.83728e-15
32	35	5.56643e-14
32	36	1.1241e-14
32	37	7.06099e-14
32	38	2.72883e-14
32	39	4.40603e-14
32	40	9.61027e-15
32	41	4.97627e-14
32	42	3.11694e-14
32	43	2.91847e-14
32	44	7.19288e-14
32	45	7.29733e-14
32	46	1.25963e-14
32	47	2.51507e-14
32	48	3.24645e-15
32	49	6.28427e-14
32	50	4.63101e-14
32	51	2.73364e-14
32	52	1.42605e-14
33	0	0.0079223
33	1	4.50847e-14
33	2	0.0078527
33	3	3.29879e-14
33	4	4.55268e-14
33	5	4.41e-14
33	6	5.5954e-14
33	7	4.35201e-14
33	8	6.15862e-14
33	9	5.11634e-14
33	10	3.80687e-14
33	11	3.93424e-14
33	12	2.56873e-15
33	13	0.00862599
33	14	5.5377e-14
33	15	0.00798451
33	16	0.181335
33	17	0.0174719
33	18	7.32453e-14
33	19	6.83735e-14
33	20	0.0106992
33	21	0.0161427
33	22	2.80548e-14
33	23	5.14577e-14
33	24	1.92617e-14
33	25	4.03892e-14
33	26	1.55517e-14
33	27	0.00944937
33	28	1.2031e-14
33	29	4.53857e-14
33	30	3.34696e-15
33	31	2.87083e-14
33	32	4.71951e-14
33	33	7.66252e-15
33	34	3.08805e-14
33	35	1.309e-14
33	36	3.8644e-15
33	37	5.99891e-14
33	38	1.06481e-14
33	39	3.61283e-14
33	40	5.41249e-15
33	41	7.52364e-14
33	42	2.37862e-14
33	43	6.14216e-14
33	44	9.37609e-15
33	45	2.6943e-14
33	46	2.52247e-14
33	47	3.69084e-14
33	48	2.29436e-14
33	49	7.25316e-14
33	50	3.31528e-14
33	51	0.00779765
33	52	7.44623e-14
34	0	0.00482824
34	1	0.00480426
34	2	0.00475864
34	3	0.00494344
34	4	4.23396e-14
34	5	0.00468273
34	6	0.00485019
34	7	3.58397e-14
34	8	0.00474515
34	9	4.03443e-15
34	10	0.00470143
34	11	6.36642e-14
34	12	5.89577e-14
34	13	0.00553193
34	14	0.00575246
34	15	0.00489046
34	16	0.178241
34	17	0.0143779
34	18	4.3828e-14
34	19	9.61603e-16
34	20	0.00760511
34	21	0.0130486
34	22	6.90284e-14
34	23	7.11944e-14
34	24	6.29677e-14
34	25	5.28646e-14
34	26	0.00539041
34	27	0.00635532
34	28	4.08489e-14
34	29	4.07239e-14
34	30	4.14911e-14
34	31	6.85028e-15
34	32	1.22384e-14
34	33	2.05142e-14
34	34	2.21357e-14
34	35	3.64173e-14
34	36	4.95833e-14
34	37	3.42901e-14
34	38	4.21687e-14
34	39	4.80934e-14
34	40	5.71842e-14
34	41	4.32955e-14
34	42	7.4016e-14
34	43	6.36165e-14
34	44	0.00727874
34	45	5.13327e-14
34	46	2.0096e-14
34	47	6.69371e-14
34	48	1.04808e-14
34	49	6.71106e-14
34	50	0.00469688
34	51	1.84826e-14
34	52	3.81037e-14
35	0	0.00210292
35	1	0.00207894
35	2	0.00203333
35	3	0.00221812
35	4	5.43895e-14
35	5	0.00195742
35	6	0.00212488
35	7	0.00199432
35	8	0.00201983
35	9	0.00204817
35	10	0.00197611
35	11	0.0018964
35	12	0.00200845
35	13	0.00280662
35	14	0.00302715
35	15	0.00216514
35	16	0.175516
35	17	0.0116526
35	18	4.45546e-14
35	19	1.69911e-14
35	20	0.00487979
35	21	0.0103233
35	22	7.0101e-14
35	23	4.77132e-14
35	24	1.25143e-14
35	25	4.77698e-14
35	26	0.0026651
35	27	0.00363
35	28	0.00199555
35	29	1.39508e-14
35	30	1.5554e-14
35	31	2.5209e-14
35	32	7.33506e-14
35	33	3.59804e-14
35	34	7.46097e-14
35	35	1.888e-14
35	36	5.56524e-14
35	37	5.96061e-14
35	38	2.6761e-14
35	39	2.58335e-14
35	40	3.96024e-14
35	41	7.30458e-15
35	42	2.71989e-14
35	43	3.62923e-14
35	44	5.32725e-14
35	45	3.06761e-14
35	46	1.48648e-14
35	47	2.87374e-14
35	48	6.41494e-14
35	49	5.71306e-14
35	50	0.00197156
35	51	0.00197828
35	52	0.00639153
36	0	4.29817e-14
36	1	6.89542e-14
36	2	3.24235e-14
36	3	3.61879e-14
36	4	4.58632e-14
36	5	4.28207e-14
36	6	7.21634e-14
36	7	5.10381e-14
36	8	3.92503e-14
36	9	4.23426e-14
36	10	1.20089e-14
36	11	3.4506e-14
36	12	2.66133e-14
36	13	5.05395e-14
36	14	6.76433e-14
36	15	1.84817e-14
36	16	2.01185e-14
36	17	6.36058e-15
36	18	5.87607e-14
36	19	3.38943e-14
36	20	7.2606e-14
36	21	1.31168e-14
36	22	5.7447e-15
36	23	5.9854e-14
36	24	2.11211e-14
36	25	9.6652e-15
36	26	7.10588e-14
36	27	3.87529e-14
36	28	2.55974e-14
36	29	1.98402e-14
36	30	1.86949e-14
36	31	6.71766e-15
36	32	4.04578e-14
36	33	6.33628e-14
36	34	3.95354e-14
36	35	6.79789e-14
36	36	4.74635e-14
36	37	4.46485e-15
36	38	5.0936e-14
36	39	2.43103e-14
36	40	1.98113e-14
36	41	5.32411e-14
36	42	4.31456e-14
36	43	3.33227e-14
36	44	4.74475e-14
36	45	3.05982e-14
36	46	5.98765e-14
36	47	5.57357e-14
36	48	1.312e-14
36	49	4.78567e-14
36	50	8.19286e-15
36	51	4.65459e-15
36	52	2.24269e-14
37	0	3.39028e-14
37	1	7.1027e-14
37	2	3.98291e-14
37	3	5.40467e-14
37	4	3.94649e-14
37	5	4.53801e-14
37	6	4.85011e-14
37	7	1.48956e-14
37	8	5.53614e-14
37	9	1.54051e-14
37	10	6.94243e-14
37	11	3.83932e-14
37	12	1.84912e-15
37	13	7.20219e-14
37	14	2.17822e-14
37	15	3.45941e-14
37	16	5.04056e-14
37	17	5.70152e-14
37	18	2.85427e-14
37	19	2.67236e-14
37	20	5.26137e-14
37	21	3.19251e-14
37	22	6.1203e-14
37	23	7.19062e-14
37	24	1.38016e-14
37	25	6.6905e-14
37	26	4.95591e-14
37	27	1.02494e-14
37	28	4.34384e-14
37	29	7.06703e-14
37	30	1.23573e-14
37	31	2.13156e-14
37	32	5.19083e-14
37	33	6.49695e-14
37	34	2.89645e-14
37	35	1.11819e-14
37	36	1.97723e-14
37	37	4.36355e-14
37	38	6.99793e-14
37	39	3.86669e-14
37	40	6.54265e-14
37	41	3.38066e-14
37	42	4.07201e-14
37	43	1.89298e-14
37	44	2.96647e-14
37	45	2.19055e-14
37	46	7.03141e-14
37	47	1.84016e-14
37	48	2.97696e-14
37	49	2.30856e-14
37	50	5.20026e-14
37	51	2.40911e-15
37	52	9.85078e-15
38	0	2.95578e-14
38	1	2.84396e-14
38	2	4.62991e-14
38	3	6.19381e-15
38	4	3.5534e-14
38	5	5.08942e-14
38	6	2.59072e-14
38	7	7.33668e-14
38	8	8.93304e-15
38	9	4.59719e-14
38	10	6.51741e-14
38	11	9.55413e-15
38	12	1.00915e-14
38	13	1.13845e-14
38	14	7.34042e-14
38	15	3.43787e-14
38	16	5.85121e-14
38	17	1.62907e-15
38	18	8.35397e-15
38	19	3.79595e-15
38	20	6.76973e-15
38	21	1.28185e-14
38	22	5.2896e-14
38	23	3.39526e-14
38	24	3.83078e-15
38	25	2.32966e-14
38	26	1.32114e-14
38	27	7.02825e-14
38	28	6.15409e-14
38	29	3.87604e-14
38	30	1.19898e-15
38	31	1.36726e-14
38	32	5.53639e-15
38	33	5.07835e-14
38	34	2.90863e-14
38	35	7.00248e-14
38	36	2.9007e-14
38	37	4.93997e-14
38	38	3.75119e-14
38	39	6.72712e-14
38	40	3.66324e-14
38	41	4.81687e-14
38	42	3.1796e-14
38	43	2.51852e-14
38	44	2.34078e-14
38	45	5.04175e-14
38	46	1.13896e-14
38	47	8.81996e-15
38	48	1.03186e-14
38	49	6.63566e-14
38	50	1.75837e-14
38	51	2.17128e-14
38	52	2.71036e-15
39	0	4.38081e-14
39	1	3.57895e-14
39	2	2.8419e-14
39	3	2.00443e-15
39	4	2.00114e-14
39	5	3.45823e-16
39	6	5.66238e-14
39	7	1.27025e-14
39	8	4.71368e-14
39	9	7.08587e-14
39	10	6.10294e-15
39	11	5.77938e-14
39	12	3.50457e-14
39	13	1.98687e-14
39	14	7.47641e-15
39	15	1.62247e-15
39	16	3.11231e-14
39	17	1.81957e-15
39	18	3.32493e-14
39	19	7.15773e-14
39	20	3.08942e-14
39	21	6.71871e-14
39	22	1.77271e-14
39	23	1.95878e-14
39	24	4.74993e-14
39	25	1.69399e-15
39	26	2.94738e-14
39	27	2.81164e-14
39	28	3.01321e-14
39	29	5.25848e-14
39	30	1.46571e-15
39	31	4.52221e-14
39	32	4.82697e-14
39	33	7.55029e-15
39	34	4.00272e-14
39	35	7.17097e-14
39	36	4.16679e-15
39	37	5.595e-14
39	38	2.42379e-14
39	39	6.21225e-15
39	40	2.62763e-14
39	41	4.70059e-14
39	42	1.45574e-14
39	43	2.14948e-14
39	44	4.82954e-14
39	45	1.15721e-14
39	46	6.74359e-14
39	47	5.19192e-14
39	48	5.43718e-14
39	49	6.38071e-14
39	50	5.35817e-14
39	51	4.81756e-14
39	52	7.18936e-14
40	0	7.14663e-14
40	1	3.37711e-14
40	2	3.55066e-14
40	3	6.03178e-14
40	4	4.95161e-14
40	5	4.24629e-14
40	6	7.33815e-14
40	7	4.47513e-14
40	8	1.58526e-14
40	9	7.26496e-14
40	10	7.10138e-15
40	11	1.9085e-14
40	12	7.08699e-14
40	13	2.82929e-14
40	14	1.15934e-14
40	15	2.69939e-14
40	16	2.28168e-14
40	17	4.72953e-14
40	18	3.54586e-14
40	19	3.56731e-14
40	20	2.80754e-14
40	21	5.57163e-14
40	22	3.82572e-14
40	23	2.76624e-14
40	24	7.47578e-14
40	25	5.9577e-14
40	26	1.04434e-14
40	27	5.77576e-14
40	28	4.33706e-14
40	29	1.74751e-14
40	30	3.89807e-14
40	31	5.69148e-14
40	32	6.18979e-14
40	33	1.85153e-14
40	34	1.40958e-14
40	35	4.57164e-14
40	36	1.65898e-14
40	37	2.22525e-14
40	38	4.48182e-14
40	39	6.57515e-14
40	40	7.23729e-14
40	41	1.38286e-14
40	42	6.94608e-14
40	43	2.53893e-14
40	44	5.47406e-14
40	45	3.75159e-14
40	46	4.10383e-15
40	47	5.13371e-14
40	48	5.57921e-14
40	49	3.23186e-14
40	50	6.92605e-14
40	51	6.44102e-14
40	52	4.3664e-14
41	0	4.72704e-14
41	1	6.90259e-14
41	2	3.94482e-14
41	3	2.74849e-14
41	4	4.62354e-14
41	5	2.27858e-14
41	6	2.34159e-14
41	7	3.40971e-14
41	8	2.75367e-14
41	9	7.18221e-14
41	10	7.22534e-14
41	11	4.08808e-14
41	12	2.44052e-14
41	13	4.1953e-14
41	14	6.45432e-14
41	15	6.59501e-14
41	16	4.30741e-14
41	17	3.18289e-14
41	18	2.27591e-14
41	19	1.7364e-14
41	20	4.79805e-14
41	21	3.62154e-14
41	22	3.65395e-14
41	23	5.04563e-15
41	24	7.15861e-14
41	25	3.27796e-14
41	26	2.44941e-15
41	27	6.54376e-14
41	28	7.03763e-14
41	29	1.31027e-14
41	30	5.80094e-14
41	31	2.32226e-14
41	32	5.5571e-14
41	33	7.42556e-14
41	34	4.63727e-14
41	35	2.82961e-14
41	36	4.12673e-14
41	37	1.51601e-15
41	38	4.78457e-14
41	39	4.20728e-14
41	40	6.57815e-15
41	41	4.6365e-14
41	42	4.76948e-14
41	43	2.17699e-14
41	44	5.92372e-14
41	45	7.63035e-16
41	46	3.31855e-14
41	47	5.43142e-14
41	48	2.23064e-14
41	49	4.7587e-14
41	50	2.90777e-14
41	51	6.28497e-14
41	52	6.87474e-14
42	0	2.09897e-14
42	1	3.85205e-14
42	2	3.05762e-14
42	3	1.06359e-14
42	4	1.74341e-14
42	5	2.24077e-14
42	6	5.51796e-14
42	7	3.17102e-14
42	8	6.30144e-14
42	9	2.69752e-14
42	10	3.7186e-14
42	11	2.44461e-14
42	12	4.4217e-14
42	13	6.52995e-14
42	14	2.42013e-15
42	15	4.4395e-14
42	16	4.65125e-14
42	17	2.89644e-14
42	18	1.17367e-14
42	19	2.66496e-14
42	20	6.01726e-14
42	21	6.6336e-14
42	22	2.864e-14
42	23	4.5897e-14
42	24	1.0028e-14
42	25	2.38905e-15
42	26	2.66637e-14
42	27	6.5047e-15
42	28	7.28211e-14
42	29	1.69091e-14
42	30	7.41948e-14
42	31	7.24265e-14
42	32	4.06625e-15
42	33	2.15526e-14
42	34	1.91671e-14
42	35	4.64535e-14
42	36	3.23258e-14
42	37	4.9407e-14
42	38	8.49323e-15
42	39	6.4526e-14
42	40	5.35526e-14
42	41	1.54417e-14
42	42	5.60471e-14
42	43	4.57599e-14
42	44	3.85393e-14
42	45	4.53449e-14
42	46	5.54977e-14
42	47	4.87958e-14
42	48	2.58575e-14
42	49	1.06737e-14
42	50	1.5522e-14
42	51	6.25656e-14
42	52	4.60093e-14
43	0	0.00432918
43	1	1.24524e-14
43	2	0.00425959
43	3	0.00444438
43	4	2.40317e-14
43	5	5.73097e-16
43	6	0.00435113
43	7	5.99687e-14
43	8	4.8789e-14
43	9	7.06651e-15
43	10	3.49112e-14
43	11	1.37084e-14
43	12	6.82756e-15
43	13	0.00503288
43	14	0.00525341
43	15	0.0043914
43	16	0.177742
43	17	0.0138788
43	18	2.37636e-15
43	19	6.11812e-14
43	20	0.00710605
43	21	0.0125495
43	22	3.65889e-14
43	23	7.22997e-14
43	24	2.3191e-14
43	25	1.80106e-14
43	26	0.00489135
43	27	0.00585626
43	28	6.02612e-14
43	29	5.52655e-14
43	30	5.95304e-14
43	31	4.29623e-14
43	32	4.42785e-14
43	33	4.21527e-14
43	34	1.80429e-14
43	35	2.24143e-14
43	36	5.41989e-14
43	37	3.86208e-14
43	38	6.06654e-14
43	39	7.15791e-14
43	40	5.7033e-14
43	41	3.06772e-14
43	42	3.20951e-14
43	43	6.18779e-14
43	44	1.19749e-14
43	45	6.487e-14
43	46	1.31896e-14
43	47	1.34886e-14
43	48	7.45397e-14
43	49	1.15015e-14
43	50	6.55162e-14
43	51	3.42309e-14
43	52	0.00861779
44	0	3.66049e-14
44	1	3.93574e-14
44	2	4.67156e-14
44	3	7.2666e-14
44	4	3.39109e-14
44	5	5.50601e-14
44	6	6.85213e-14
44	7	2.13194e-14
44	8	1.1856e-14
44	9	2.34231e-14
44	10	5.30818e-15
44	11	2.24073e-14
44	12	6.31445e-14
44	13	5.70849e-14
44	14	6.35741e-14
44	15	4.9421e-14
44	16	5.29609e-14
44	17	0.0118221
44	18	6.8707e-14
44	19	6.07945e-14
44	20	1.46985e-14
44	21	5.67222e-14
44	22	9.98669e-15
44	23	5.71162e-14
44	24	1.55558e-14
44	25	5.50636e-14
44	26	2.42547e-14
44	27	1.17994e-14
44	28	2.61246e-14
44	29	3.64417e-14
44	30	4.00166e-15
44	31	1.05231e-14
44	32	4.22047e-14
44	33	4.70894e-14
44	34	4.01871e-14
44	35	5.20104e-14
44	36	2.01108e-14
44	37	1.51405e-14
44	38	2.17039e-15
44	39	6.06205e-14
44	40	7.05741e-14
44	41	2.35814e-14
44	42	4.28827e-14
44	43	6.27554e-14
44	44	1.30685e-14
44	45	6.49031e-14
44	46	3.52261e-14
44	47	3.83045e-14
44	48	1.39829e-14
44	49	4.51501e-14
44	50	5.38824e-14
44	51	1.30552e-14
44	52	1.39615e-14
45	0	4.69277e-14
45	1	2.71566e-14
45	2	2.4741e-15
45	3	4.86467e-14
45	4	2.39068e-14
45	5	7.72594e-15
45	6	1.75379e-14
45	7	3.83367e-14
45	8	4.59804e-14
45	9	5.60137e-14
45	10	8.97218e-15
45	11	1.08805e-14
45	12	3.03629e-14
45	13	1.61861e-14
45	14	3.55168e-14
45	15	4.06462e-14
45	16	5.75641e-14
45	17	1.75621e-14
45	18	6.75411e-14
45	19	5.66987e-14
45	20	6.81315e-14
45	21	5.04423e-14
45	22	4.42387e-14
45	23	2.32277e-14
45	24	3.30896e-14
45	25	5.14454e-14
45	26	4.16558e-14
45	27	5.56737e-14
45	28	1.22452e-15
45	29	3.57358e-14
45	30	3.02116e-14
45	31	3.24248e-14
45	32	5.86462e-14
45	33	1.60849e-15
45	34	5.31716e-14
45	35	7.22589e-14
45	36	4.85146e-14
45	37	6.11643e-14
45	38	2.82292e-14
45	39	2.88153e-14
45	40	4.12124e-14
45	41	2.4727e-14
45	42	5.07073e-14
45	43	4.53395e-14
45	44	2.99464e-14
45	45	5.85787e-14
45	46	6.28498e-14
45	47	6.96005e-14
45	48	5.61065e-14
45	49	4.72865e-14
45	50	4.0011e-14
45	51	5.22479e-14
45	52	5.38275e-14
46	0	3.14823e-14
46	1	1.97698e-14
46	2	3.20809e-15
46	3	4.49817e-14
46	4	2.48661e-14
46	5	2.85403e-14
46	6	6.86902e-14
46	7	3.96712e-14
46	8	4.09764e-14
46	9	7.32643e-14
46	10	5.76145e-14
46	11	3.97881e-14
46	12	3.2293e-14
46	13	4.75209e-14
46	14	6.57524e-14
46	15	5.6687e-14
46	16	2.10818e-14
46	17	6.70708e-14
46	18	1.05603e-14
46	19	6.57507e-14
46	20	6.52041e-14
46	21	5.80097e-14
46	22	2.11144e-14
46	23	2.67979e-14
46	24	6.03187e-15
46	25	4.88201e-14
46	26	7.00236e-14
46	27	5.07561e-14
46	28	3.3097e-14
46	29	7.31039e-14
46	30	5.10166e-14
46	31	2.16694e-14
46	32	2.41699e-14
46	33	6.59669e-14
46	34	6.43116e-14
46	35	4.17929e-14
46	36	4.6461e-14
46	37	8.6045e-15
46	38	5.31567e-16
46	39	5.54499e-14
46	40	3.3271e-16
46	41	2.39521e-14
46	42	1.77205e-14
46	43	2.01177e-14
46	44	1.93688e-14
46	45	3.39115e-14
46	46	6.55431e-14
46	47	4.11107e-14
46	48	7.50462e-14
46	49	5.50832e-14
46	50	8.31979e-16
46	51	1.1972e-14
46	52	1.60973e-14
47	0	2.33604e-14
47	1	5.71353e-15
47	2	1.86494e-14
47	3	1.79971e-14
47	4	4.03416e-15
47	5	6.60803e-14
47	6	4.05983e-14
47	7	4.00296e-14
47	8	3.55524e-14
47	9	4.17742e-14
47	10	6.20117e-14
47	11	2.44172e-14
47	12	9.95117e-15
47	13	6.14831e-14
47	14	2.96852e-14
47	15	6.62872e-14
47	16	5.39281e-14
47	17	3.9645e-15
47	18	3.30526e-14
47	19	7.38025e-14
47	20	3.79555e-14
47	21	1.85391e-14
47	22	6.55311e-14
47	23	1.6754e-14
47	24	2.8759e-14
47	25	9.80462e-16
47	26	7.46492e-14
47	27	4.02833e-14
47	28	1.23137e-14
47	29	4.10213e-14
47	30	7.15145e-14
47	31	2.90818e-14
47	32	5.06361e-15
47	33	6.94976e-14
47	34	1.29143e-14
47	35	5.19519e-14
47	36	4.31578e-14
47	37	2.00443e-14
47	38	5.04281e-14
47	39	1.41261e-14
47	40	4.73463e-14
47	41	1.19739e-14
47	42	4.77728e-14
47	43	6.71795e-14
47	44	4.94e-15
47	45	4.08367e-14
47	46	1.58844e-14
47	47	9.91324e-15
47	48	2.62092e-14
47	49	3.05819e-14
47	50	6.18233e-14
47	51	2.98425e-14
47	52	1.62164e-15
48	0	1.73669e-14
48	1	5.25601e-14
48	2	3.7503e-14
48	3	6.65301e-14
48	4	7.28295e-14
48	5	4.78136e-16
48	6	6.03565e-14
48	7	1.4639e-15
48	8	7.48903e-14
48	9	3.37508e-14
48	10	7.52235e-14
48	11	6.07372e-14
48	12	7.14813e-14
48	13	6.81411e-14
48	14	6.64594e-14
48	15	6.05326e-14
48	16	5.20027e-14
48	17	5.26868e-15
48	18	6.60942e-14
48	19	2.9173e-14
48	20	3.13747e-14
48	21	2.00867e-14
48	22	6.14359e-14
48	23	6.92922e-14
48	24	8.22696e-15
48	25	2.40044e-14
48	26	8.0038e-15
48	27	1.25929e-14
48	28	6.74836e-14
48	29	2.55184e-15
48	30	6.88285e-16
48	31	1.92755e-14
48	32	2.82491e-14
48	33	5.7923e-15
48	34	1.20915e-14
48	35	6.85647e-14
48	36	4.57138e-14
48	37	6.01287e-14
48	38	6.90604e-14
48	39	1.20801e-14
48	40	2.78381e-14
48	41	2.13242e-14
48	42	5.88855e-14
48	43	4.75848e-14
48	44	6.61486e-14
48	45	2.01996e-14
48	46	3.56954e-15
48	47	4.99714e-14
48	48	1.8899e-14
48	49	3.66935e-14
48	50	2.30214e-14
48	51	2.5586e-14
48	52	5.79012e-14
49	0	0.00230792
49	1	0.00228393
49	2	0.00223832
49	3	0.00242312
49	4	6.60414e-14
49	5	0.00216241
49	6	0.00232987
49	7	0.00219932
49	8	0.00222483
49	9	0.00225317
49	10	0.00218111
49	11	6.07872e-14
49	12	0.00221344
49	13	0.00301161
49	14	0.00323214
49	15	0.00237013
49	16	0.175721
49	17	0.0118576
49	18	4.71589e-14
49	19	1.75042e-15
49	20	0.00508478
49	21	0.0105283
49	22	6.46192e-14
49	23	0.00230353
49	24	0.00669818
49	25	5.93945e-14
49	26	0.00287009
49	27	0.003835
49	28	1.44729e-14
49	29	0.00238269
49	30	2.7868e-14
49	31	7.0373e-14
49	32	4.56917e-14
49	33	0.0138046
49	34	4.09907e-14
49	35	1.44533e-14
49	36	3.51077e-14
49	37	4.56007e-15
49	38	4.47962e-14
49	39	1.80941e-14
49	40	2.19409e-14
49	41	7.31521e-14
49	42	1.30611e-14
49	43	3.89759e-14
49	44	1.06621e-14
49	45	2.87834e-14
49	46	4.30959e-14
49	47	0.00235627
49	48	6.82403e-14
49	49	0.00243142
49	50	0.00217656
49	51	0.00218327
49	52	0.00659653
50	0	0.00336484
50	1	0.00334085
50	2	0.00329524
50	3	0.00348004
50	4	1.01551e-14
50	5	0.00321933
50	6	0.00338679
50	7	0.00325624
50	8	0.00328175
50	9	0.00331008
50	10	0.00323803
50	11	0.00315831
50	12	0.00327036
50	13	0.00406853
50	14	0.00428906
50	15	0.00342705
50	16	0.176778
50	17	0.0129145
50	18	0.00318424
50	19	1.7926e-14
50	20	0.0061417
50	21	0.0115852
50	22	0.00331434
50	23	0.00336045
50	24	0.0077551
50	25	0.0031979
50	26	0.00392701
50	27	0.00489191
50	28	0.00325746
50	29	0.0034396
50	30	0.00316816
50	31	0.00323937
50	32	0.0033489
50	33	0.0148615
50	34	4.1434e-14
50	35	0.00315739
50	36	3.66793e-14
50	37	0.00330042
50	38	3.90523e-14
50	39	6.04696e-14
50	40	0.00352689
50	41	0.00322943
50	42	2.20723e-15
50	43	0.00313866
50	44	0.00581534
50	45	0.00317833
50	46	3.29666e-14
50	47	0.00341319
50	48	0.00349035
50	49	0.00348834
50	50	0.00323348
50	51	0.00324019
50	52	0.00765345
51	0	0.00514976
51	1	0.00512578
51	2	0.00508017
51	3	0.00526496
51	4	5.47413e-14
51	5	0.00500425
51	6	0.00517171
51	7	0.00504116
51	8	0.00506667
51	9	0.00509501
51	10	0.00502295
51	11	0.00494323
51	12	0.00505528
51	13	0.00585346
51	14	0.00607399
51	15	0.00521198
51	16	0.178563
51	17	0.0146994
51	18	7.51624e-15
51	19	6.95682e-14
51	20	0.00792663
51	21	0.0133701
51	22	1.16752e-14
51	23	6.61955e-15
51	24	0.00954002
51	25	4.94397e-14
51	26	0.00571193
51	27	0.00667684
51	28	7.29574e-15
51	29	0.00522453
51	30	7.13429e-14
51	31	2.97026e-15
51	32	0.00513382
51	33	7.10382e-14
51	34	2.25336e-15
51	35	0.00494231
51	36	4.27953e-14
51	37	0.00508534
51	38	7.08428e-14
51	39	2.01694e-14
51	40	5.38907e-14
51	41	2.06719e-14
51	42	3.46341e-14
51	43	2.21767e-14
51	44	2.5215e-14
51	45	2.31654e-14
51	46	3.91576e-14
51	47	0.00519811
51	48	4.69515e-14
51	49	0.00527327
51	50	0.0050184
51	51	0.00502511
51	52	0.00943837
52	0	0.00279479
52	1	4.03093e-14
52	2	2.30739e-15
52	3	0.00290999
52	4	4.76733e-14
52	5	6.5299e-14
52	6	0.00281675
52	7	0.00268619
52	8	3.67345e-16
52	9	4.12633e-15
52	10	2.2063e-14
52	11	2.03712e-14
52	12	2.60571e-14
52	13	0.00349849
52	14	0.00371902
52	15	0.00285701
52	16	0.176208
52	17	0.0123444
52	18	5.57585e-14
52	19	6.51407e-14
52	20	4.86985e-14
52	21	8.16092e-15
52	22	6.9402e-14
52	23	3.45593e-14
52	24	3.12183e-14
52	25	5.26345e-14
52	26	0.00335696
52	27	0.00432187
52	28	1.6774e-14
52	29	6.56871e-14
52	30	4.76193e-14
52	31	6.2993e-14
52	32	6.75962e-14
52	33	6.99742e-14
52	34	1.77401e-14
52	35	4.93279e-14
52	36	3.41779e-14
52	37	3.2432e-14
52	38	3.18478e-14
52	39	6.57854e-15
52	40	4.04302e-14
52	41	7.4945e-14
52	42	5.41919e-14
52	43	7.04777e-14
52	44	5.88334e-14
52	45	1.72779e-14
52	46	4.56131e-14
52	47	5.25073e-14
52	48	5.14109e-14
52	49	0.0029183
52	50	0.00266343
52	51	1.77185e-14
52	52	0.0070834
