0 6481 13.399304938864582
1 29320 50.560439276166534
2 30749 120.77673603120941
3 14767 33.78552140009915
4 24604 14.404720407971002
5 11986 19.029398591808146
6 39415 18.073814241610386
7 23037 5.670074147061685
8 25680 8.19271247588792
9 32720 11.254486893375567
10 1190 17.871334539001726
11 8428 83.62967859310545
12 31106 7.987639324969845
13 26563 12.782975056255086
14 52289 13.504602724028064
15 25404 11.137128048469723
16 10547 37.36664725859734
17 4007 71.44539163888018
18 34788 8.791462740367908
19 7807 23.008866836448664
20 7339 40.787315616906334
21 12304 41.69941327913489
22 9956 6.909498422386513
23 40831 20.852201631822233
24 9356 37.07553007967604
25 5582 35.764312035422556
26 15123 31.580632419918548
27 27291 22.747371416392664
28 33952 9.091309689465742
29 18028 17.519117849194668
30 4906 16.92824329688014
31 17319 15.030832189183888
32 3739 36.5993259428229
33 7548 19.04466082468336
34 9373 39.49471464732655
35 5379 36.499968725723825
36 1653 18.595083066021928
37 4561 40.006795398279834
38 26610 12.150227723062809
39 20245 7.704779713265081
40 42766 8.455899023470378
41 26691 22.739223502193834
42 3249 37.37302721093688
43 3285 37.12470057776329
44 2654 35.33505097320914
45 20635 3.9305101027495106
46 20980 8.32608452239933
47 41057 10.905255159483364
48 2322 37.31026591628996
49 4256 36.58977454721798
50 5499 76.2517088882265
51 4070 36.75603168817771
52 5178 17.04025925988846
53 4107 37.01741938572688
54 32353 5.129216042699812
55 47388 9.85772057631155
56 22494 4.419761404299943
57 16549 3.3049550808729617
58 30607 7.469360089699257
59 16305 4.106667675680351
60 14480 4.141151619235301
61 5002 112.07325014633273
62 9327 80.74624901736996
63 22255 4.436555690605516
64 31978 7.951844564530801
65 8257 1.7121422956399799
66 0 0.17841742896106083
67 20669 85.51799429186545
68 7100 23.79621295542682
69 15244 9.608090462195191
70 21801 8.584165254819714
71 21534 17.780490874861197
72 14049 9.094391943128693
73 16111 13.2541451929507
74 6339 9.302137307199878
75 29319 5.16297720298318
76 21790 7.39560608002817
77 22319 4.425680736744726
78 16422 2.8167157531231806
79 22398 7.532909032783164
80 21503 9.291675868768504
81 25486 9.090368372363114
82 16064 8.963877052712213
83 36738 82.99639573619646
84 49209 52.90586867583942
85 14127 7.3809311085611204
86 23155 42.78215265862236
87 24307 7.472714159293402
88 4727 23.447982770576544
89 15141 9.900657454783575
90 4978 20.19606384276684
91 1685 11.961009857960732
92 15360 11.050916066020383
93 14543 8.039880107552621
94 19582 9.38643460896344
95 16009 11.308635406804974
96 8044 10.76402593371089
97 23387 33.11328083373359
98 11651 11.819380244232791
99 17708 8.71670525114402
100 8170 11.763423228215728
101 7404 25.381294430707786
102 12701 14.888440409762516
103 31265 11.756785359623288
104 4589 1.0846251025101274
105 17350 8.515745632798298
106 21559 11.33620657701889
107 25009 10.18996227009546
108 22567 17.953248818141244
109 22898 12.571159016952974
110 21945 16.460337267971898
111 17434 16.62352064951652
112 8407 14.119159625450003
113 13266 47.63242184905876
114 20107 5.0436569590283815
115 11805 2.1951379697512112
116 29694 7.09538190910537
117 32798 7.379082451347265
118 22507 8.638385197151493
119 14231 6.179869945343376
120 20298 17.223384046567013
121 41369 15.343057574011926
122 24660 9.301814139679411
123 5027 34.20584226645065
124 29135 15.45378163914273
125 25386 7.115003235536227
126 24458 4.590324742817341
127 6238 1.4877570861332177
128 2526 0.5339484198382386
129 14970 2.401632362775426
130 18407 5.723761654494152
131 17139 6.3856797792113325
132 18540 8.985000702705959
133 12590 4.310858583128571
134 24960 9.058543128385152
135 12605 20.053593684603943
136 43182 18.55112765001228
137 21781 20.393155875625677
138 41025 18.03711136885576
139 42313 67.48777484683326
140 39963 34.15724706060414
141 49148 18.07437524807065
142 21273 4.049960077035106
143 63131 23.61627003677237
144 25366 6.252740553238085
145 31732 8.855641416099225
146 47465 10.014247556359335
147 10682 2.3642588305428442
148 52130 8.609853018624024
149 28200 7.026077340898877
150 8274 2.9862458822203037
151 30047 6.828084531665784
152 38098 5.855927903913068
153 10727 2.728691407064434
154 25883 5.262488860952251
155 9556 2.8004712763147936
156 7903 2.6542370080479136
157 28409 8.01385566265172
158 36501 7.692911318508039
159 35524 9.728771330214657
160 47618 12.166565636597545
161 27665 5.868522556861267
162 27127 11.985928892334636
163 36506 8.259198112114806
164 17643 7.030400140850073
165 38642 11.615962699441079
166 31173 12.11135572828909
167 25336 6.054092142511857
168 17722 3.7434609735643565
169 31743 5.395979440831386
170 16976 3.2288933385019543
171 21954 3.1259503905037396
172 39038 5.361453412139361
173 7082 4.184046026468076
174 14554 2.665693045682065
175 10371 8.883751584949428
176 12700 11.473242733170965
177 31515 40.99899381773197
178 9175 29.383667028573104
179 0 7.161698818681786
180 15623 7.028241057487525
181 21408 17.950729887551603
182 2231 18.69050319924262
183 6647 40.776119039933775
184 5682 50.01592710082054
185 6070 32.9884026489698
186 7974 65.03199281232192
187 157 0.6762676120507122
188 6951 32.15028718279776
189 5146 107.06224584824331
190 32708 65.56970958938805
191 4615 64.87536621791298
192 1351 27.38933037527587
193 2083 25.04255347901226
194 1269 24.219613758828228
195 26432 36.57711194028698
196 13632 34.33322393771709
197 20813 57.67178342139037
198 42931 90.03609630623771
199 206 0.6889406437404343
200 32 0.00744057501424717
201 4796 42.48453313297205
202 5720 74.30405469060088
203 4382 54.30030486627737
204 19702 33.04437703958474
205 14752 90.93181860302056
206 13510 93.02330821609985
207 7840 56.393024214784006
208 121 0.4618531051109117
209 4312 38.71911993414641
210 12814 2.005360256495397
211 10234 3.162201523713623
212 16603 3.326777961905615
213 31017 5.039671998480302
214 27997 5.011798896365543
215 20252 6.199547642691781
216 5645 2.2098500070270597
217 0 0.01874564669797698
218 45063 6.250927803526503
219 45380 7.530077745533956
220 38727 5.451657691078105
221 46931 8.406845128239976
222 32262 6.779874269687736
223 8210 2.282597834430121
224 5302 1.208239960957348
225 0 0.016494284915605787
226 44439 5.73471151217689
227 44045 6.3888662804615315
228 27712 6.534186258778033
229 36140 7.828718897539294
230 13565 4.0088413537051135
231 22759 4.994328931253736
