0 0
1 1
2 2
3 3
4 4
5 5
6 6
7 7
8 8
9 9
10 10
11 11
12 12
13 13
14 14
15 15
16 16
17 17
18 18
19 18
20 18
21 19
22 20
23 21
24 22
25 9
26 23
27 24
28 21
29 25
30 26
31 18
32 18
33 27
34 18
35 18
36 28
37 18
38 29
39 30
40 18
41 18
42 18
43 18
44 18
45 18
46 18
47 12
48 12
49 12
50 31
51 12
52 12
53 18
54 32
55 33
56 33
57 18
58 34
59 18
60 35
61 18
62 36
63 36
64 37
65 18
66 18
67 38
68 39
69 40
70 18
71 18
72 18
73 39
74 41
75 18
76 42
77 42
78 40
79 41
80 18
81 18
82 31
83 12
84 18
85 18
86 12
87 12
88 31
89 12
90 12
91 43
92 31
93 44
94 12
95 18
96 18
97 45
98 18
99 9
100 46
101 9
102 46
103 47
104 47
105 47
106 48
107 49
108 50
109 51
110 51
111 9
112 48
113 9
114 9
115 9
116 52
117 53
118 54
119 9
120 54
121 55
122 54
123 56
124 9
125 57
126 54
127 54
128 58
129 9
130 9
131 9
132 9
133 9
134 9
135 51
136 9
137 9
138 59
139 9
140 9
141 9
142 9
143 9
144 9
145 9
146 60
147 9
148 60
149 9
150 61
151 46
152 62
153 63
154 63
155 47
156 9
157 47
158 64
159 65
160 66
161 9
162 9
163 54
164 9
165 56
166 9
167 9
168 9
169 9
170 9
171 9
172 9
173 9
174 9
175 9
176 9
177 9
178 9
179 9
180 9
181 9
182 9
183 9
184 9
185 67
186 68
187 69
188 70
189 71
190 72
191 73
192 73
193 74
194 75
195 76
196 77
197 78
198 79
199 80
200 81
201 82
202 83
203 84
204 84
205 85
206 86
207 5
208 87
209 88
210 89
211 90
212 91
213 68
214 92
215 93
216 92
217 94
218 95
219 96
220 97
221 98
222 21
223 21
224 99
225 100
226 101
227 102
228 103
229 104
230 105
231 106
232 107
233 108
234 109
235 110
236 111
237 112
238 112
239 112
240 113
241 56
242 114
243 115
244 116
245 116
246 58
247 58
248 112
249 112
250 112
251 117
252 118
253 119
254 120
255 121
256 122
257 123
258 124
259 125
260 116
261 126
262 116
263 127
264 126
265 128
266 127
267 127
268 129
269 116
270 116
271 116
272 15
273 130
274 131
275 132
276 133
