0 7194 67.77260280742614
1 18419 47.81031224855096
2 26601 264.62906893777114
3 3156 99.67565988722728
4 11302 131.5665566790271
5 24819 164.09454947281608
6 6659 89.25055019559936
7 10748 7.95166579922378
8 27648 45.31929916277604
9 37052 5.637052758545599
10 22406 111.02246110792791
11 38666 17.044590940189686
12 21594 8.041548841152933
13 22141 79.40864629488631
14 13495 120.23911307697179
15 72723 50.0156977561286
16 34934 27.38868674295016
17 22352 45.99599920926275
18 35389 14.54771373458101
19 26340 27.90222309910316
20 19395 63.565932351810126
21 1377 69.93764218212594
22 4606 41.00083784171973
23 11499 158.3788673924358
24 8572 67.21742610390473
25 41891 11.318408038956164
26 3142 86.30837054071293
27 22117 174.41382817217686
28 24746 186.4342016256446
29 2982 167.7074314630029
30 1375 103.2879229556276
31 20684 25.979696431025936
32 38227 46.69765226711475
33 2003 2.172762962608321
34 24741 9.132287099399688
35 46746 12.160074100729425
36 27270 66.00025251082245
37 28374 15.097004310444682
38 22748 13.068094910092247
39 46320 37.04120366580849
40 17446 5.8632402930052185
41 30434 5.73620611369628
42 8111 4.312477895650482
43 16748 3.936479242374868
44 25917 10.747840530535276
45 21685 8.252287655386821
46 14572 5.4541549999459455
47 55706 8.909491086445188
48 30680 8.964049254282259
49 25689 8.174861814031571
50 39285 12.146994889551612
51 30852 8.862331794587465
52 44724 10.373137250056757
53 48058 53.95522141415327
54 3320 7.546168167574522
55 60388 17.22305894853567
56 34647 14.418115064625782
57 4891 14.45748513120524
58 15995 45.287947666166794
59 54911 13.534335294217579
60 26669 22.548672812383685
61 23331 4.647616127951172
62 42226 15.178068778697044
63 22545 19.20570481407636
64 30645 10.788873925284596
65 22194 5.571014614739528
66 42761 16.26451435296225
67 59744 77.12052333833206
68 28209 8.785468504101177
69 11764 3.7968403714611805
70 24709 7.3276887769364185
71 21710 8.15313738905354
72 48394 9.23743391861275
73 33444 9.438695468859315
74 33673 7.25396874425673
75 13866 7.584966802934995
76 32925 6.510026687382335
77 27524 11.432942932554127
78 28421 8.002068349351426
79 13212 2.670088818944335
80 29722 8.104520561485227
81 3115 3.4530024849535983
82 41041 24.76056066669035
83 22639 7.550084788037628
84 38993 11.32778800519539
85 15283 9.766325558265136
86 16658 4.283880079753265
87 34072 5.7579363302069355
88 88996 26.157271385041167
89 30460 10.321511142136567
90 30269 7.219445032177755
91 61361 51.81979067084481
92 5053 5.407300342704291
93 6764 7.422261801985183
94 26938 7.6599015130572035
95 20696 4.675234016528262
96 23704 7.973596788865431
97 13602 74.12596197356899
98 2833 0.11001016220924575
99 80324 27.325824675635562
100 56065 15.879267008186911
101 66551 11.407203817160543
102 58730 12.76481512655657
103 30700 8.001975298727253
104 37881 7.482343161435497
105 40811 10.729529634886338
106 17993 33.20019166111967
107 3956 11.658817724252005
108 5374 11.410733949346483
109 34156 9.227570552450436
110 21182 7.843068770975001
111 27066 26.876872788599794
112 20276 10.211451558848921
113 14648 8.414757906214238
114 7482 2.2653896465929573
115 3506 1.1199279687782338
116 48877 21.932325941278492
117 36041 47.006391535404795
118 44537 10.98598719376306
119 73146 17.662807318026182
120 53442 11.573328138972073
121 45373 39.09490121189751
122 45980 13.25046100599694
123 46364 16.800794829937438
124 49416 14.614727172481109
125 6691 69.6708027218659
126 27802 13.362962685541401
127 35090 15.191083896913808
128 60982 13.284040698258062
129 20892 4.720550056602579
130 23061 4.351166877993257
131 31571 12.53162524305132
132 17177 6.720184417842862
133 13653 3.5348360687385423
134 22124 2.191389689836401
135 44009 11.421431682308953
136 24296 3.7719058930002762
137 55406 8.699633743476804
138 12414 3.8282694746076045
139 36248 4.25228147775202
140 24884 10.26311396037356
141 9409 1.4477669394607233
142 9648 3.8462954268513987
143 1666 0.7036488199945328
144 30483 6.576756726285991
145 55029 11.396733112276968
146 18861 6.084688809369001
147 15949 12.48872195546852
148 19669 5.121505582265246
149 13373 4.597325161352099
150 18339 60.30220603338703
151 25908 17.595124765056827
152 5118 17.584744408082198
153 30251 11.136973607599726
154 24712 9.12153840095012
155 58094 14.556037711371635
156 18450 13.637485579083764
157 59406 15.652025414789566
158 23031 7.668332054048127
159 20328 10.489601110120974
160 48197 33.02177732097601
161 17101 6.650167105021336
162 28682 8.268738696858827
163 11032 5.255105429059903
164 28794 10.36029201679699
165 51624 11.749226251241318
166 13266 4.6119630670103495
167 26934 7.244659434715528
168 23253 3.3209416414284547
169 49004 5.618704410985688
170 33395 7.368236069047424
171 24112 5.068963253883802
172 2331 0.43935261476114945
173 21665 6.987817704174691
174 32950 7.236678316656294
175 30171 5.940759957188991
176 34034 5.841550617222937
177 15721 4.729807628452333
178 14043 3.463550796374346
179 468 6.538638402957852
180 0 0.0051706803274764205
181 13947 3.452266960310241
182 0 0.005733617298612967
183 26279 2.5577157114241458
184 2770 0.4516692741433551
185 33396 77.33271814386785
186 23627 119.97253269127116
187 4660 43.317876762363376
188 18982 173.56635474758957
189 4139 87.81842116643011
190 14619 177.80445932568028
191 28145 26.211752718545416
192 27986 51.30767130967402
193 294 1.4827802290975864
194 310 1.6999047872036472
195 15587 310.72567749348644
196 4618 56.661248623545745
197 5832 56.217088650603785
198 1853 101.08470850057992
199 5327 84.1999457140342
200 17748 100.52309624600578
201 3384 118.73933006639413
202 2507 89.63810604527897
203 8436 97.74192197029484
204 37966 112.38732109955721
205 434 11.817073669839397
206 5875 122.18376996341296
207 17759 72.50718536147657
208 752 35.76322863271953
209 646 0.8227771711683606
210 2095 37.03341135171283
211 3300 103.2890175552937
212 242 5.070424264513967
213 6165 114.00967726491398
214 18552 103.97869449588184
215 2982 81.1843946767321
216 15920 90.30362109785837
217 5910 62.20160479508013
218 14882 107.32043082825095
219 6602 93.78715461229936
220 8858 105.48095164919683
221 4090 76.14957289377402
222 8787 63.85403175613169
223 20196 14.697565780227553
224 1622 67.34501627034565
225 25130 101.00462936507815
226 91 0.7431949491657877
227 3351 123.64443117110967
228 14644 214.1005425507763
229 4881 2.7460988236238935
230 17123 54.47618019851829
231 19759 98.3617584328576
232 3866 100.97601456068523
233 8327 50.811584069115376
234 152 1.5093401977152017
235 13098 71.85338619329511
236 10592 32.76127109469233
237 10579 36.7918133211428
238 24018 6.552058928458356
239 19782 27.231684471124964
240 47852 25.235236611134876
241 21607 8.082388412610406
242 28986 98.30377013329792
243 8785 95.61161596115504
244 36039 12.676067997226243
245 47187 14.110557655093382
246 35330 13.975468612209786
247 12900 10.185503176076491
248 39556 16.29785620628358
249 18510 8.472097554119943
250 27107 5.578690712080519
251 4745 98.93332903472911
252 1883 29.953895539284353
253 3297 66.84066605714003
254 4353 30.478160902675995
255 671 2.279953420633609
256 14120 49.39781497057129
257 11831 80.19558855098943
258 7095 67.32048565475979
259 4801 95.77573602657618
260 44622 16.50814019215533
261 63140 37.20003258702357
262 20579 6.976785220626505
263 34108 32.01230082919303
264 30347 15.03889747751727
265 5699 19.175373399413434
266 36090 78.83605947209021
267 74734 23.885708736874456
268 3070 13.177526305141182
269 45452 9.421144422290759
270 50926 9.35209468151976
271 33262 9.85605029830254
272 47553 23.616632586714687
273 3255 74.94356305897942
274 2883 73.04436429821297
275 1186 81.37238435081552
276 10089 85.99071501489583
