0	157	22
1	157	959
2	157	121
3	157	229
4	157	406
5	157	552
6	157	1516
6	138	483
6	10	3450
7	157	1114
8	157	1678
8	138	459
8	10	519
8	134	1268
8	11	430
8	126	1965
8	131	915
8	142	1890
8	144	370
8	132	1004
8	175	246
8	137	40
8	133	883
8	156	129
8	163	783
8	169	1053
8	140	140
8	47	65
8	177	45
8	145	117
8	176	22
8	16	281
8	139	284
8	150	418
8	130	1555
8	8	2662
8	129	143
8	174	68
8	135	252
8	154	88
8	170	177
8	155	88
8	179	166
8	141	246
8	1	229
8	52	11
8	165	120
8	41	206
8	42	43
8	67	154
8	148	163
8	49	100
8	127	123
8	151	450
8	168	94
8	152	1067
8	143	1394
8	173	91
8	6	71
8	19	591
8	2	60
8	45	31
8	128	68
8	28	51
8	153	258
8	136	80
8	59	100
8	58	60
8	82	54
8	100	60
8	5	28
8	35	25
8	149	83
8	9	54
8	115	80
8	114	48
8	7	54
8	178	65
8	39	74
8	162	48
8	48	40
8	172	40
8	17	206
8	64	28
8	37	60
8	4	103
8	147	450
8	70	152
8	23	40
8	161	149
8	69	31
8	43	40
8	46	5
8	50	25
8	29	54
8	56	65
8	51	11
8	99	14
8	68	43
8	63	45
8	55	31
8	53	20
8	66	43
8	158	705
8	57	31
8	86	22
8	62	60
8	123	22
8	83	34
8	38	48
8	36	11
8	116	22
8	31	34
8	65	31
8	32	22
8	166	74
8	27	8
8	30	37
8	22	34
8	3	22
8	61	25
8	81	43
8	44	20
8	34	5
8	78	8
8	12	20
8	40	37
8	26	31
8	98	20
8	180	31
8	90	77
8	182	11
8	164	25
8	85	28
8	80	25
8	88	14
8	102	22
8	146	11
8	105	8
8	15	71
8	171	14
8	20	71
8	107	22
8	97	25
8	79	14
8	21	45
8	117	2
8	71	51
8	87	2
8	18	140
8	60	20
8	89	2
8	181	48
8	185	65
8	160	80
8	33	14
8	106	11
8	108	17
8	104	11
8	72	28
8	92	11
8	25	20
8	94	40
8	119	45
8	91	5
8	101	11
8	14	37
8	111	34
8	96	11
8	103	8
8	110	14
8	112	11
8	109	11
8	13	11
8	159	20
8	24	8
8	125	45
8	121	8
8	95	17
8	122	2
8	74	11
8	184	34
8	75	2
8	0	11
8	73	5
8	118	8
8	124	8
8	113	2
9	157	611
10	157	2143
10	138	549
10	10	11051
10	134	656
10	11	940
10	126	992
10	131	836
10	142	580
10	144	802
10	132	824
10	175	1498
10	137	51
10	133	479
10	156	528
10	163	641
10	169	754
10	140	131
10	47	195
10	177	567
10	145	158
10	176	283
10	16	302
10	139	207
10	150	430
10	130	332
10	8	293
10	129	448
10	174	341
10	135	79
10	154	216
10	170	232
10	155	274
10	179	174
10	141	125
10	1	164
10	52	15
10	165	48
10	41	274
10	42	259
10	67	228
10	148	213
10	49	210
10	127	277
10	151	131
10	168	106
10	152	332
10	143	296
10	173	189
10	6	198
10	19	140
10	2	134
10	45	119
10	128	167
10	28	94
10	153	91
10	136	103
10	59	232
10	58	170
10	82	79
10	100	137
10	5	76
10	35	100
10	149	186
10	9	177
10	115	122
10	114	82
10	7	161
10	178	58
10	39	106
10	162	15
10	48	67
10	172	125
10	17	64
10	64	33
10	37	91
10	4	109
10	147	103
10	70	177
10	23	70
10	161	58
10	69	48
10	43	42
10	46	39
10	50	103
10	29	146
10	56	143
10	51	61
10	99	48
10	68	140
10	63	109
10	55	106
10	53	54
10	66	73
10	158	473
10	57	45
10	86	18
10	62	64
10	123	24
10	83	51
10	38	61
10	36	109
10	116	36
10	31	48
10	65	30
10	32	42
10	166	27
10	27	18
10	30	45
10	22	36
10	3	30
10	61	30
10	81	51
10	44	51
10	34	27
10	78	12
10	12	30
10	40	67
10	26	30
10	98	33
10	180	36
10	90	42
10	182	6
10	164	12
10	85	12
10	80	24
10	88	9
10	102	27
10	146	9
10	105	61
10	15	70
10	171	21
10	20	33
10	107	30
10	97	39
10	79	18
10	21	61
10	117	9
10	71	24
10	87	21
10	18	30
10	60	21
10	89	27
10	181	18
10	185	36
10	160	27
10	33	45
10	106	18
10	108	51
10	104	24
10	72	30
10	92	6
10	25	21
10	94	33
10	119	42
10	91	6
10	101	18
10	14	39
10	111	67
10	96	9
10	84	3
10	103	18
10	110	18
10	54	3
10	112	12
10	109	21
10	93	9
10	24	39
10	125	18
10	121	3
10	95	24
10	120	15
10	122	6
10	74	3
10	184	42
10	75	6
10	73	36
10	0	18
10	118	6
10	124	3
11	157	1626
11	138	277
11	10	777
11	134	309
11	11	849
11	126	398
11	131	349
11	142	235
11	144	314
11	132	331
11	175	272
11	137	19
11	133	230
11	156	118
11	163	237
11	169	341
11	140	29
11	47	66
11	177	138
11	145	47
11	176	24
11	16	74
11	139	59
11	150	138
11	130	123
11	8	106
11	129	116
11	174	56
11	135	37
11	154	84
11	170	103
11	155	64
11	179	64
11	141	96
11	1	37
11	52	4
11	165	27
11	41	108
11	42	49
11	67	32
11	148	79
11	49	47
11	127	49
11	151	42
11	168	37
11	152	91
11	143	118
11	173	59
11	6	37
11	19	91
11	2	29
11	45	17
11	128	47
11	28	22
11	153	37
11	136	24
11	59	56
11	58	49
11	82	9
11	100	19
11	5	37
11	35	14
11	149	32
11	9	59
11	115	19
11	114	29
11	7	32
11	39	59
11	178	7
11	162	12
11	48	24
11	172	22
11	17	17
11	64	17
11	37	12
11	4	44
11	147	34
11	23	22
11	70	56
11	161	27
11	69	27
11	43	12
11	46	9
11	50	24
11	29	34
11	56	27
11	51	7
11	99	24
11	68	19
11	63	9
11	55	22
11	53	17
11	66	32
11	158	255
11	57	7
11	86	14
11	62	22
11	123	7
11	83	9
11	38	14
11	36	32
11	116	9
11	31	17
11	65	12
11	32	24
11	166	17
11	27	9
11	30	14
11	22	7
11	3	14
11	61	22
11	81	9
11	44	7
11	34	9
11	78	2
11	12	4
11	40	19
11	26	19
11	98	14
11	180	12
11	90	12
11	164	12
11	80	7
11	85	7
11	88	7
11	102	2
11	146	4
11	105	2
11	15	14
11	171	7
11	20	12
11	107	2
11	97	7
11	79	2
11	21	9
11	117	4
11	71	4
11	87	2
11	18	17
11	60	2
11	89	2
11	181	9
11	185	2
11	160	17
11	106	2
11	108	7
11	104	7
11	72	14
11	25	2
11	94	12
11	119	22
11	101	4
11	14	17
11	111	7
11	84	2
11	103	2
11	110	7
11	54	2
11	13	2
11	24	2
11	93	2
11	125	12
11	95	4
11	120	2
11	122	2
11	74	4
11	75	2
11	184	7
11	73	2
11	118	2
12	157	403
13	157	65
14	157	300
15	157	560
16	157	677
17	157	759
18	157	900
19	157	1611
20	157	791
21	157	513
22	157	72
23	157	206
24	157	234
25	157	175
26	157	207
27	157	186
28	157	121
29	157	349
30	157	145
31	157	254
32	157	176
33	157	112
34	157	188
35	157	207
36	157	800
37	157	174
38	157	268
39	157	128
40	157	371
41	157	137
42	157	481
43	157	140
44	157	111
45	157	115
46	157	136
47	157	142
48	157	138
49	157	518
50	157	180
51	157	138
52	157	36
53	157	309
54	157	81
55	157	683
56	157	300
57	157	270
58	157	424
59	157	798
60	157	233
61	157	377
62	157	278
63	157	469
64	157	411
65	157	436
66	157	474
67	157	132
68	157	316
69	157	165
70	157	1051
71	157	688
72	157	540
73	157	94
74	157	92
75	157	39
76	157	45
78	157	29
79	157	75
80	157	99
81	157	66
82	157	93
83	157	85
84	157	103
85	157	56
86	157	40
87	157	103
88	157	37
89	157	81
90	157	63
91	157	102
92	157	29
93	157	38
94	157	155
95	157	117
96	157	39
97	157	179
98	157	67
99	157	81
100	157	60
101	157	171
102	157	120
103	157	201
104	157	151
105	157	135
106	157	97
107	157	157
108	157	149
109	157	113
110	157	216
111	157	231
112	157	59
113	157	31
114	157	98
115	157	82
116	157	89
117	157	82
118	157	43
119	157	245
120	157	19
121	157	129
122	157	50
123	157	48
124	157	186
125	157	326
126	157	2055
126	138	676
126	10	844
126	134	1051
126	11	671
126	126	5673
126	131	1895
126	142	1775
126	144	413
126	132	1210
126	175	285
126	137	92
126	133	1121
126	156	153
126	163	1026
126	169	1395
126	140	469
126	47	109
126	177	72
126	145	237
126	176	33
126	16	455
126	139	480
126	150	724
126	130	1076
126	8	838
126	129	279
126	174	67
126	135	388
126	154	111
126	170	268
126	155	103
126	179	329
126	141	413
126	1	329
126	52	13
126	165	209
126	41	204
126	42	64
126	67	125
126	148	229
126	49	109
126	127	137
126	151	290
126	168	167
126	152	469
126	143	791
126	173	240
126	6	120
126	19	377
126	2	61
126	45	33
126	128	92
126	28	41
126	153	366
126	136	97
126	59	125
126	58	86
126	82	55
126	100	89
126	5	72
126	35	36
126	149	218
126	9	64
126	115	67
126	114	36
126	7	53
126	178	109
126	39	95
126	162	55
126	48	36
126	172	69
126	17	100
126	64	30
126	37	47
126	4	195
126	147	248
126	70	167
126	23	72
126	161	178
126	69	44
126	43	27
126	46	16
126	50	22
126	29	92
126	56	58
126	51	8
126	99	58
126	68	41
126	63	53
126	55	53
126	53	5
126	66	86
126	158	967
126	57	33
126	86	25
126	62	78
126	123	2
126	83	39
126	38	41
126	36	39
126	116	22
126	31	33
126	65	39
126	32	44
126	166	47
126	27	19
126	30	36
126	22	47
126	3	25
126	61	33
126	81	33
126	44	33
126	34	13
126	78	25
126	12	27
126	40	39
126	26	25
126	98	19
126	180	53
126	90	27
126	182	19
126	164	44
126	85	13
126	80	22
126	88	19
126	102	19
126	146	30
126	105	13
126	15	120
126	171	27
126	20	36
126	107	19
126	97	13
126	79	8
126	21	55
126	117	2
126	71	47
126	87	8
126	18	78
126	60	19
126	89	16
126	181	27
126	185	55
126	160	72
126	33	19
126	106	22
126	108	25
126	104	19
126	72	2
126	92	11
126	25	11
126	94	19
126	119	44
126	101	30
126	14	30
126	111	58
126	96	11
126	84	11
126	103	16
126	110	11
126	54	5
126	112	2
126	109	8
126	13	5
126	159	16
126	93	2
126	24	13
126	125	11
126	121	2
126	95	16
126	122	8
126	74	16
126	184	36
126	75	2
126	0	5
126	118	8
126	76	2
126	124	5
127	157	1319
127	138	405
127	10	2071
127	134	571
127	11	911
127	126	713
127	131	677
127	142	476
127	144	1163
127	132	639
127	175	873
127	137	23
127	133	369
127	156	396
127	163	464
127	169	698
127	140	106
127	47	100
127	177	328
127	145	71
127	176	76
127	16	224
127	139	147
127	150	648
127	130	384
127	8	269
127	129	541
127	174	361
127	135	79
127	154	470
127	170	239
127	155	281
127	179	221
127	141	139
127	1	165
127	52	29
127	165	38
127	41	174
127	42	153
127	67	124
127	148	473
127	49	195
127	127	1752
127	151	68
127	168	147
127	152	298
127	143	239
127	173	100
127	6	455
127	19	142
127	2	127
127	45	82
127	128	251
127	28	124
127	153	68
127	136	260
127	59	236
127	58	100
127	82	68
127	100	68
127	5	331
127	35	47
127	149	195
127	9	180
127	115	91
127	114	62
127	7	118
127	178	62
127	39	94
127	162	14
127	48	53
127	172	147
127	17	53
127	64	35
127	37	68
127	4	177
127	147	71
127	70	168
127	23	91
127	161	26
127	69	50
127	43	50
127	46	17
127	50	53
127	29	62
127	56	79
127	51	26
127	99	50
127	68	53
127	63	59
127	55	53
127	53	23
127	66	62
127	158	432
127	57	44
127	86	29
127	62	71
127	123	17
127	83	38
127	38	62
127	36	85
127	116	17
127	31	26
127	65	38
127	32	41
127	166	11
127	27	32
127	30	32
127	22	14
127	3	38
127	61	56
127	81	29
127	44	29
127	34	44
127	78	5
127	12	65
127	40	23
127	26	26
127	98	23
127	180	5
127	90	44
127	182	2
127	164	11
127	85	17
127	80	20
127	88	11
127	102	17
127	105	17
127	15	97
127	171	23
127	20	26
127	107	14
127	97	5
127	79	11
127	21	20
127	117	5
127	71	17
127	87	14
127	18	50
127	60	23
127	89	5
127	181	26
127	185	11
127	160	41
127	33	32
127	106	5
127	108	8
127	104	11
127	72	8
127	92	11
127	25	5
127	94	29
127	119	26
127	91	2
127	101	23
127	14	17
127	111	26
127	96	8
127	84	2
127	103	11
127	110	14
127	109	8
127	13	20
127	159	20
127	93	17
127	24	32
127	125	11
127	121	8
127	95	2
127	120	2
127	122	2
127	74	14
127	184	91
127	75	14
127	73	5
127	0	5
127	113	11
128	157	909
129	157	942
129	138	402
129	10	1626
129	134	604
129	11	964
129	126	597
129	131	875
129	142	466
129	144	878
129	132	729
129	175	665
129	137	124
129	133	259
129	156	302
129	163	754
129	169	989
129	140	206
129	47	67
129	177	135
129	145	42
129	176	49
129	16	309
129	139	128
129	150	1405
129	130	345
129	8	405
129	129	1270
129	174	152
129	135	145
129	154	277
129	170	277
129	155	273
129	179	348
129	141	256
129	1	273
129	52	17
129	165	88
129	41	273
129	42	181
129	67	181
129	148	430
129	49	185
129	127	370
129	151	138
129	168	273
129	152	330
129	143	241
129	173	124
129	6	359
129	19	241
129	2	128
129	45	92
129	128	231
129	28	103
129	153	88
129	136	298
129	59	209
129	58	120
129	82	56
129	100	88
129	5	156
129	35	39
129	149	491
129	9	149
129	115	71
129	114	64
129	7	149
129	178	177
129	39	160
129	162	32
129	48	71
129	172	117
129	17	42
129	64	60
129	37	56
129	4	181
129	147	117
129	70	192
129	23	103
129	161	64
129	69	39
130	157	1582
130	138	522
130	10	660
130	134	808
130	11	688
130	126	2532
130	131	1924
130	142	1618
130	144	383
130	132	1585
130	175	380
130	137	63
130	133	933
130	156	194
130	163	1738
130	169	1704
130	140	524
130	47	161
130	177	69
130	145	188
130	176	27
130	16	519
130	139	422
130	150	891
130	130	3770
130	8	1777
130	129	269
130	174	63
130	135	838
130	154	88
130	170	416
130	155	99
130	179	469
130	141	438
130	1	485
130	52	5
130	165	405
130	41	199
130	42	94
130	67	166
130	148	199
130	49	127
130	127	155
130	151	569
130	168	299
130	152	888
130	143	1121
130	173	197
130	6	122
130	19	863
130	2	58
130	45	61
130	128	69
130	28	86
130	153	735
130	136	72
130	59	122
130	58	99
130	82	72
130	100	94
130	5	80
130	35	41
130	149	211
130	9	108
130	115	86
130	114	38
130	7	88
130	178	124
130	39	122
130	162	113
130	48	52
130	172	69
130	17	272
130	64	55
130	37	108
130	4	177
130	147	516
130	70	152
130	23	83
130	161	360
130	69	36
130	43	47
130	46	33
130	50	41
130	29	94
130	56	83
130	51	30
130	99	33
130	68	86
130	63	77
130	55	38
130	53	11
130	66	102
130	158	1410
130	57	72
130	86	22
130	62	58
130	123	30
130	83	41
130	38	47
130	36	72
130	116	33
130	31	47
130	65	30
130	32	55
130	166	74
130	27	11
130	30	47
130	22	49
130	3	27
130	61	24
130	81	36
130	44	22
130	34	11
130	78	16
130	12	22
130	40	27
130	26	33
130	98	11
130	180	80
130	90	63
130	182	19
130	164	80
130	85	38
130	80	30
130	88	5
130	102	36
130	146	41
130	105	19
130	15	186
130	171	41
130	20	127
130	107	36
130	97	22
130	79	8
130	21	72
130	117	8
130	71	33
130	87	11
130	18	169
130	60	38
130	89	11
130	181	47
130	185	66
130	160	88
130	33	13
130	106	5
130	108	8
130	104	41
130	72	8
130	92	11
130	25	24
130	94	44
130	119	55
130	91	8
130	101	22
130	14	61
130	111	44
130	96	13
130	84	8
130	103	19
130	110	11
130	54	5
130	112	5
130	109	16
130	13	16
130	159	36
130	93	8
130	24	24
130	125	69
130	121	2
130	95	16
130	122	5
130	74	11
130	184	58
130	75	8
130	73	8
130	0	8
130	118	2
130	124	24
130	113	11
130	77	2
131	157	1151
133	157	2470
133	138	675
133	10	840
133	134	957
133	11	672
133	126	2330
133	131	1036
133	142	1456
133	144	361
133	132	770
133	175	336
133	137	67
133	133	2910
133	156	173
133	163	624
133	169	823
133	140	369
133	47	179
133	177	89
133	145	254
133	176	28
133	16	313
133	139	591
133	150	585
133	130	680
133	8	890
133	129	204
133	174	98
133	135	162
133	154	154
133	170	215
133	155	89
133	179	170
133	141	277
133	1	226
133	52	5
133	165	128
133	41	260
133	42	100
133	67	134
133	148	187
133	49	140
133	127	151
133	151	204
133	168	103
133	152	487
133	143	781
133	173	274
133	6	128
133	19	361
133	2	70
133	45	44
133	128	95
133	28	84
133	153	190
133	136	81
133	59	140
133	58	89
133	82	64
133	100	81
133	5	81
133	35	47
133	149	117
133	9	72
133	115	112
133	114	53
133	7	92
133	178	98
133	39	95
133	162	50
133	48	42
133	172	67
133	17	120
133	64	58
133	37	67
133	4	134
133	147	221
133	70	193
133	23	112
133	161	123
133	69	50
133	43	61
133	46	16
133	50	44
133	29	114
133	56	58
133	51	39
133	99	58
133	68	25
133	63	67
133	55	84
133	53	19
133	66	75
133	158	571
133	57	44
133	86	28
133	62	53
133	83	30
133	123	11
133	36	72
133	38	58
133	116	19
133	31	42
133	65	42
133	32	50
133	166	30
133	27	28
133	30	53
133	22	44
133	3	30
133	61	39
133	81	8
133	34	30
133	44	16
133	78	14
133	12	22
133	40	36
133	26	44
133	98	11
133	180	44
133	90	30
133	182	11
133	164	36
133	80	19
133	85	11
133	88	25
133	102	8
133	146	28
133	105	30
133	15	81
133	171	14
133	20	53
133	107	5
133	97	19
133	79	19
133	21	44
133	117	11
133	71	36
133	87	8
133	18	75
133	60	39
133	89	16
133	181	11
133	185	42
133	160	56
133	33	22
133	106	19
133	108	16
133	104	14
133	72	25
133	92	14
133	25	11
133	94	16
133	119	67
133	91	5
133	101	11
133	14	42
133	111	44
133	84	2
133	96	11
133	103	8
133	110	25
133	54	2
133	112	5
133	109	8
133	13	14
133	159	25
133	24	25
133	93	5
133	125	22
133	95	14
133	122	11
133	74	11
133	184	22
133	73	2
133	75	2
133	118	2
133	76	2
133	124	8
133	113	2
134	157	864
134	138	398
134	10	891
134	134	740
134	11	746
134	126	389
134	131	469
134	142	321
134	144	374
134	132	363
134	175	271
134	137	91
134	133	268
134	156	73
134	163	306
134	169	342
134	140	100
134	47	41
134	177	85
134	145	76
134	176	20
134	16	106
134	139	79
134	150	560
134	130	138
134	8	183
134	129	292
134	174	59
134	135	67
134	154	129
134	170	126
134	155	73
134	179	129
134	141	165
134	1	129
134	52	8
134	165	53
134	41	132
134	42	64
134	67	88
134	148	115
134	49	70
134	127	103
134	151	61
134	168	29
134	152	118
134	143	177
134	173	64
134	6	126
134	19	100
134	2	35
134	45	32
134	128	94
134	28	44
134	153	64
134	136	97
134	59	100
134	58	41
134	82	35
134	100	17
134	5	94
134	35	20
134	149	150
134	9	44
134	115	44
134	114	14
134	7	44
134	178	26
134	39	35
134	162	8
134	48	32
134	172	47
134	17	11
134	64	44
134	37	26
134	4	50
134	147	47
134	70	79
134	23	11
134	161	17
134	69	17
134	43	32
134	46	2
134	50	26
134	29	61
134	56	20
134	51	5
134	99	29
134	68	20
134	63	17
134	55	14
134	53	5
134	66	41
134	158	312
134	57	8
134	86	5
134	62	59
134	123	8
134	83	35
134	38	14
134	36	20
134	116	8
134	31	17
134	65	2
134	32	11
134	166	26
134	27	17
134	30	20
134	22	8
134	3	23
134	61	8
134	81	20
134	44	26
134	34	35
134	78	2
134	12	26
134	40	29
134	26	2
134	98	8
134	180	8
134	90	20
134	182	8
134	164	8
134	85	8
134	80	5
134	102	5
134	146	8
134	105	14
134	15	56
134	171	14
134	20	17
134	107	14
134	79	2
134	21	26
134	117	5
134	71	11
134	87	5
134	18	20
134	60	8
134	89	5
134	181	11
134	185	14
134	160	26
134	33	2
134	108	5
134	72	11
134	92	5
134	25	2
134	94	11
134	119	14
134	101	2
134	14	5
134	111	17
134	96	11
134	103	2
134	110	2
134	54	5
134	112	2
134	24	5
134	125	5
134	95	11
134	120	2
134	74	8
134	184	14
134	75	5
134	73	2
134	113	2
135	157	679
136	157	726
137	157	498
137	138	283
137	10	445
137	134	128
137	11	203
137	126	267
137	131	309
137	142	94
137	144	166
137	132	192
137	175	150
137	137	158
137	133	147
137	156	49
137	163	192
137	169	226
137	140	147
137	47	45
137	177	45
137	145	67
137	176	11
137	16	101
137	139	90
137	150	252
137	130	135
137	8	86
137	129	139
137	174	33
137	135	71
137	154	52
137	170	98
137	155	37
137	179	94
137	141	83
137	1	71
137	165	26
137	41	71
137	42	30
137	67	41
137	148	52
137	49	15
137	127	33
137	151	41
137	168	33
137	152	67
137	143	116
137	173	49
137	6	26
137	19	86
137	2	18
137	45	11
137	128	22
137	28	18
137	153	22
137	136	60
137	59	52
137	58	33
137	82	11
137	100	22
137	5	7
137	35	15
137	149	52
137	9	15
137	115	15
137	7	37
137	178	37
137	39	26
137	162	3
137	48	33
137	172	18
137	17	15
137	64	22
137	37	18
137	4	64
137	147	22
137	70	26
137	161	22
137	69	18
137	43	15
137	46	7
137	50	15
137	29	26
137	56	15
137	51	3
137	68	7
137	63	3
137	55	22
137	53	3
137	66	15
137	158	181
137	57	15
137	86	15
137	62	37
137	123	3
137	83	11
137	38	7
137	36	37
137	116	18
137	31	3
137	65	15
137	32	7
137	166	7
137	27	3
137	30	11
137	3	3
137	61	3
137	44	3
137	78	3
137	12	7
137	40	18
137	26	7
137	98	3
137	90	18
137	164	11
137	85	7
137	80	7
137	88	3
137	102	3
137	15	37
137	171	7
137	107	7
137	97	3
137	79	11
137	21	7
137	71	15
137	87	3
137	18	11
137	60	7
137	181	11
137	185	7
137	160	11
137	33	7
137	108	3
137	104	11
137	72	7
137	92	3
137	25	11
137	94	11
137	119	11
137	101	3
137	14	11
137	111	33
137	112	3
137	109	3
137	13	3
137	93	3
137	125	3
137	95	7
137	184	3
137	73	7
137	0	7
137	118	3
137	124	3
137	113	3
138	157	2939
138	138	1376
138	10	1109
138	134	509
138	11	719
138	126	1323
138	131	990
138	142	675
138	144	430
138	132	704
138	175	421
138	137	147
138	133	650
138	156	204
138	163	641
138	169	845
138	140	421
138	47	128
138	177	141
138	145	367
138	176	50
138	16	226
138	139	235
138	150	675
138	130	462
138	8	399
138	129	282
138	174	106
138	135	125
138	154	141
138	170	191
138	155	144
138	179	220
138	141	251
138	1	201
138	52	6
138	165	106
138	41	220
138	42	110
138	67	135
138	148	150
138	49	179
138	127	172
138	151	141
138	168	91
138	152	308
138	143	553
138	173	267
138	6	132
138	19	260
138	2	47
138	45	56
138	128	103
138	28	47
138	153	125
138	136	69
138	59	113
138	58	66
138	82	37
138	100	66
138	5	72
138	35	37
138	149	132
138	9	59
138	115	75
138	114	50
138	7	59
138	178	78
138	39	91
138	162	22
138	48	44
138	172	47
138	17	40
138	64	40
138	37	44
138	4	113
138	147	110
138	23	50
138	70	113
138	161	69
138	69	28
138	43	50
138	46	31
138	50	47
138	29	75
138	56	40
138	51	25
138	99	56
138	68	56
138	63	56
138	53	18
138	55	40
138	66	47
138	158	512
138	57	12
138	86	22
138	62	50
138	123	12
138	83	25
138	36	47
138	38	40
138	116	34
138	31	37
138	65	15
138	32	40
138	166	34
138	27	12
138	30	28
138	22	31
138	3	15
138	61	34
138	81	37
138	44	31
138	34	25
138	78	18
138	12	31
138	40	28
138	26	18
138	98	6
138	180	18
138	90	47
138	182	9
138	164	22
138	80	6
138	85	9
138	88	12
138	146	9
138	105	15
138	15	113
138	171	18
138	20	28
138	97	9
138	107	9
138	79	3
138	21	34
138	117	6
138	71	22
138	18	59
138	60	18
138	89	6
138	181	12
138	185	25
138	160	44
138	33	18
138	108	22
138	104	6
138	72	22
138	92	9
138	25	6
138	94	31
138	119	34
138	91	12
138	101	6
138	14	31
138	111	28
138	84	6
138	96	6
138	103	3
138	110	18
138	109	6
138	13	3
138	159	9
138	24	6
138	93	3
138	125	6
138	121	6
138	95	12
138	120	3
138	122	3
138	74	6
138	184	22
138	0	3
138	73	3
138	75	6
138	118	3
138	76	3
138	124	6
139	157	1747
139	138	695
139	10	921
139	134	539
139	11	605
139	126	1976
139	131	1263
139	142	1014
139	144	492
139	132	878
139	175	376
139	137	115
139	133	1147
139	156	156
139	163	785
139	169	988
139	140	678
139	47	78
139	177	60
139	145	243
139	176	43
139	16	339
139	139	1292
139	150	753
139	130	742
139	8	649
139	129	234
139	174	101
139	135	289
139	154	147
139	170	286
139	155	113
139	179	243
139	141	385
139	1	324
139	52	17
139	165	185
139	41	133
139	42	52
139	67	110
139	148	188
139	49	121
139	127	144
139	151	153
139	168	211
139	152	429
139	143	629
139	173	388
139	6	156
139	19	391
139	2	81
139	45	37
139	128	84
139	28	60
139	153	255
139	136	81
139	59	156
139	58	101
139	82	43
139	100	57
139	5	57
139	35	28
139	149	200
139	9	75
139	115	75
139	114	20
139	7	52
139	178	95
139	39	84
139	162	72
139	48	40
139	172	110
139	17	92
139	64	20
139	37	40
139	4	147
139	147	150
139	70	107
139	23	52
139	161	118
139	69	28
139	43	40
139	50	49
139	29	72
139	56	49
139	51	20
139	99	31
139	68	26
139	63	46
139	55	52
139	53	5
139	66	34
139	158	765
139	57	26
139	86	23
139	62	72
139	123	8
139	83	31
139	38	43
139	36	49
139	116	23
139	31	34
139	65	31
139	32	46
139	166	34
139	27	8
139	30	34
139	22	17
139	3	26
139	61	37
139	81	11
139	44	17
139	34	17
139	78	5
139	12	20
139	40	28
139	26	20
139	98	2
139	180	43
139	90	37
139	182	11
139	164	52
139	85	14
139	80	14
139	88	11
139	102	8
139	146	14
139	105	20
139	15	69
139	171	8
139	20	46
139	107	8
139	97	20
139	79	20
139	21	46
139	117	5
139	71	26
139	87	8
139	18	63
139	60	43
139	89	8
139	181	11
139	185	28
139	160	136
139	33	11
139	106	8
139	108	14
139	104	8
139	72	8
139	92	11
139	25	5
139	94	26
139	119	34
139	91	5
139	101	14
139	14	20
139	111	49
139	96	11
139	103	14
139	112	11
139	109	11
139	13	8
139	159	14
139	93	8
139	24	8
139	125	28
139	121	5
139	95	14
139	122	2
139	74	5
139	184	28
139	75	8
139	73	8
139	0	2
139	118	11
139	124	8
139	113	5
140	157	1723
140	138	896
140	10	1264
140	134	404
140	11	759
140	126	1592
140	131	1712
140	142	812
140	144	488
140	132	1134
140	175	465
140	137	173
140	133	966
140	156	207
140	163	1264
140	169	1318
140	140	1749
140	47	90
140	177	66
140	145	210
140	176	40
140	16	541
140	139	615
140	150	1532
140	130	896
140	8	598
140	129	434
140	174	167
140	135	434
140	154	140
140	170	461
140	155	107
140	179	398
140	141	558
140	1	471
140	52	10
140	165	224
140	41	260
140	42	113
140	67	86
140	148	260
140	49	214
140	127	173
140	151	227
140	168	297
140	152	471
140	143	471
140	173	371
140	6	194
140	19	384
140	2	86
140	45	56
140	128	90
140	28	73
140	153	388
140	136	143
140	59	173
140	58	97
140	82	63
140	100	56
140	5	73
140	35	40
140	149	337
140	9	76
140	115	93
140	114	46
140	7	76
140	178	127
140	39	113
140	162	107
140	48	60
140	172	127
140	17	153
140	64	43
140	37	66
140	4	247
140	147	170
140	70	123
140	23	60
140	161	177
140	69	53
140	43	66
140	46	10
140	50	66
140	29	103
140	56	63
140	51	23
140	99	43
140	68	20
140	63	53
140	55	86
140	53	16
140	66	63
140	158	920
140	57	20
140	86	26
140	62	40
140	123	6
140	83	36
140	38	66
140	36	80
140	116	36
140	31	36
140	65	26
140	32	60
140	166	46
140	27	33
140	30	33
140	22	10
140	3	23
140	61	16
140	81	33
140	44	30
140	34	33
140	78	16
140	12	30
140	40	40
140	26	53
140	98	6
140	180	46
140	90	33
140	182	13
140	164	53
140	85	23
140	80	13
140	88	23
140	102	13
140	146	10
140	105	20
140	15	200
140	171	33
140	20	80
140	107	6
140	97	16
140	79	20
140	21	83
140	117	3
140	71	40
140	87	6
140	18	97
140	60	50
140	89	16
140	181	23
140	185	46
140	160	73
140	33	26
140	106	16
140	108	16
140	104	13
140	72	13
140	92	3
140	25	16
140	94	40
140	119	60
140	91	10
140	101	23
140	14	30
140	111	56
140	96	10
140	103	20
140	110	13
140	112	3
140	109	16
140	13	6
140	159	10
140	93	6
140	24	3
140	125	13
140	95	3
140	122	3
140	74	6
140	184	60
140	75	3
140	73	6
140	0	6
140	118	3
140	124	16
140	113	10
141	157	1737
141	138	960
141	10	1753
141	134	857
141	11	1024
141	126	1885
141	131	3194
141	142	1115
141	144	767
141	132	2014
141	175	792
141	137	199
141	133	1047
141	156	331
141	163	1647
141	169	2417
141	140	1179
141	47	180
141	177	164
141	145	254
141	176	67
141	16	728
141	139	767
141	150	2643
141	130	1289
141	8	825
141	129	670
141	174	177
141	135	647
141	154	257
141	170	744
141	155	212
141	179	586
141	141	1882
141	1	731
141	52	19
141	165	341
141	41	393
141	42	161
141	67	170
141	148	576
141	49	264
141	127	322
141	151	328
141	168	357
141	152	638
141	143	715
141	173	386
141	6	312
141	19	512
141	2	125
141	45	96
141	128	199
141	28	106
141	153	518
141	136	283
141	59	228
141	58	141
141	82	106
141	100	122
141	5	112
141	35	58
141	149	480
141	9	148
141	115	132
141	114	45
141	7	106
141	178	322
141	39	170
141	162	93
141	48	77
141	172	183
141	17	177
141	64	67
141	37	90
141	4	428
141	147	225
141	70	248
141	23	83
141	161	228
141	69	54
141	43	80
141	46	32
141	50	61
141	29	193
141	56	87
141	51	45
141	99	54
141	68	70
141	63	90
141	55	128
141	53	29
141	66	83
141	158	1669
141	57	45
141	86	16
141	62	122
141	123	35
141	83	38
141	38	125
141	36	122
141	116	32
141	31	51
141	65	32
141	32	74
141	166	58
141	27	12
141	30	16
141	22	41
141	3	51
141	61	32
141	81	61
141	44	41
141	34	45
141	78	16
141	12	51
141	40	35
141	26	61
141	98	25
141	180	64
141	90	67
141	182	19
141	164	32
141	85	19
141	80	38
141	88	25
141	102	6
141	146	16
141	105	16
141	15	183
141	171	38
141	20	96
141	107	35
141	97	48
141	79	38
141	21	58
141	117	9
141	71	51
141	87	29
141	18	122
141	60	67
141	89	19
141	181	35
141	185	77
141	160	83
141	33	35
141	106	9
141	108	19
141	104	29
141	72	29
141	92	16
141	25	19
141	94	45
141	119	96
141	91	12
141	101	48
141	14	45
141	111	51
141	96	19
141	84	9
141	103	22
142	157	1139
142	138	241
142	10	181
142	134	856
142	11	264
142	126	1346
142	131	403
142	142	1629
142	144	169
142	132	381
142	175	120
142	137	52
142	133	535
142	156	101
142	163	282
142	169	347
142	140	158
142	47	75
142	177	37
142	145	98
142	176	7
142	16	120
142	139	215
142	150	173
142	130	550
142	8	479
142	129	71
142	174	41
142	135	37
142	154	71
142	170	109
142	155	56
142	179	56
142	141	105
142	1	82
142	52	11
142	165	86
142	41	98
142	42	22
142	67	49
142	148	82
142	49	71
142	127	56
142	151	162
142	168	90
142	152	290
142	143	392
142	173	37
142	6	26
142	19	177
142	2	18
142	45	26
142	128	22
142	28	45
142	153	101
142	136	37
142	59	41
142	58	33
142	82	30
142	100	30
142	5	30
142	35	11
142	149	52
142	9	37
142	115	41
142	114	22
142	7	11
142	39	60
142	178	15
142	162	22
142	48	18
142	172	30
142	17	45
142	64	22
142	37	18
142	4	45
142	147	79
142	23	41
142	70	60
142	161	37
142	69	15
142	43	7
142	50	15
142	29	30
142	56	3
142	51	15
142	99	41
142	68	22
142	63	15
142	55	22
142	66	75
142	158	313
142	57	7
142	86	18
142	62	15
142	83	26
142	38	30
142	36	37
142	116	3
142	31	26
142	65	11
142	32	33
142	166	7
142	27	7
142	22	11
142	3	15
142	61	7
142	81	15
142	44	26
142	34	15
142	78	3
142	12	18
142	40	11
142	26	7
142	98	7
142	180	22
142	90	41
142	164	18
142	80	26
142	85	7
142	88	3
142	102	15
142	146	15
142	105	3
142	15	18
142	171	15
142	20	30
142	107	11
142	97	3
142	79	7
142	21	30
142	117	3
142	71	15
142	87	3
142	18	56
142	60	3
142	89	15
142	181	7
142	185	33
142	160	11
142	33	3
142	108	7
142	104	3
142	72	3
142	92	3
142	25	11
142	94	26
142	119	33
142	91	7
142	101	7
142	14	22
142	111	15
142	84	3
142	96	3
142	103	3
142	110	3
142	112	3
142	109	3
142	13	15
142	159	7
142	24	3
142	93	3
142	125	22
142	95	3
142	74	7
142	184	15
142	0	3
142	73	7
142	118	7
142	113	7
143	157	1721
143	138	480
143	10	328
143	134	892
143	11	474
143	126	1985
143	131	877
143	142	1789
143	144	160
143	132	894
143	175	171
143	137	29
143	133	853
143	156	121
143	163	823
143	169	1108
143	140	171
143	47	115
143	177	50
143	145	109
143	176	2
143	16	331
143	139	290
143	150	388
143	130	933
143	8	1689
143	129	109
143	174	44
143	135	168
143	154	68
143	170	234
143	155	59
143	179	160
143	141	115
143	1	222
143	52	23
143	165	127
143	41	189
143	42	91
143	67	112
143	148	130
143	49	94
143	127	47
143	151	554
143	168	91
143	152	1386
143	143	3215
143	173	88
143	6	71
143	19	687
143	2	59
143	45	47
143	128	53
143	28	68
143	153	272
143	136	23
143	59	148
143	58	77
143	82	74
143	100	47
143	5	32
143	35	41
143	149	103
143	9	74
143	115	85
143	114	38
143	7	50
143	178	32
143	39	74
143	162	44
143	48	44
143	172	65
143	17	121
143	64	56
143	37	56
143	4	80
143	147	491
143	70	136
143	23	56
143	161	162
143	69	17
143	43	29
143	46	11
143	50	23
143	29	80
143	56	88
143	51	17
143	99	35
143	68	47
143	63	41
143	55	65
143	53	17
143	66	68
143	158	764
143	57	17
143	86	20
143	62	56
143	123	26
143	83	44
143	38	32
143	36	32
143	116	26
143	31	26
143	65	38
143	32	32
143	166	85
143	27	8
143	30	14
143	22	17
143	3	23
143	61	20
143	81	26
143	44	23
143	34	20
143	78	14
143	12	23
143	40	17
143	26	14
143	98	8
143	180	26
143	90	47
143	182	14
143	164	65
143	85	8
143	80	17
143	88	11
143	102	35
143	146	151
143	105	8
143	15	62
143	171	14
143	20	77
143	107	14
143	97	26
143	79	8
143	21	94
143	117	5
143	71	35
143	87	8
143	18	109
143	60	17
143	89	8
143	181	62
143	185	88
143	160	62
143	33	17
143	106	11
143	108	8
143	104	5
143	72	11
143	25	17
143	94	32
143	119	65
143	91	5
143	101	11
143	14	82
143	111	41
143	96	5
143	84	5
143	103	11
143	110	20
143	54	2
143	112	5
143	109	11
143	13	35
143	159	29
143	93	11
143	24	11
143	125	35
143	121	5
143	95	14
143	122	5
143	74	8
143	184	32
143	75	11
143	73	5
143	0	2
143	118	8
143	124	14
143	113	8
144	157	1513
144	138	368
144	10	1653
144	134	370
144	11	741
144	126	658
144	131	603
144	142	368
144	144	1464
144	132	513
144	175	593
144	137	77
144	133	316
144	156	189
144	163	383
144	169	554
144	140	82
144	47	62
144	177	285
144	145	62
144	176	41
144	16	114
144	139	139
144	150	347
144	130	186
144	8	207
144	129	593
144	174	134
144	135	62
144	154	160
144	170	163
144	155	124
144	179	103
144	141	126
144	1	129
144	52	12
144	165	44
144	41	119
144	42	103
144	67	80
144	148	147
144	49	111
144	127	199
144	151	64
144	168	67
144	152	196
144	143	152
144	173	95
144	6	163
144	19	132
144	2	64
144	45	44
144	128	139
144	28	67
144	153	44
144	136	75
144	59	101
144	58	54
144	82	20
144	100	75
144	5	90
144	35	38
144	149	139
144	9	103
144	115	59
144	114	23
144	7	77
144	39	111
144	178	57
144	162	15
144	48	41
144	172	57
144	17	41
144	64	25
144	37	44
144	4	77
144	147	69
144	70	108
144	23	51
144	161	46
144	69	15
144	43	31
144	46	10
144	50	54
144	29	82
144	56	54
144	51	15
144	99	54
144	68	28
144	63	23
144	55	85
144	53	12
144	66	33
144	158	388
144	57	7
144	86	15
144	62	31
144	123	2
144	83	15
144	38	41
144	36	69
144	116	2
144	31	28
144	65	33
144	32	25
144	166	5
144	27	12
144	30	33
144	22	20
144	3	33
144	61	31
144	81	33
144	44	15
144	34	20
144	78	5
144	12	15
144	40	46
144	26	23
144	98	18
144	180	10
144	90	25
144	182	2
144	164	10
144	80	12
144	85	7
144	88	10
144	102	5
144	105	20
144	15	85
144	171	23
144	20	10
144	107	12
144	97	12
144	79	18
144	21	12
144	71	25
144	87	5
144	18	31
144	60	12
144	89	2
144	181	15
144	185	31
144	160	25
144	33	7
144	106	7
144	108	7
144	104	10
144	72	15
144	25	10
144	94	7
144	119	25
144	91	2
144	101	5
144	14	18
144	111	28
144	84	7
144	96	7
144	103	12
144	110	7
144	54	5
144	109	10
144	13	7
144	24	31
144	93	2
144	125	18
144	95	7
144	122	5
144	75	2
144	184	41
144	73	10
144	118	5
144	113	2
145	157	2142
145	138	613
145	10	429
145	134	323
145	11	443
145	126	839
145	131	513
145	142	412
145	144	256
145	132	446
145	175	161
145	137	19
145	133	432
145	156	92
145	163	318
145	169	348
145	140	92
145	47	83
145	177	61
145	145	474
145	176	2
145	16	114
145	139	181
145	150	212
145	130	248
145	8	231
145	129	80
145	174	36
145	135	47
145	154	66
145	170	103
145	155	66
145	179	80
145	141	80
145	1	94
145	52	5
145	165	44
145	41	94
145	42	47
145	67	78
145	148	69
145	49	33
145	127	58
145	151	66
145	168	11
145	152	117
145	143	287
145	173	139
145	6	66
145	19	108
145	2	30
145	45	19
145	128	50
145	28	19
145	153	58
145	136	36
145	59	61
145	58	53
145	82	36
145	100	22
145	5	41
145	35	33
145	149	39
145	9	25
145	115	44
145	114	16
145	7	39
145	178	16
145	39	47
145	162	2
145	48	16
145	172	30
145	17	50
145	64	19
145	37	16
145	4	39
145	147	50
145	23	33
145	70	47
145	161	19
145	69	25
145	43	36
145	46	8
145	50	11
145	29	39
145	56	22
145	51	8
145	99	13
145	68	16
145	63	13
145	53	2
145	55	22
145	66	16
145	158	359
145	57	11
145	86	16
145	62	30
145	123	8
145	83	13
145	36	33
145	38	33
145	116	8
145	31	16
145	65	8
145	32	13
145	166	8
145	27	11
145	30	8
145	22	5
145	3	5
145	61	11
145	81	11
145	44	19
145	34	13
145	78	5
145	12	16
145	40	11
145	26	13
145	98	8
145	180	11
145	90	11
145	182	2
145	164	13
145	80	5
145	85	8
145	102	5
145	146	2
145	105	5
145	15	27
145	171	11
145	20	13
145	97	5
145	107	8
145	79	13
145	21	11
145	117	5
145	71	16
145	87	2
145	18	22
145	60	13
145	89	2
145	181	2
145	185	25
145	160	47
145	33	2
145	106	2
145	108	8
145	104	5
145	72	33
145	94	2
145	119	25
145	91	2
145	101	5
145	14	11
145	111	19
145	96	5
145	110	2
145	13	2
145	24	13
145	93	2
145	125	2
145	95	5
145	120	2
145	74	2
145	184	11
145	0	2
145	73	5
145	75	2
145	118	5
146	157	298
146	138	87
146	10	74
146	134	146
146	11	99
146	126	323
146	131	205
146	142	344
146	144	40
146	132	177
146	175	34
146	137	15
146	133	189
146	156	37
146	163	121
146	169	229
146	140	15
146	47	31
146	177	6
146	145	24
146	16	59
146	139	27
146	150	77
146	130	180
146	8	372
146	129	21
146	174	6
146	135	31
146	154	24
146	170	37
146	155	12
146	179	27
146	141	27
146	1	31
146	52	6
146	165	34
146	41	31
146	42	6
146	67	40
146	148	27
146	49	21
146	127	6
146	151	55
146	168	18
146	152	428
146	143	528
146	173	18
146	6	9
146	19	229
146	2	27
146	45	27
146	128	6
146	28	12
146	153	37
146	136	12
146	59	24
146	58	24
146	82	15
146	100	6
146	5	15
146	35	18
146	149	15
146	9	24
146	115	21
146	114	15
146	7	9
146	178	12
146	39	12
146	162	6
146	48	6
146	172	3
146	17	24
146	64	24
146	37	15
146	4	18
146	147	142
146	70	34
146	23	3
146	161	24
146	69	9
146	43	6
146	46	3
146	50	6
146	29	15
146	56	15
146	51	6
146	99	3
146	68	9
146	63	9
146	55	6
146	53	3
146	66	3
146	158	152
146	57	3
146	86	3
146	62	12
146	123	3
146	83	6
146	38	6
146	36	9
146	116	12
146	31	3
146	32	15
146	166	15
146	30	15
146	22	6
146	3	12
146	61	9
146	81	12
146	44	12
146	34	3
146	78	6
146	40	12
146	26	3
146	98	3
146	180	12
146	90	15
146	182	12
146	164	12
146	85	9
146	80	9
146	102	6
146	146	229
146	105	3
146	15	18
146	171	6
146	20	27
146	107	6
146	97	12
146	21	31
146	117	3
146	71	15
146	18	43
146	60	3
146	89	9
146	181	15
146	185	40
146	160	9
146	33	9
146	108	12
146	94	12
146	119	12
146	91	3
146	14	24
146	111	9
146	13	3
146	159	15
146	125	9
146	121	3
146	74	6
146	184	24
146	73	3
146	0	3
146	118	3
147	157	1645
148	157	716
149	157	811
150	157	1188
151	157	1181
151	138	350
151	10	324
151	134	572
151	11	358
151	126	1489
151	131	1318
151	142	1187
151	144	242
151	132	1107
151	175	196
151	137	42
151	133	580
151	156	159
151	163	1173
151	169	1355
151	140	176
151	47	102
151	177	45
151	145	82
151	176	5
151	16	301
151	139	213
151	150	652
151	130	1563
151	8	1480
151	129	139
151	174	59
151	135	304
151	154	76
151	170	227
151	155	68
151	179	216
151	141	210
151	1	264
151	52	11
151	165	301
151	41	153
151	42	82
151	67	145
151	148	167
151	49	82
151	127	59
151	151	1523
151	168	122
151	152	1500
151	143	1187
151	173	130
151	6	65
151	19	1178
151	2	39
151	45	42
151	128	34
151	28	42
151	153	837
151	136	42
151	59	173
151	58	91
151	82	62
151	100	56
151	5	45
151	35	37
151	149	88
151	9	96
151	115	82
151	114	37
151	7	51
151	178	59
151	39	82
151	162	102
151	48	39
151	172	56
151	17	447
151	64	45
151	37	65
151	4	91
151	147	583
151	70	142
151	23	34
151	161	432
151	69	39
151	43	34
151	46	8
151	50	25
151	29	96
151	56	59
151	51	19
151	99	34
151	68	54
151	63	51
151	55	68
151	53	17
151	66	54
151	158	1027
151	57	31
151	86	17
151	62	56
151	123	2
151	83	25
151	38	62
151	36	19
151	116	28
151	31	28
151	65	34
151	32	22
151	166	116
151	27	11
151	30	31
151	22	28
151	3	17
151	61	31
151	81	65
151	44	19
151	34	34
151	78	8
151	12	19
151	40	28
151	26	28
151	98	31
151	180	48
151	90	45
151	182	28
151	164	128
151	85	8
151	80	22
151	88	11
151	102	19
151	146	22
151	105	5
151	15	91
151	171	19
151	20	162
151	107	19
151	97	14
151	79	17
151	21	74
151	117	8
151	71	56
151	87	5
151	18	256
151	60	22
151	89	8
151	181	91
151	185	119
151	160	116
151	33	14
151	106	8
151	108	14
151	104	22
151	72	25
151	92	8
151	25	8
151	94	22
151	119	37
151	91	8
151	101	22
151	14	82
151	111	34
151	96	8
151	84	2
151	103	2
151	110	11
151	112	5
151	109	5
151	13	39
151	159	56
151	93	2
151	24	39
151	125	71
151	121	8
151	95	19
151	122	8
151	74	2
151	184	88
151	75	5
151	118	8
151	124	17
151	113	8
152	157	1599
152	138	574
152	10	554
152	134	691
152	11	554
152	126	2031
152	131	1818
152	142	1608
152	144	288
152	132	1713
152	175	315
152	137	93
152	133	948
152	156	253
152	163	1523
152	169	1748
152	140	265
152	47	189
152	177	49
152	145	169
152	176	5
152	16	475
153	157	1219
154	157	522
154	138	220
154	10	1087
154	134	223
155	157	1356
155	138	426
155	10	1300
155	134	341
155	11	576
155	126	584
155	131	727
155	142	312
155	144	632
155	132	738
155	175	1017
155	137	47
155	133	220
155	156	2726
155	163	525
155	169	867
155	140	55
155	47	404
155	177	992
155	145	40
155	176	22
155	16	293
155	139	69
155	150	400
155	130	209
155	8	191
155	129	198
155	174	308
155	135	77
155	154	709
155	170	341
155	155	3458
155	179	128
155	141	124
155	1	286
155	52	73
155	165	62
155	41	466
155	42	1164
155	67	297
155	148	657
155	49	768
155	127	363
155	151	69
155	168	124
155	152	238
155	143	257
155	173	99
155	6	694
155	19	176
155	2	385
155	45	161
155	128	676
155	28	260
155	153	69
155	136	124
155	59	433
155	58	426
155	82	102
155	100	165
155	5	121
155	35	95
155	149	172
155	9	426
155	115	246
155	114	99
155	7	433
155	178	110
155	39	227
155	162	11
155	48	132
155	172	216
155	17	69
155	64	161
155	37	146
155	4	246
155	147	132
155	70	301
155	23	290
155	161	44
155	69	121
155	43	73
155	46	55
155	50	282
155	29	323
155	56	194
155	51	84
155	99	84
155	68	77
155	63	135
155	55	360
155	53	198
155	66	202
155	158	661
155	57	161
155	86	33
155	62	180
155	123	44
155	83	55
155	38	132
155	36	286
155	116	66
155	31	69
155	65	113
155	32	132
155	166	47
155	27	84
155	30	113
155	22	77
155	3	77
155	61	128
155	81	80
155	44	62
155	34	99
155	78	25
155	12	66
155	40	139
155	26	95
155	98	69
155	90	95
155	164	22
155	85	29
155	80	44
155	88	47
155	102	44
155	146	11
155	105	36
155	15	143
155	171	55
155	20	36
155	107	47
155	97	51
155	79	44
155	21	51
155	117	11
155	71	102
155	87	36
155	18	25
155	60	36
155	89	18
155	181	29
155	185	55
155	160	47
155	33	58
155	106	29
155	108	40
155	104	22
155	72	36
155	92	25
155	25	22
155	94	69
155	119	91
155	91	7
155	101	36
155	14	47
155	111	84
155	96	7
155	84	14
155	103	33
155	110	22
155	54	14
155	112	18
155	109	14
155	13	7
155	159	7
155	24	14
155	125	11
155	121	7
155	95	44
155	120	3
155	74	14
155	184	14
155	75	25
155	73	22
155	0	18
155	124	3
155	113	11
156	157	1171
156	138	240
156	10	881
156	134	316
156	11	583
156	126	465
156	131	587
156	142	282
156	144	557
156	132	515
156	175	644
156	137	26
156	133	148
156	156	4715
156	163	309
156	169	404
156	140	41
156	47	251
156	177	457
156	145	41
156	176	19
156	16	228
156	139	91
156	150	248
156	130	141
156	8	133
156	129	160
156	174	217
156	135	83
156	154	484
156	170	309
156	155	1095
156	179	103
156	141	68
156	1	125
156	52	61
156	165	45
156	41	392
156	42	930
156	67	263
156	148	457
156	49	625
156	127	244
156	151	49
156	168	76
156	152	164
156	143	251
156	173	76
156	6	427
156	19	122
156	2	324
156	45	133
156	128	408
156	28	259
156	153	26
156	136	72
156	59	358
156	58	263
156	82	68
156	100	95
156	5	152
156	35	125
156	149	118
156	9	549
156	115	183
156	114	91
156	7	621
156	178	61
156	39	179
156	162	11
156	48	122
156	172	103
156	17	45
156	64	99
156	37	91
156	4	206
156	147	64
156	70	244
156	23	240
156	161	22
156	69	95
156	43	72
156	46	53
156	50	232
156	29	328
156	56	198
156	51	41
156	99	57
156	68	64
156	63	148
156	55	209
156	53	122
156	66	141
156	158	412
156	57	64
156	86	38
156	62	114
156	123	30
156	83	53
156	38	83
156	36	198
156	116	64
156	31	61
156	65	61
156	32	87
156	166	26
156	27	68
156	30	22
156	22	68
156	3	30
156	61	72
156	81	72
156	44	49
156	34	83
156	78	26
156	12	49
156	40	61
156	26	49
156	98	22
156	180	11
156	90	72
156	164	7
156	85	34
156	80	30
156	88	15
156	102	49
156	105	26
156	15	64
156	171	49
156	20	19
156	107	22
156	97	38
156	79	41
156	21	19
156	117	11
156	71	72
156	87	19
156	18	26
156	60	30
156	89	11
156	181	11
156	185	15
156	160	11
156	33	30
156	106	45
156	108	49
156	104	22
156	72	41
156	92	22
156	25	19
156	94	91
156	119	41
156	91	3
156	101	38
156	14	7
156	111	80
156	96	7
156	84	11
156	103	26
156	110	3
156	54	3
156	112	3
156	109	19
156	13	7
156	159	7
156	93	15
156	24	7
156	125	3
156	121	11
156	120	3
156	122	7
156	74	11
156	184	22
156	75	7
156	124	3
156	113	7
156	77	3
157	157	3525
157	138	643
157	10	585
157	134	399
157	11	559
157	126	878
157	131	539
157	142	392
157	144	279
157	132	532
157	175	173
157	137	19
157	133	408
157	156	84
157	163	337
157	169	348
157	140	59
157	47	68
157	177	62
157	145	99
157	176	11
157	16	48
157	139	119
157	150	175
157	130	188
157	8	246
157	129	128
157	174	53
157	135	33
157	154	62
157	170	86
157	155	57
157	179	71
157	141	95
157	1	35
157	165	31
157	41	106
157	42	19
157	67	51
157	148	102
157	49	53
157	127	90
157	151	53
157	168	24
157	152	142
157	143	343
157	173	99
157	6	48
157	19	99
157	2	26
157	45	24
157	128	46
157	28	19
157	153	64
157	136	15
157	59	44
157	58	44
157	82	28
157	100	19
157	5	15
157	35	11
157	149	39
157	9	35
157	115	31
157	114	22
157	7	39
157	39	33
157	178	19
157	162	8
157	48	19
157	172	22
157	17	26
157	64	31
157	37	24
157	4	44
157	147	31
157	70	53
157	23	24
157	161	28
157	69	19
157	43	15
157	46	2
157	50	19
157	29	33
157	56	22
157	51	4
157	99	24
157	68	24
157	63	19
157	55	13
157	53	6
157	66	19
157	158	374
157	86	11
157	62	26
157	123	8
157	83	8
157	38	28
157	36	22
157	116	13
157	31	28
157	65	6
157	32	22
157	166	11
157	27	4
157	30	11
157	22	13
157	3	8
157	61	6
157	81	11
157	34	19
157	44	11
157	78	4
157	12	17
157	40	15
157	26	11
157	98	4
157	180	8
157	90	15
157	182	2
157	164	4
157	80	4
157	85	4
157	88	2
157	102	4
157	146	2
157	105	2
157	15	33
157	171	13
157	20	19
157	107	4
157	97	8
157	79	4
157	21	11
157	117	6
157	71	11
157	87	6
157	18	22
157	60	4
157	181	8
157	185	15
157	160	8
157	33	8
157	108	2
157	104	8
157	72	17
157	92	2
157	25	6
157	94	6
157	119	19
157	91	4
157	14	4
157	111	13
157	96	8
157	84	2
157	103	8
157	110	6
157	13	8
157	159	2
157	93	2
157	24	6
157	125	2
157	95	6
157	122	2
157	74	11
157	75	4
157	184	4
157	118	2
157	113	4
158	157	1387
158	138	350
158	10	644
158	134	291
158	11	467
158	126	1228
158	131	2348
158	142	430
158	144	385
158	132	3255
158	175	226
158	137	59
158	133	425
158	156	181
158	163	3206
158	169	4258
158	140	129
158	47	87
158	177	97
158	145	72
158	176	27
158	16	502
158	139	181
158	150	539
158	130	532
158	8	425
158	129	164
158	174	111
158	135	198
158	154	84
158	170	440
158	155	201
158	179	370
158	141	134
158	1	407
158	52	14
158	165	154
158	41	246
158	42	116
158	67	141
158	148	186
158	49	154
158	127	134
158	151	189
158	168	139
158	152	373
158	143	557
158	173	87
158	6	124
158	19	534
158	2	101
158	45	67
158	128	116
158	28	52
158	153	196
158	136	52
158	59	318
158	58	151
158	82	84
158	100	72
158	5	57
158	35	69
158	149	176
158	9	72
158	115	79
158	114	44
158	7	94
158	178	89
158	39	126
158	162	67
158	48	37
158	172	139
158	17	121
158	64	92
158	37	67
158	4	176
158	147	298
158	70	392
158	23	82
158	161	159
158	69	62
158	43	44
158	46	17
158	50	32
158	29	111
158	56	77
158	51	17
158	99	62
158	68	42
158	63	89
158	55	119
158	53	22
158	66	126
158	158	4967
158	57	34
158	86	32
158	62	87
158	123	12
158	83	34
158	38	69
158	36	114
158	116	17
158	31	32
158	65	59
158	32	37
158	166	54
158	27	24
158	30	34
158	22	52
158	3	24
158	61	52
158	81	32
158	44	24
158	34	24
158	78	9
158	12	47
158	40	32
158	26	49
158	98	9
158	180	52
158	90	34
158	182	9
158	164	84
158	85	12
158	80	14
158	88	7
158	102	14
158	146	4
158	105	19
158	15	181
158	171	24
158	20	67
158	107	14
158	97	4
158	79	22
158	21	62
158	117	9
158	71	151
158	87	12
158	18	141
158	60	27
158	89	2
158	181	47
158	185	54
158	160	333
158	33	19
158	106	9
158	108	14
158	104	14
158	72	32
158	92	9
158	25	19
158	94	24
158	119	59
158	101	19
158	14	47
158	111	47
158	96	4
158	84	14
158	103	14
158	110	9
158	54	2
158	112	2
158	109	17
158	13	7
158	159	24
158	24	37
158	125	39
158	121	4
158	95	7
158	74	4
158	184	29
158	75	9
158	73	12
158	0	7
158	118	9
158	124	14
158	113	4
159	157	174
160	157	402
161	157	1032
162	157	451
163	157	938
164	157	889
165	157	745
166	157	498
168	157	487
169	157	588
170	157	646
171	157	492
172	157	1113
173	157	1674
173	138	356
173	10	303
173	134	162
173	11	303
173	126	727
173	131	303
173	142	363
173	144	159
173	132	349
173	175	74
173	137	21
173	133	356
173	156	116
173	163	265
173	169	363
173	140	21
173	47	127
173	177	38
173	145	70
173	176	7
173	16	53
173	139	173
173	150	127
173	130	155
173	8	236
173	129	98
173	174	35
173	135	31
173	154	24
173	170	60
173	155	60
173	179	63
173	141	70
173	1	63
173	52	7
173	165	17
173	41	106
173	42	53
173	67	42
173	148	63
173	49	56
173	127	70
173	151	67
173	168	17
173	152	98
173	143	183
173	173	1470
173	6	31
173	19	74
173	2	53
173	45	31
173	128	42
173	28	42
173	153	24
173	136	31
173	59	60
173	58	74
173	82	45
173	100	31
173	5	28
173	35	24
173	149	56
173	9	24
173	115	53
173	114	31
173	7	38
173	178	14
173	39	28
173	162	21
173	48	17
173	172	35
173	17	21
173	64	14
173	37	21
173	4	35
173	147	60
173	70	45
173	23	7
173	161	24
173	69	31
173	43	21
173	46	17
173	50	7
173	29	35
173	56	21
173	51	14
173	99	14
173	68	24
173	63	42
173	55	31
173	53	17
173	66	17
173	158	275
173	57	24
173	86	10
173	62	56
173	83	14
173	123	14
173	36	17
173	38	56
173	116	14
173	31	38
173	65	17
173	32	14
173	166	3
173	27	10
173	30	28
173	22	3
173	3	14
173	61	24
173	81	3
173	34	7
173	44	17
173	78	3
173	12	10
173	40	28
173	26	14
173	98	14
173	180	10
173	90	14
173	182	3
173	164	7
173	80	14
173	85	7
173	88	10
173	102	3
173	146	3
173	105	7
173	15	28
173	171	10
173	20	14
173	107	28
173	97	14
173	79	10
173	21	21
173	117	3
173	71	3
173	18	31
173	60	10
173	89	3
173	181	10
173	185	7
173	160	3
173	33	21
173	106	7
173	108	10
173	104	21
173	72	10
173	92	3
173	25	10
173	94	17
173	119	10
173	101	7
173	14	14
173	111	24
173	103	3
173	110	7
173	112	7
173	109	7
173	159	3
173	24	10
173	121	3
173	95	10
173	74	7
173	73	3
173	75	7
173	184	10
173	113	3
174	157	1432
174	138	432
174	10	4503
174	134	489
174	11	627
174	126	825
174	131	942
174	142	464
174	144	790
174	132	876
174	175	2560
174	137	63
174	133	380
174	156	741
174	163	638
174	169	773
174	140	154
174	47	220
174	177	962
174	145	111
174	176	85
174	16	257
174	139	140
174	150	495
174	130	266
174	8	338
174	129	401
174	174	2466
174	135	123
174	154	395
174	170	229
174	155	570
174	179	266
174	141	151
174	1	223
174	52	8
174	165	74
174	41	223
174	42	340
174	67	191
174	148	317
174	49	240
174	127	489
174	151	114
174	168	131
174	152	355
174	143	237
174	173	191
174	6	332
174	19	146
174	2	160
174	45	108
174	128	237
174	28	94
174	153	94
174	136	166
174	59	249
174	58	123
174	82	83
174	100	126
174	5	105
174	35	71
174	149	169
174	9	131
174	115	146
174	114	71
174	7	160
174	178	74
174	39	120
174	162	31
174	48	71
174	172	183
174	17	54
174	64	37
174	37	83
174	4	177
174	147	103
174	70	148
174	23	85
174	161	65
174	69	51
174	43	68
174	46	34
174	50	105
174	29	120
174	56	63
174	51	34
174	99	37
174	68	51
174	63	88
174	55	94
174	53	91
174	66	85
174	158	687
174	57	28
174	86	40
174	62	91
174	123	31
174	83	28
174	38	68
174	36	137
174	116	28
174	31	34
174	65	37
174	32	68
174	166	25
174	27	11
174	30	25
174	22	54
174	3	25
174	61	54
174	81	48
174	44	54
174	34	20
174	78	14
174	12	37
174	40	37
174	26	51
174	98	31
174	180	8
174	90	31
174	182	5
174	164	5
174	85	17
174	80	40
174	88	14
174	102	20
174	105	34
174	15	83
174	171	22
174	20	14
174	107	17
174	97	37
174	79	31
174	21	42
174	117	28
174	71	42
174	87	14
174	18	40
174	60	20
174	89	22
174	181	5
174	185	48
174	160	51
174	33	11
174	106	17
174	108	42
174	104	25
174	72	20
174	92	8
174	25	14
174	94	17
174	119	25
174	91	2
174	101	8
174	14	17
174	111	42
174	96	5
174	84	17
174	103	17
174	110	20
174	54	5
174	112	8
174	109	11
174	13	8
174	159	17
174	93	2
174	24	11
174	125	20
174	95	20
174	120	2
174	122	5
174	74	2
174	184	28
174	75	11
174	73	11
174	0	11
174	118	2
174	124	2
174	113	2
175	157	1182
175	138	284
175	10	2564
175	134	464
175	11	494
175	126	565
175	131	464
175	142	318
175	144	504
175	132	538
175	175	2520
175	137	44
175	133	325
175	156	355
175	163	365
175	169	531
175	140	71
175	47	165
175	177	240
175	145	105
175	176	40
175	16	125
175	139	125
175	150	325
175	130	243
175	8	182
175	129	176
175	174	399
175	135	94
175	154	152
175	170	108
175	155	159
175	179	111
175	141	91
175	1	138
175	52	20
175	165	40
175	41	125
175	42	101
175	67	121
175	148	121
175	49	118
175	127	186
175	151	67
175	168	67
175	152	274
175	143	223
175	173	71
175	6	88
175	19	138
175	2	105
175	45	44
175	128	142
175	28	98
175	153	57
175	136	71
175	59	189
175	58	67
175	82	44
175	100	64
175	5	54
175	35	47
175	149	91
175	9	152
175	115	71
175	114	37
175	7	77
175	178	37
175	39	64
175	162	16
175	48	67
175	172	67
175	17	33
175	64	44
175	37	71
175	4	115
175	147	111
175	70	108
175	23	37
175	161	44
175	69	16
175	43	30
175	46	20
175	50	57
175	29	94
175	56	50
175	51	37
175	99	44
175	68	30
175	63	54
175	55	71
175	53	30
175	66	67
175	158	318
175	57	23
175	86	27
175	62	44
175	123	33
175	83	30
175	38	50
175	36	37
175	116	16
175	31	44
175	65	30
175	32	37
175	166	6
175	27	33
175	30	44
175	22	37
175	3	40
175	61	27
175	81	27
175	44	37
175	34	27
175	78	3
175	12	13
175	40	30
175	26	16
175	98	33
175	180	3
175	90	23
175	182	3
175	164	13
175	85	6
175	80	10
175	88	6
175	102	23
175	146	6
175	105	33
175	15	6
175	171	13
175	20	23
175	107	40
175	97	23
175	79	16
175	21	47
175	117	3
175	71	16
175	87	6
175	18	44
175	60	20
175	89	10
175	181	6
175	185	27
175	160	16
175	33	33
175	106	20
175	108	27
175	104	3
175	72	27
175	92	13
175	25	23
175	94	20
175	119	16
175	91	3
175	101	6
175	14	20
175	111	33
175	96	10
175	84	3
175	103	23
175	110	6
175	54	6
175	112	10
175	109	20
175	13	3
175	159	3
175	93	6
175	24	3
175	125	6
175	121	6
175	95	20
175	120	10
175	122	10
175	74	13
175	184	37
175	75	3
175	73	10
175	0	6
175	124	3
175	113	10
176	157	48
176	10	118
176	134	17
176	11	22
176	126	17
176	131	8
176	142	4
176	144	17
176	175	30
176	133	22
176	163	13
176	169	17
176	177	8
176	145	4
176	176	17
176	139	4
176	130	17
176	8	4
176	129	4
176	170	4
176	141	4
176	165	4
176	41	13
176	42	4
176	148	4
176	49	4
176	127	4
176	151	4
176	152	4
176	143	4
176	128	4
176	28	4
176	59	8
176	100	4
176	9	4
176	7	8
176	48	4
176	64	4
176	70	8
176	23	4
176	69	4
176	46	4
176	99	4
176	63	4
176	55	4
176	158	4
176	116	4
176	31	4
176	166	4
176	34	8
176	180	4
176	90	4
176	71	4
176	89	4
176	33	8
176	72	4
177	157	597
177	138	186
177	10	857
177	134	172
177	11	231
177	126	193
177	131	270
177	142	112
177	144	319
177	132	330
177	175	660
177	137	35
177	133	175
177	156	540
177	163	224
177	169	309
177	140	66
177	47	87
177	177	1433
177	145	38
177	176	21
177	16	158
177	139	38
177	150	105
177	130	108
177	8	87
177	129	115
177	174	354
177	135	17
177	154	295
177	170	154
177	155	235
177	179	49
177	141	14
177	1	59
177	52	7
177	165	21
177	41	196
177	42	168
177	67	98
177	148	115
177	49	147
177	127	108
177	151	31
177	168	31
177	152	144
177	143	84
177	173	35
177	6	221
177	19	80
177	2	84
177	45	63
177	128	151
177	28	42
177	153	17
177	136	52
177	59	73
177	58	151
177	82	52
177	100	42
177	5	66
177	35	42
177	149	63
177	9	73
177	115	59
177	114	21
177	7	52
177	178	10
177	39	87
177	162	3
177	48	45
177	172	24
177	17	24
177	64	49
177	37	31
177	4	84
177	147	38
177	70	84
177	23	98
177	161	14
177	69	38
177	43	38
177	46	24
177	50	35
177	29	63
177	56	87
177	51	21
177	99	17
177	68	24
177	63	35
177	55	70
177	53	38
177	66	35
177	158	231
177	57	38
177	86	10
177	62	59
177	123	14
177	83	10
177	38	38
177	36	66
177	116	21
177	31	17
177	65	28
177	32	38
177	166	10
177	27	35
177	30	7
177	22	21
177	3	24
177	61	21
177	81	14
177	44	28
177	34	24
177	78	21
177	12	38
177	40	70
177	26	31
177	98	28
177	90	24
177	164	17
177	85	14
177	80	14
177	88	10
177	102	21
177	105	7
177	15	14
177	171	10
177	20	7
177	107	17
177	97	17
177	79	10
177	21	10
177	117	17
177	71	31
177	87	3
177	18	3
177	60	28
177	89	7
177	181	17
177	185	14
177	160	14
177	33	14
177	108	14
177	104	7
177	72	10
177	92	3
177	25	3
177	94	10
177	119	10
177	101	14
177	14	10
177	111	45
177	84	7
177	103	7
177	110	17
177	54	3
177	109	3
177	13	3
177	159	7
177	24	10
177	125	14
177	95	7
177	120	3
177	122	10
177	74	17
177	184	21
177	75	7
177	73	3
177	124	3
177	113	3
178	157	352
179	157	677
180	157	567
181	157	104
182	157	230
184	157	72
185	157	324
