0	166	179
0	169	452
0	9	257
0	168	373
0	151	159
0	152	219
0	150	442
0	157	689
1	166	43
1	169	331
1	9	322
1	168	212
2	166	171
2	169	602
2	9	471
2	168	409
2	151	238
3	166	119
3	169	396
3	9	249
3	168	326
3	151	116
4	166	84
4	169	351
4	9	226
4	168	270
4	151	119
5	166	42
5	169	252
5	9	135
5	168	169
6	166	5
6	169	15
6	9	10
6	168	5
7	166	126
7	169	539
7	9	353
7	168	322
7	151	192
7	152	214
7	150	495
7	157	410
7	115	198
7	154	9
8	166	185
8	169	617
8	9	364
8	168	510
8	151	174
9	166	73
9	169	385
9	9	351
9	168	249
9	151	163
9	152	176
9	150	261
9	157	93
9	115	75
9	154	30
9	165	296
9	85	97
9	114	107
9	116	60
9	153	39
9	163	48
9	198	1
9	158	18
9	121	92
9	148	41
9	113	11
9	67	7
9	120	18
9	123	5
9	27	43
9	105	1
9	149	26
9	125	37
9	84	18
9	134	3
9	92	35
9	160	16
9	161	18
9	108	22
9	139	33
9	70	11
9	162	9
9	124	18
9	119	7
9	93	11
9	91	13
9	156	7
9	106	15
9	231	1
9	131	20
9	136	41
9	26	15
9	68	9
9	69	15
9	11	13
9	164	5
9	130	28
9	10	5
9	83	18
9	104	5
9	81	16
9	24	33
9	107	7
9	126	1
9	95	7
9	194	3
9	94	7
9	75	13
9	217	5
9	3	28
9	127	3
9	137	1
9	203	1
9	29	3
9	77	5
9	52	3
9	210	15
9	170	3
9	122	1
9	72	13
9	8	9
9	117	11
9	183	1
9	128	5
9	74	1
9	200	11
9	71	15
9	209	18
9	76	15
9	138	1
9	5	11
9	22	1
9	49	1
9	132	9
9	208	1
9	135	7
9	73	9
9	1	5
9	39	3
9	45	1
9	179	3
9	221	1
9	64	15
9	180	20
9	16	3
9	14	9
9	4	7
9	50	1
9	2	11
9	28	1
9	182	3
9	174	1
9	0	1
9	23	1
9	20	3
9	21	3
9	173	1
9	230	1
9	100	1
9	97	5
9	59	5
9	7	3
9	17	1
9	215	1
9	103	3
9	228	5
9	96	3
9	48	1
9	86	5
9	109	3
9	229	1
9	193	5
9	219	1
9	36	1
9	63	1
9	172	3
9	66	3
9	65	3
9	13	11
9	58	1
9	32	3
9	57	1
9	60	3
9	176	5
9	218	1
9	55	1
9	145	1
9	142	1
10	166	716
10	169	1743
10	9	1291
10	168	1881
10	151	695
10	152	2321
10	150	2300
10	157	1805
10	115	762
10	154	85
10	165	1819
10	85	1294
11	166	532
11	169	1702
11	9	1361
11	168	1586
11	151	707
11	152	1957
11	150	2044
12	166	30
12	169	131
12	9	112
12	168	119
12	151	54
13	166	256
13	169	1033
13	9	503
13	168	672
13	151	273
14	166	263
14	169	1384
14	9	993
14	168	940
14	151	467
14	152	416
14	150	790
14	157	569
14	115	243
14	154	62
14	165	1129
14	85	334
15	166	68
15	169	379
15	9	192
15	168	221
15	151	110
16	166	84
16	169	304
16	9	159
16	168	197
16	151	134
17	166	99
17	169	560
17	9	341
17	168	293
17	151	156
17	152	128
17	150	230
17	157	179
17	115	54
17	154	37
17	165	424
17	85	96
17	114	51
17	116	79
17	153	5
17	163	74
17	198	8
17	158	22
17	121	45
17	148	45
18	166	96
18	169	379
18	9	256
18	168	312
18	151	150
19	166	118
19	169	423
19	9	254
19	168	303
19	151	106
20	166	96
20	169	338
20	9	279
20	168	259
20	151	124
21	166	80
21	169	387
21	9	268
21	168	242
21	151	98
22	166	105
22	169	422
22	9	229
22	168	231
22	151	116
23	166	40
23	169	205
23	9	188
23	168	176
23	151	69
24	166	348
24	169	969
24	9	738
24	168	926
24	151	374
24	152	834
24	150	1004
24	157	1110
25	166	70
25	169	194
25	9	131
25	168	189
25	151	74
26	166	621
26	169	1849
26	9	1393
26	168	1785
26	151	779
26	152	1563
26	150	2037
26	157	1813
26	115	593
26	154	110
27	166	253
27	169	678
27	9	423
27	168	750
27	151	192
27	152	524
27	150	777
27	157	661
27	115	194
27	154	20
27	165	826
27	85	427
27	114	141
27	116	356
27	153	17
27	163	320
27	198	15
27	158	112
27	121	338
27	148	177
27	113	82
27	67	17
27	120	58
27	123	147
27	27	1044
27	105	17
27	149	253
27	88	2
27	125	129
27	84	85
27	134	31
27	92	190
27	160	69
27	161	228
27	108	190
27	139	170
27	70	112
27	162	244
27	124	60
27	119	22
27	93	80
27	91	31
27	156	80
27	106	47
27	131	60
27	155	4
27	136	145
27	26	864
27	68	64
27	69	64
27	11	91
27	164	125
27	130	118
27	10	69
27	159	44
27	83	67
27	104	100
27	81	145
27	24	459
27	107	24
27	126	31
27	95	17
27	194	6
27	94	35
27	167	15
27	75	112
27	217	13
27	3	60
27	127	44
27	112	58
27	137	33
27	90	6
27	195	2
27	203	24
27	29	293
27	77	42
27	30	29
27	52	91
27	210	73
27	18	64
27	170	53
27	122	4
27	72	89
27	8	105
27	117	20
27	183	15
27	129	24
27	128	13
27	74	33
27	200	47
27	71	94
27	209	49
27	76	277
27	138	15
27	19	109
27	5	51
27	22	58
27	171	13
27	49	62
27	118	8
27	132	44
27	208	17
27	216	4
27	110	13
27	135	17
27	73	40
27	1	35
27	39	105
27	45	121
27	204	6
27	179	4
27	221	8
27	64	87
27	89	4
27	180	51
27	16	71
27	197	2
27	14	201
27	4	17
27	50	42
27	2	20
27	175	13
27	28	165
27	182	31
27	174	22
27	0	53
27	23	17
27	133	13
27	99	11
27	20	71
27	56	42
27	21	96
27	173	13
27	185	2
27	25	44
27	230	4
27	100	8
27	97	29
27	59	20
27	7	33
27	53	13
27	17	33
27	215	22
27	103	4
27	46	13
27	228	4
27	96	13
27	48	11
27	86	13
27	184	2
27	188	2
27	6	2
27	109	4
27	229	8
27	87	125
27	193	8
27	219	13
27	34	49
27	79	8
27	38	20
27	82	8
27	36	38
27	63	17
27	172	17
27	66	4
27	65	22
27	223	4
27	13	67
27	61	4
27	58	2
27	32	24
27	144	2
27	57	13
27	60	8
27	47	35
27	187	4
27	199	11
27	211	2
27	140	15
27	176	17
27	111	8
27	54	2
27	12	2
27	218	6
27	51	6
27	31	11
27	141	2
27	181	2
27	35	20
27	55	4
27	227	2
27	43	13
27	196	4
27	142	4
27	33	2
27	101	11
27	42	2
27	186	4
27	37	6
28	166	298
28	169	976
28	9	818
28	168	896
28	151	379
28	152	875
28	150	1023
28	157	1382
28	115	327
28	154	59
29	166	270
29	169	625
29	9	457
29	168	850
29	151	279
29	152	529
29	150	814
29	157	638
29	115	254
29	154	25
29	165	843
29	85	538
29	114	163
29	116	343
29	153	36
29	163	263
29	198	15
29	158	77
29	121	325
29	148	118
29	113	65
29	67	18
29	120	65
29	123	109
29	27	845
29	105	45
29	149	236
29	88	9
29	125	138
29	84	152
29	134	79
29	92	170
29	160	68
30	166	315
30	169	506
30	9	548
30	168	525
30	151	312
30	152	1008
30	150	761
30	157	1649
30	115	115
30	154	31
30	165	701
30	85	690
31	166	73
31	169	271
31	9	221
31	168	193
31	151	59
32	166	110
32	169	468
32	9	277
32	168	310
32	151	140
33	166	22
33	169	70
33	9	47
33	168	87
34	166	62
34	169	270
34	9	200
34	168	181
35	166	135
35	169	362
35	9	217
35	168	253
35	151	105
36	166	62
36	169	181
36	9	102
36	168	118
36	151	37
37	166	49
37	169	177
37	9	142
37	168	125
37	151	57
38	166	170
38	169	737
38	9	435
38	168	464
38	151	224
38	152	288
38	150	523
38	157	339
38	115	125
39	166	227
39	169	570
39	9	485
39	168	598
39	151	251
40	169	6
41	169	9
41	9	3
42	166	10
42	169	35
42	9	30
42	168	35
43	166	50
43	169	176
43	9	67
43	168	121
43	151	37
44	166	45
44	169	114
44	9	114
44	168	95
44	151	31
45	166	265
45	169	505
45	9	317
45	168	407
45	151	166
45	152	346
45	150	621
45	157	865
46	166	71
46	169	192
46	9	124
46	168	142
46	151	53
47	166	146
47	169	410
47	9	245
47	168	321
47	151	130
48	166	35
48	169	80
48	9	80
48	168	77
48	151	33
49	166	19
49	169	59
49	9	25
49	168	34
49	151	14
50	166	124
50	169	433
50	9	318
50	168	295
51	166	56
51	169	184
51	9	120
51	168	106
52	166	289
52	169	728
52	9	516
52	168	540
52	151	276
53	166	64
53	169	209
53	9	123
53	168	169
54	166	21
54	169	104
54	9	63
55	166	184
55	169	681
55	9	388
55	168	545
55	151	241
55	152	331
55	150	619
55	157	708
55	115	176
55	154	29
56	166	72
56	169	336
56	9	168
56	168	193
56	151	95
57	166	61
57	169	173
57	9	99
57	168	148
57	151	46
58	166	126
58	169	290
58	9	145
58	168	238
58	151	92
59	166	184
59	169	465
59	9	309
59	168	377
59	151	131
60	166	118
60	169	328
60	9	242
60	168	174
60	151	88
60	152	153
60	150	345
60	157	354
60	115	88
60	154	29
61	166	65
61	169	202
61	9	105
61	168	117
61	151	88
62	166	7
62	169	36
62	9	20
62	168	31
62	151	10
63	166	50
63	169	139
63	9	68
63	168	83
63	151	47
64	166	126
64	169	347
64	9	246
64	168	270
65	166	129
65	169	514
65	9	261
65	168	334
65	151	118
66	166	125
66	169	427
66	9	215
66	168	320
66	151	112
66	152	289
66	150	437
66	157	230
67	166	12
67	169	54
67	9	33
67	168	51
67	151	18
68	166	304
68	169	848
68	9	561
68	168	649
68	151	237
68	152	821
68	150	1147
68	157	2837
68	115	473
68	154	29
68	165	684
68	85	1486
68	114	228
68	116	632
68	153	9
68	163	240
68	198	12
68	158	245
68	121	814
68	148	286
68	113	80
68	67	58
68	120	115
68	123	152
68	27	90
68	105	61
68	149	88
68	125	281
68	84	387
68	134	24
68	92	326
68	160	51
68	161	56
68	108	210
68	139	76
68	70	149
68	162	56
68	124	24
68	119	46
68	93	152
68	91	83
68	156	117
68	106	88
68	231	4
68	131	26
68	155	9
68	136	250
68	26	115
68	68	622
68	69	296
68	11	112
68	164	63
68	130	100
68	10	26
68	159	51
68	83	159
68	104	176
68	81	58
68	24	122
68	107	88
68	126	12
68	95	29
68	194	22
68	94	19
68	167	12
68	75	129
68	217	9
68	3	154
68	127	83
68	112	49
68	137	26
68	90	39
68	195	4
68	203	14
68	29	17
68	77	61
68	30	12
68	52	19
68	210	31
68	18	12
68	170	17
68	122	29
68	72	191
68	8	161
68	117	34
68	183	19
68	129	22
68	128	9
68	74	39
68	200	39
68	71	83
68	209	44
68	76	93
68	138	2
68	19	24
68	5	80
68	22	2
68	171	9
68	49	2
68	118	19
68	132	24
68	208	2
68	216	7
68	110	7
68	135	78
68	73	85
68	1	39
68	39	29
68	45	31
68	204	9
68	179	2
68	221	12
68	64	71
68	89	7
68	180	78
68	16	19
68	197	4
68	14	36
68	4	14
68	50	12
68	2	9
68	175	26
68	28	31
68	182	31
68	174	14
68	0	19
68	23	2
68	133	22
68	99	14
68	20	17
68	56	34
68	21	7
68	173	31
68	185	4
68	230	2
68	100	19
68	97	41
68	59	17
68	7	31
68	53	4
68	17	2
68	215	4
68	103	19
68	46	2
68	228	22
68	96	34
68	48	7
68	86	44
68	188	2
68	6	2
68	109	9
68	87	36
68	193	4
68	34	12
68	79	22
68	38	2
68	82	4
68	36	2
68	63	4
68	62	4
68	172	12
68	66	7
68	65	17
68	223	2
68	13	7
68	61	2
68	58	9
68	32	7
68	144	2
68	57	9
68	60	4
68	47	2
68	199	2
68	140	2
68	222	4
68	12	7
68	51	2
68	31	7
68	141	2
68	145	2
68	44	4
68	43	2
68	206	2
68	78	4
68	101	9
68	42	4
68	37	4
68	98	2
68	224	2
68	213	2
69	166	200
69	169	719
69	9	417
69	168	580
69	151	247
69	152	719
69	150	916
70	166	87
70	169	301
70	9	177
70	168	233
70	151	77
70	152	133
70	150	265
70	157	442
70	115	138
70	154	9
71	166	147
71	169	502
71	9	391
71	168	364
71	151	171
71	152	295
71	150	528
71	157	790
71	115	137
71	154	21
72	166	213
72	169	595
72	9	374
72	168	374
72	151	140
73	166	228
73	169	830
73	9	491
73	168	578
73	151	244
73	152	354
73	150	745
73	157	1090
73	115	272
73	154	33
74	166	104
74	169	460
74	9	277
74	168	299
74	151	129
74	152	189
74	150	517
74	157	400
74	115	157
74	154	12
75	166	195
75	169	629
75	9	391
75	168	429
75	151	231
76	166	239
76	169	697
76	9	396
76	168	463
76	151	214
76	152	414
76	150	675
76	157	855
76	115	113
76	154	24
77	166	230
77	169	745
77	9	452
77	168	548
77	151	209
78	166	52
78	169	323
78	9	167
78	168	175
78	151	82
78	152	118
78	150	244
78	157	230
79	166	60
79	169	262
79	9	154
79	168	210
80	166	24
80	169	84
80	9	62
80	168	81
80	151	31
81	166	230
81	169	600
81	9	386
81	168	476
81	151	245
82	166	139
82	169	467
82	9	292
82	168	332
82	151	179
82	152	161
82	150	383
82	157	399
82	115	99
82	154	16
83	166	263
83	169	971
83	9	508
83	168	543
83	151	254
83	152	322
83	150	884
83	157	654
83	115	292
83	154	53
83	165	508
83	85	388
83	114	140
83	116	307
83	153	11
83	163	98
83	198	5
83	158	86
83	121	352
83	148	74
83	113	38
83	67	155
83	120	80
83	123	65
83	27	104
83	105	56
83	149	92
83	88	182
83	125	146
83	84	41
83	134	38
83	92	385
83	160	32
83	161	23
83	108	122
83	139	47
83	70	263
83	162	23
83	124	32
83	119	23
83	93	173
83	91	104
83	156	71
83	106	86
83	231	2
83	131	26
83	155	5
83	136	421
83	26	125
83	68	32
83	69	164
83	11	74
83	164	20
83	130	116
83	10	20
83	159	29
83	83	1037
83	104	140
83	81	86
83	24	125
83	107	35
83	126	17
83	95	26
83	194	23
83	94	35
83	167	2
83	75	104
83	217	11
83	3	194
83	127	32
83	112	23
83	137	23
83	90	56
83	195	2
83	203	26
83	29	8
83	77	149
83	30	8
83	52	50
83	210	50
83	18	2
83	170	20
83	122	11
83	72	286
83	8	286
83	117	23
83	183	20
83	129	47
83	128	23
83	74	514
83	200	38
83	71	71
83	209	29
83	76	68
83	138	5
83	19	17
83	5	116
83	22	17
83	171	2
83	49	14
83	118	14
83	132	17
83	208	2
83	216	2
83	110	2
83	135	83
83	73	122
83	1	38
83	39	14
83	45	20
83	204	5
83	179	5
83	221	11
83	64	137
83	89	35
83	180	98
83	16	50
83	197	2
83	14	47
83	4	23
83	50	20
83	2	17
83	175	59
83	28	17
83	182	59
83	174	17
83	0	29
83	133	29
83	99	5
83	20	17
83	56	41
83	21	17
83	173	50
83	185	5
83	25	5
83	230	5
83	100	56
83	97	53
83	59	65
83	15	2
83	7	98
83	17	17
83	215	8
83	103	44
83	46	8
83	228	17
83	96	17
83	48	8
83	86	110
83	212	2
83	109	20
83	87	14
83	193	11
83	219	14
83	34	8
83	79	14
83	38	8
83	82	26
83	36	8
83	63	23
83	172	41
83	66	47
83	65	26
83	223	8
83	13	17
83	61	11
83	58	32
83	32	5
83	57	11
83	60	2
83	201	2
83	47	8
83	199	14
83	176	2
83	111	14
83	54	5
83	12	14
83	218	5
83	31	2
83	181	2
83	35	11
83	55	23
83	43	2
83	206	2
83	101	5
83	42	2
83	143	2
83	98	5
83	213	2
84	166	522
84	169	1196
84	9	877
84	168	884
84	151	476
84	152	1060
84	150	1920
84	157	3622
84	115	627
84	154	80
84	165	1023
84	85	2496
84	114	320
84	116	1021
84	153	17
84	163	371
84	198	7
84	158	374
84	121	1210
84	148	532
84	113	128
84	67	58
84	120	199
84	123	213
84	27	141
84	105	51
84	149	111
84	88	17
84	125	330
84	84	833
84	134	55
84	92	461
84	160	58
84	161	109
84	108	325
84	139	89
84	70	235
84	162	65
84	124	46
84	119	77
84	93	175
84	91	80
84	156	136
84	106	121
84	231	4
84	131	24
84	155	29
84	136	282
84	26	126
84	68	415
84	69	352
84	11	206
84	164	34
84	130	211
84	10	55
84	159	46
84	83	155
84	104	289
84	81	123
84	24	158
84	107	55
84	126	46
84	95	29
84	194	24
84	94	41
84	167	21
84	75	92
84	217	26
84	3	189
84	127	87
84	112	48
84	137	24
84	90	46
84	195	2
84	203	21
84	29	12
84	77	82
84	30	9
84	52	41
84	210	48
84	18	17
84	170	36
84	122	31
84	72	226
84	8	211
84	117	24
84	183	26
84	129	41
84	128	31
84	74	43
84	200	48
84	71	60
84	209	34
84	76	116
84	138	7
84	19	21
84	5	104
84	22	9
84	171	24
84	49	9
84	118	21
84	132	29
84	208	14
84	216	17
84	110	7
84	135	87
84	73	85
84	1	46
84	39	26
84	45	70
84	204	9
84	179	14
84	221	12
84	64	85
84	89	14
84	180	143
84	16	14
84	197	12
84	14	55
84	4	34
84	50	9
84	2	14
84	175	46
84	28	31
84	182	48
84	174	19
84	0	34
84	23	4
84	133	26
84	99	21
84	20	9
84	56	29
84	21	14
84	173	26
84	25	4
84	230	2
84	100	26
84	97	48
84	59	43
84	7	48
84	53	2
84	17	7
84	215	9
84	103	46
84	46	4
84	228	24
84	96	46
84	48	7
84	86	63
84	188	9
84	212	4
84	6	2
84	109	43
84	87	14
84	193	12
84	219	7
84	34	9
84	79	12
84	82	7
84	36	2
84	63	4
84	172	29
84	66	4
84	65	21
84	13	36
84	61	2
84	58	12
84	32	7
84	144	4
84	57	26
84	60	4
84	47	2
84	187	7
84	199	9
84	211	2
84	140	7
84	176	2
84	111	2
84	222	2
84	12	19
84	51	4
84	218	4
84	31	4
84	141	4
84	181	2
84	35	9
84	55	9
84	145	2
84	202	2
84	43	2
84	142	2
84	101	4
84	42	7
84	189	4
84	80	2
84	98	2
84	178	4
85	166	508
85	169	1140
85	9	685
85	168	763
85	151	398
85	152	759
85	150	2137
85	157	2966
85	115	492
85	154	61
85	165	988
85	85	2174
85	114	315
85	116	906
85	153	16
85	163	389
85	198	32
85	158	279
85	121	1021
85	148	447
85	113	106
85	67	32
85	120	127
85	123	254
85	27	213
85	105	32
85	149	106
85	88	4
85	125	266
85	84	201
85	134	69
85	92	348
85	160	90
85	161	98
85	108	307
85	139	61
85	70	237
85	162	57
85	124	73
85	119	61
85	93	139
85	91	90
85	156	57
85	106	168
85	231	4
85	131	123
85	155	28
85	136	348
85	26	201
85	68	160
85	69	90
85	11	168
85	164	28
85	130	217
85	10	86
85	159	45
85	83	135
85	104	123
85	81	69
85	24	102
85	107	28
85	126	53
85	95	36
85	194	32
85	94	36
85	167	24
85	75	77
85	217	24
85	3	164
85	127	45
85	112	41
85	137	36
85	90	36
85	195	20
85	203	36
85	29	36
85	77	127
85	30	28
85	52	28
85	210	94
85	18	20
85	170	41
85	122	20
85	72	315
85	8	155
85	117	12
85	183	61
85	129	24
85	128	4
85	74	36
85	200	49
85	71	41
85	209	102
85	76	131
85	19	41
85	5	131
85	22	12
85	171	16
85	49	16
85	118	45
85	132	45
85	208	20
85	216	4
85	110	4
85	135	65
85	73	102
85	1	45
85	39	12
85	45	49
85	204	4
85	179	28
85	221	16
85	64	164
85	180	196
85	16	53
85	197	8
85	14	77
85	4	36
85	2	28
85	175	41
85	28	16
85	182	32
85	174	41
85	0	61
85	23	4
85	133	28
85	99	8
85	20	32
85	56	53
85	21	36
85	173	16
85	185	12
85	25	4
85	230	16
85	100	28
85	97	32
85	59	20
85	15	4
85	7	57
85	53	4
85	215	16
85	103	49
85	228	20
85	96	16
85	48	4
85	86	57
85	188	8
85	212	20
85	109	16
85	229	4
85	87	12
85	193	8
85	219	4
85	34	12
85	79	16
85	82	4
85	38	4
85	36	8
85	63	12
85	172	32
85	66	8
85	65	28
85	223	8
85	13	77
85	61	4
85	58	8
85	32	8
85	57	20
85	201	4
85	47	20
85	199	16
85	211	20
85	140	12
85	176	12
85	111	4
85	54	4
85	12	4
85	218	4
85	51	8
85	31	4
85	141	4
85	181	4
85	35	8
85	55	16
85	145	12
85	142	4
85	78	8
85	101	4
85	226	4
85	186	4
85	80	4
85	98	4
86	166	70
86	169	299
86	9	141
86	168	181
86	151	86
87	166	90
87	169	238
87	9	123
87	168	134
87	151	54
88	166	22
88	169	71
88	9	56
88	168	41
88	151	11
88	152	26
88	150	41
88	157	49
88	115	18
88	154	7
88	165	49
88	85	37
88	114	15
88	116	11
88	153	7
88	163	3
88	198	11
88	158	18
88	121	30
88	148	3
88	113	3
88	123	3
88	27	7
88	149	15
88	88	71
88	125	15
88	134	3
88	92	45
88	160	3
88	161	7
88	108	22
88	139	11
88	70	41
88	162	3
88	119	3
88	93	11
88	91	7
88	106	7
88	131	3
88	136	26
88	26	7
88	69	22
88	11	3
88	164	3
88	130	3
88	83	121
88	104	15
88	81	3
88	107	7
88	126	3
88	95	3
88	94	3
88	75	7
88	217	7
88	127	7
88	112	7
88	137	3
88	77	15
88	30	3
88	52	11
88	210	7
88	18	3
88	170	7
88	72	18
88	8	3
88	117	3
88	183	3
88	129	3
88	74	18
88	200	7
88	71	18
88	209	11
88	76	3
88	5	15
88	49	3
88	132	3
88	135	3
88	73	15
88	45	7
88	221	3
88	64	7
88	180	11
88	16	3
88	14	7
88	182	3
88	0	3
88	133	3
88	99	3
88	20	3
88	56	3
88	21	3
88	173	3
88	97	3
88	59	18
88	7	3
88	103	11
88	96	11
88	87	7
88	13	3
88	57	3
88	111	7
88	227	3
88	225	3
88	101	3
89	166	53
89	169	261
89	9	97
89	168	166
89	151	74
89	152	171
89	150	235
89	157	373
89	115	133
89	154	5
90	166	110
90	169	369
90	9	261
90	168	301
90	151	123
90	152	261
90	150	447
90	157	510
91	166	95
91	169	258
91	9	146
91	168	238
91	151	92
91	152	227
91	150	292
91	157	373
91	115	154
91	154	5
91	165	227
91	85	356
92	166	67
92	169	289
92	9	203
92	168	210
93	166	130
93	169	491
93	9	352
93	168	463
93	151	189
94	166	110
94	169	220
94	9	169
94	168	174
94	151	123
95	166	83
95	169	256
95	9	145
95	168	242
95	151	83
95	152	265
95	150	333
95	157	420
96	166	88
96	169	356
96	9	232
96	168	281
96	151	163
97	166	120
97	169	543
97	9	373
97	168	321
97	151	151
98	166	17
98	169	87
98	9	87
98	168	69
99	166	48
99	169	153
99	9	125
99	168	95
99	151	60
100	166	46
100	169	145
100	9	131
101	166	28
101	169	45
101	9	37
101	168	42
101	151	34
102	166	7
102	169	5
102	9	2
102	168	7
102	151	5
102	152	2
102	150	5
102	157	15
102	115	10
102	165	5
102	85	5
102	114	5
102	116	10
102	163	2
102	121	7
102	148	2
102	113	5
102	67	2
102	120	2
102	27	2
102	88	5
102	125	5
102	134	2
102	92	33
102	108	2
102	119	2
102	93	2
102	91	2
102	106	10
102	136	25
102	69	2
102	11	2
102	130	20
102	81	7
102	107	2
102	94	2
102	217	2
102	3	7
102	127	2
102	112	2
102	137	2
102	203	2
102	77	7
102	52	2
102	72	5
102	117	2
102	183	7
102	129	2
102	200	2
102	71	2
102	209	2
102	76	2
102	5	12
102	22	2
102	171	5
102	135	10
102	73	2
102	179	2
102	64	10
102	180	2
102	16	2
102	14	2
102	4	2
102	175	5
102	182	2
102	174	2
102	133	2
102	173	2
102	100	2
102	97	18
102	59	2
102	17	2
102	103	5
102	228	2
102	96	30
102	188	5
102	109	5
102	87	5
102	172	7
102	32	2
102	186	2
103	166	36
103	169	89
103	9	62
103	168	57
104	166	198
104	169	609
104	9	411
104	168	528
104	151	215
104	152	475
104	150	833
104	157	1591
104	115	517
104	154	33
105	166	23
105	169	92
105	9	54
105	168	57
105	151	28
106	166	103
106	169	345
106	9	258
106	168	320
106	151	127
107	166	92
107	169	202
107	9	144
107	168	197
107	151	82
107	152	189
107	150	279
107	157	514
107	115	199
107	154	9
107	165	137
107	85	379
107	114	54
107	116	177
107	163	74
108	166	283
108	169	754
108	9	447
108	168	615
108	151	310
108	152	691
108	150	972
109	166	4
109	169	66
109	9	44
110	166	39
110	169	64
110	9	34
110	168	78
110	151	27
110	152	45
110	150	144
111	166	48
111	169	149
111	9	50
111	168	93
111	151	33
112	166	252
112	169	656
112	9	490
112	168	634
112	151	325
112	152	639
112	150	952
112	157	1927
113	166	244
113	169	908
113	9	562
113	168	615
113	151	334
113	152	868
113	150	923
113	157	994
113	115	1245
114	166	164
114	169	449
114	9	319
114	168	365
114	151	206
114	152	581
114	150	587
114	157	480
114	115	906
114	154	19
114	165	453
114	85	348
114	114	606
114	116	1270
114	153	19
114	163	122
114	198	9
114	158	65
114	121	570
114	148	204
114	113	241
114	67	5
114	120	103
115	166	33
115	169	98
115	9	82
115	168	77
115	151	41
115	152	118
115	150	152
115	157	95
115	115	292
115	154	2
116	166	447
116	169	1385
116	9	818
116	168	982
116	151	525
116	152	1488
116	150	1568
116	157	2044
116	115	1805
116	154	44
116	165	1397
116	85	1355
117	166	182
117	169	645
117	9	496
117	168	454
117	151	253
118	166	148
118	169	506
118	9	364
118	168	324
118	151	162
119	166	296
119	169	1010
119	9	733
119	168	816
119	151	340
119	152	961
119	150	1012
119	157	745
119	115	1016
119	154	39
119	165	1131
119	85	468
120	166	246
120	169	698
120	9	454
120	168	524
120	151	244
120	152	659
120	150	682
120	157	782
120	115	716
120	154	40
120	165	657
120	85	439
120	114	334
120	116	1319
120	153	14
120	163	185
120	198	16
120	158	108
120	121	1900
120	148	125
120	113	300
120	67	28
120	120	498
120	123	92
120	27	74
120	105	20
120	149	84
120	88	8
120	125	159
120	84	76
120	134	76
120	92	546
120	160	58
120	161	68
120	108	300
120	139	137
120	70	68
120	162	38
120	124	62
120	119	195
120	93	189
120	91	58
120	156	64
120	106	92
120	131	56
120	155	4
120	136	413
120	26	82
120	68	46
120	69	92
120	11	266
120	164	26
120	130	155
120	10	70
120	159	14
120	83	62
120	104	66
120	81	28
120	24	40
120	107	26
120	126	68
120	95	22
120	194	10
120	94	68
120	167	14
120	75	50
120	217	4
120	3	288
120	127	135
120	112	32
120	137	44
120	90	24
120	195	4
120	203	16
120	29	6
120	77	20
120	30	14
120	52	20
120	210	34
120	18	2
120	170	6
120	122	20
120	72	70
120	8	80
120	117	30
120	183	12
120	129	74
120	128	48
120	74	26
120	200	44
120	71	40
120	209	22
120	76	34
120	19	4
120	5	179
120	22	2
120	171	6
120	49	4
120	118	24
120	132	26
120	208	8
120	216	10
120	110	4
120	135	62
120	73	18
120	1	26
120	39	2
120	45	18
120	204	6
120	179	8
120	221	16
120	64	48
120	89	2
120	180	100
120	16	4
120	197	12
120	14	10
120	4	46
120	50	4
120	2	14
120	175	80
120	28	20
120	182	24
120	174	8
120	0	8
120	23	2
120	133	36
120	99	2
120	20	8
120	56	10
120	21	10
120	173	20
120	185	2
120	230	8
120	100	4
120	97	62
120	59	12
120	7	40
120	53	2
120	17	4
120	215	12
120	103	20
120	228	10
120	96	20
120	48	6
120	86	8
120	188	2
120	212	10
120	109	14
120	229	2
121	166	230
121	169	1120
121	9	795
121	168	878
121	151	437
122	166	321
122	169	1026
122	9	662
122	168	735
122	151	316
122	152	1022
122	150	1024
122	157	840
122	115	518
122	154	56
122	165	929
122	85	501
123	166	322
123	169	705
123	9	540
123	168	600
123	151	300
123	152	630
123	150	1474
123	157	1366
123	115	480
123	154	27
123	165	893
123	85	1491
123	114	322
123	116	713
123	153	32
123	163	325
123	198	10
123	158	145
123	121	1008
123	148	185
123	113	195
123	67	32
123	120	150
123	123	818
123	27	140
123	105	62
123	149	135
123	88	7
123	125	608
123	84	322
123	134	70
123	92	402
123	160	72
123	161	75
123	108	417
123	139	130
123	70	125
123	162	55
123	124	77
123	119	80
123	93	172
123	91	92
123	156	147
123	106	167
123	231	7
123	131	45
123	155	12
123	136	280
123	26	140
123	68	242
123	69	250
123	11	197
123	164	37
123	130	247
123	10	72
123	159	55
123	83	102
123	104	160
123	81	100
123	24	157
123	107	47
123	126	30
123	95	47
123	194	10
123	94	70
123	167	27
123	75	122
123	217	17
123	3	117
123	127	97
123	112	57
123	137	40
123	90	60
123	195	12
123	203	12
123	29	7
123	77	52
123	30	10
123	52	32
123	210	42
123	18	10
123	170	30
123	122	20
123	72	157
123	8	160
123	117	20
123	183	12
123	129	15
123	128	35
123	74	40
123	200	37
123	209	40
123	71	100
123	76	97
123	138	5
123	19	10
123	5	92
123	22	7
123	171	12
123	49	7
123	118	25
123	132	37
123	208	12
123	110	10
123	135	50
123	73	60
123	1	17
123	39	35
123	45	35
123	204	7
123	179	15
123	221	5
123	64	82
123	89	7
123	180	52
123	16	15
123	197	5
123	14	32
123	4	37
123	50	5
123	2	50
123	175	35
123	28	37
123	182	20
123	174	20
123	0	30
123	133	17
123	99	10
123	20	5
123	56	45
123	21	10
123	173	12
123	25	5
123	230	5
123	100	10
123	97	40
123	59	30
123	7	45
123	17	5
123	215	25
123	103	5
123	46	5
123	228	25
123	96	27
123	48	5
123	86	35
123	109	5
123	229	2
123	87	7
123	193	10
123	34	5
123	79	12
123	82	17
123	38	5
123	36	7
123	63	2
123	172	27
123	66	15
123	65	50
123	13	12
123	61	2
123	58	7
123	32	7
123	57	12
123	60	2
123	47	7
123	187	2
123	199	10
123	140	5
123	176	2
123	222	7
123	12	15
123	205	2
123	218	7
123	35	5
123	55	5
123	44	2
123	142	2
123	78	7
123	101	12
123	226	2
123	186	5
123	80	2
124	166	273
124	169	937
124	9	741
124	168	660
124	151	420
124	152	978
124	150	973
124	157	858
124	115	651
124	154	51
125	166	585
125	169	1498
125	9	1146
125	168	1347
125	151	719
125	152	1000
125	150	2382
125	157	2757
125	115	736
125	154	61
125	165	1542
125	85	2429
125	114	700
125	116	1160
125	153	80
125	163	549
125	198	30
125	158	403
125	121	1585
125	148	452
126	166	79
126	169	469
126	9	313
126	168	362
126	151	169
127	166	182
127	169	643
127	9	422
127	168	580
127	151	205
128	166	201
128	169	855
128	9	693
128	168	663
128	151	283
128	152	782
128	150	697
128	157	470
129	166	216
129	169	693
129	9	460
129	168	551
129	151	219
130	166	202
130	169	662
130	9	453
130	168	457
130	151	228
131	166	425
131	169	1002
131	9	856
131	168	765
131	151	525
131	152	1451
131	150	1236
131	157	1096
131	115	323
132	166	187
132	169	469
132	9	442
132	168	319
132	151	246
133	166	106
133	169	373
133	9	248
133	168	242
133	151	172
134	166	380
134	169	965
134	9	785
134	168	747
134	151	550
134	152	1348
134	150	1084
134	157	978
134	115	349
134	154	58
135	166	118
135	169	416
135	9	289
135	168	298
135	151	158
136	166	133
136	169	359
136	9	285
136	168	296
136	151	96
137	166	757
137	169	1502
137	9	1340
137	168	1216
137	151	779
137	152	2215
137	150	1931
137	157	1425
137	115	381
137	154	79
137	165	1659
137	85	979
137	114	423
137	116	889
137	153	266
137	163	752
137	198	468
137	158	214
137	121	1046
137	148	613
137	113	665
137	67	47
137	120	117
137	123	234
137	27	276
137	105	69
137	149	403
137	88	7
137	125	470
137	84	194
137	134	1978
137	92	540
137	160	194
137	161	266
137	108	456
137	139	3518
137	70	137
137	162	201
137	124	348
137	119	132
137	93	363
137	91	321
137	156	236
137	106	114
137	231	17
137	131	1021
137	155	9
137	136	760
137	26	328
137	68	142
137	69	199
137	11	869
137	164	109
137	130	1280
137	10	939
137	159	74
137	83	82
137	104	124
137	81	176
137	24	431
137	107	47
137	126	127
137	95	34
137	194	366
137	94	89
137	167	32
137	75	159
137	217	87
137	3	169
137	127	134
137	112	69
137	137	2521
137	90	54
137	195	241
137	203	388
137	29	32
137	77	89
137	30	17
137	52	164
137	210	578
137	18	22
137	170	44
137	122	311
137	72	269
137	8	159
137	117	383
137	183	42
137	129	99
137	128	209
137	74	29
137	200	276
137	71	152
137	209	914
137	76	149
137	138	251
137	19	29
137	5	161
137	22	44
137	171	57
137	49	57
137	118	179
137	132	777
137	208	127
137	216	12
137	110	14
137	135	431
137	73	57
137	1	381
137	39	67
137	45	127
137	204	87
137	179	22
137	221	64
137	64	132
137	89	4
137	180	241
137	16	19
137	197	184
137	14	72
137	4	59
137	50	37
137	2	149
137	175	124
137	28	67
137	182	84
137	174	109
137	0	54
137	23	4
137	133	117
137	99	17
137	20	22
137	56	82
137	21	49
137	173	127
137	185	24
137	25	7
137	230	44
137	100	87
137	97	64
137	59	69
137	15	7
137	7	29
137	53	12
137	17	22
137	215	92
137	103	22
137	46	14
137	228	102
137	96	19
137	48	14
137	207	19
137	86	42
137	184	4
137	188	7
137	212	132
137	6	2
137	109	19
137	229	52
137	87	44
137	193	39
137	219	17
137	34	37
137	79	24
137	38	9
137	82	14
137	36	27
137	63	22
137	62	7
137	172	39
137	66	37
137	65	44
137	223	14
137	13	67
137	58	32
137	32	14
137	144	7
137	57	27
137	60	9
137	47	9
137	187	2
137	199	37
137	211	27
137	140	17
137	176	32
137	111	2
137	222	29
137	54	9
137	12	9
137	205	2
137	218	34
137	31	2
137	141	4
137	181	14
137	35	17
137	44	2
137	202	14
137	227	2
137	43	9
137	196	4
137	206	2
137	142	2
137	225	2
137	78	2
137	33	2
137	186	12
137	37	4
137	189	7
137	80	2
137	220	2
137	191	2
137	178	4
137	213	2
138	166	203
138	169	558
138	9	600
138	168	468
138	151	342
138	152	755
138	150	565
138	157	463
138	115	176
138	154	41
138	165	778
139	166	668
139	169	1811
139	9	1369
139	168	1517
139	151	832
139	152	1607
139	150	1964
139	157	1263
139	115	420
139	154	100
139	165	1766
139	85	885
139	114	375
139	116	668
139	153	256
139	163	824
139	198	89
139	158	179
139	121	830
139	148	420
139	113	475
139	67	44
139	120	150
139	123	232
139	27	156
139	105	140
139	149	430
139	88	5
139	125	518
139	84	200
139	134	1002
139	92	423
139	160	193
139	161	256
139	108	444
139	139	4804
139	70	150
139	162	219
139	124	169
139	119	140
139	93	335
139	91	468
139	156	222
139	106	113
139	231	15
139	131	383
139	155	10
139	136	512
139	26	261
139	68	153
139	69	248
139	11	449
139	164	103
139	130	687
139	10	417
139	159	111
139	83	124
139	104	140
139	81	156
139	24	338
139	107	60
139	126	81
139	95	37
139	194	89
139	94	81
139	167	84
139	75	200
139	217	34
139	3	171
139	127	95
139	112	121
139	137	438
139	90	58
139	195	29
139	203	92
139	29	23
139	77	68
139	30	23
139	52	76
139	210	203
139	18	15
139	170	87
139	122	95
139	72	208
139	8	163
139	117	174
139	183	21
139	129	68
139	128	124
139	74	31
139	200	111
139	71	129
139	209	198
139	76	134
139	138	108
139	19	31
139	5	124
139	22	5
139	171	26
139	49	13
139	118	103
139	132	227
139	208	26
139	216	15
139	110	21
139	135	182
139	73	58
139	1	158
139	39	87
139	45	63
139	204	7
139	179	21
139	221	23
139	64	103
139	89	21
139	180	208
139	16	52
139	197	13
139	14	103
139	4	50
139	50	5
139	2	79
139	175	84
139	28	66
139	182	68
139	174	34
139	0	39
139	23	5
139	133	50
139	99	26
139	20	21
139	56	71
139	21	42
139	173	63
139	185	26
139	25	10
139	230	21
139	100	34
139	97	47
139	59	37
139	15	10
139	7	42
139	53	15
139	17	5
139	215	37
139	103	26
139	46	7
139	228	26
139	96	26
139	48	5
139	207	7
139	86	44
139	184	2
139	188	5
139	212	15
139	6	2
139	109	18
139	229	18
139	87	18
139	193	23
139	219	15
139	34	18
139	79	5
139	82	7
139	38	2
139	36	2
139	62	5
139	63	10
139	172	44
139	66	21
139	65	29
139	223	10
139	13	63
139	61	10
139	58	7
139	32	10
139	57	29
139	60	2
139	201	10
139	47	21
139	187	10
139	199	13
139	211	5
139	140	2
139	176	18
139	111	5
139	222	29
139	54	2
139	12	7
139	218	18
139	141	2
139	181	7
139	35	13
139	55	5
139	44	2
139	227	7
139	43	5
139	196	2
139	206	7
139	142	2
139	78	2
139	101	10
139	143	2
139	226	2
139	37	2
139	220	2
139	80	5
139	98	5
139	191	2
139	213	2
140	166	46
140	169	223
140	9	108
140	168	154
140	151	46
141	166	6
141	169	86
141	9	39
142	169	65
142	9	25
143	166	22
143	169	63
143	9	28
143	168	40
144	166	18
144	169	64
144	9	24
144	168	46
144	151	12
145	166	19
145	169	146
145	9	88
146	166	11
146	169	28
146	9	34
147	166	8
147	169	75
147	9	29
147	168	29
147	151	21
148	166	331
148	169	1103
148	9	848
148	168	817
148	151	416
148	152	1068
148	150	1024
148	157	485
148	115	371
148	154	71
148	165	927
148	85	309
148	114	284
148	116	420
148	153	47
148	163	189
148	198	23
148	158	88
148	121	264
148	148	823
148	113	150
148	67	23
148	120	118
148	123	78
148	27	104
148	105	7
148	149	142
148	125	157
148	84	41
148	134	120
148	92	294
148	160	84
148	161	98
148	108	213
148	139	203
148	70	102
148	162	71
148	124	96
148	119	41
148	93	114
148	91	59
148	156	61
148	106	71
148	231	3
148	131	98
148	155	1
148	136	353
148	26	132
148	68	33
148	69	78
148	11	159
148	164	37
148	130	227
148	10	75
148	159	23
148	83	63
148	104	45
148	81	61
148	24	132
148	107	17
148	126	33
148	95	21
148	194	27
148	94	33
148	167	15
148	75	80
148	217	11
148	3	108
148	127	33
148	112	31
148	137	55
148	90	7
148	195	7
148	203	29
148	29	11
148	77	17
148	30	5
148	52	23
148	210	49
148	18	1
148	170	25
148	122	39
148	72	86
148	8	69
148	117	37
148	183	9
148	129	3
148	128	47
148	74	15
148	200	63
148	71	41
148	209	39
148	76	55
148	138	3
148	19	7
148	5	132
148	22	7
148	171	3
148	49	1
148	118	25
148	132	71
148	208	13
148	216	3
148	110	7
148	135	90
148	73	19
148	1	55
148	39	15
148	45	15
148	204	3
148	179	3
148	221	7
148	64	35
148	89	5
148	180	88
148	16	13
148	197	7
148	14	33
148	4	25
148	2	31
148	175	31
148	28	23
148	182	25
148	174	7
148	0	17
148	23	11
148	133	43
148	99	9
148	20	1
148	56	27
148	21	17
148	173	11
148	185	5
148	25	1
148	230	9
148	100	9
148	97	23
148	59	17
148	15	7
148	7	31
148	53	5
148	17	7
148	215	3
148	103	17
148	46	1
148	228	7
148	96	3
148	48	7
148	86	25
148	207	3
148	212	1
148	109	11
148	229	7
148	87	3
148	193	7
148	219	1
148	34	9
148	79	3
148	38	5
148	63	3
148	172	11
148	66	9
148	65	11
148	13	21
148	61	1
148	58	1
148	32	5
148	144	1
148	57	7
148	201	3
148	47	1
148	199	3
148	140	1
148	176	3
148	222	3
148	12	1
148	205	3
148	218	1
148	31	3
148	181	1
148	35	9
148	55	3
148	145	3
148	227	3
148	196	1
148	206	1
148	78	7
148	143	1
148	186	3
148	146	1
149	166	657
149	169	2345
149	9	1532
149	168	1530
149	151	695
149	152	927
149	150	2274
149	157	1021
149	115	488
149	154	97
149	165	3250
149	85	591
149	114	376
149	116	521
149	153	20
149	163	646
149	198	43
149	158	183
149	121	490
149	148	279
149	113	136
149	67	32
149	120	156
149	123	117
149	27	436
149	105	48
149	149	1300
149	88	10
149	125	234
149	84	84
149	134	107
149	92	582
149	160	183
149	161	188
149	108	346
149	139	237
149	70	216
149	162	242
149	124	97
149	119	53
149	93	261
149	91	171
149	156	159
149	106	93
149	231	5
149	131	86
149	155	3
149	136	490
149	26	338
149	68	95
149	69	145
149	11	204
149	164	112
149	130	296
149	10	95
149	159	39
149	83	157
149	104	100
149	81	183
149	24	319
149	107	27
149	126	41
149	95	32
149	194	72
149	94	84
149	167	53
149	75	152
149	217	24
149	3	185
149	127	69
149	112	48
149	137	71
149	90	19
149	195	45
149	203	17
149	29	26
149	77	86
149	30	36
149	52	109
149	210	100
149	18	64
149	170	72
149	122	27
149	72	280
149	8	162
149	117	60
149	183	20
149	129	29
149	128	27
149	74	32
149	200	71
149	71	133
149	209	149
149	76	197
149	138	8
149	19	43
149	5	161
149	22	34
149	171	24
149	49	22
149	118	57
149	132	74
149	208	27
149	216	1
149	110	15
149	135	102
149	73	60
149	1	93
149	39	98
149	45	105
149	204	5
149	179	17
149	221	6
149	64	91
149	89	12
149	180	90
149	16	83
149	197	22
149	14	159
149	4	20
149	50	34
149	2	45
149	175	69
149	28	69
149	182	32
149	174	27
149	0	58
149	23	15
149	133	27
149	99	31
149	20	24
149	56	43
149	21	81
149	173	41
149	185	8
149	25	20
149	230	8
149	100	20
149	97	45
149	59	36
149	15	5
149	7	53
149	53	10
149	17	22
149	215	24
149	103	29
149	46	3
149	228	24
149	96	20
149	48	15
149	207	3
149	86	58
149	188	1
149	212	15
149	109	5
149	229	8
149	102	1
149	87	19
149	193	12
149	219	22
149	34	22
149	79	29
149	38	13
149	82	12
149	36	15
149	63	8
149	62	1
149	172	13
149	66	5
149	65	38
149	223	3
149	13	43
149	61	1
149	58	15
149	32	19
149	144	1
149	57	24
149	60	12
149	47	13
149	187	1
149	199	8
149	211	1
149	176	8
149	111	6
149	222	5
149	54	6
149	12	5
149	205	1
149	218	8
149	51	3
149	31	8
149	55	10
149	35	32
149	145	5
149	44	5
149	202	1
149	227	1
149	206	5
149	142	3
149	78	1
149	101	3
149	33	6
149	226	1
149	186	5
149	37	5
149	80	1
149	98	1
149	224	1
149	146	1
150	166	684
150	169	1314
150	9	825
150	168	1274
150	151	419
150	152	604
150	150	2916
150	157	1131
150	115	409
150	154	58
150	165	1062
150	85	705
150	114	222
150	116	608
150	153	33
150	163	472
150	198	20
150	158	163
150	121	436
150	148	239
150	113	58
150	67	25
150	120	102
150	123	104
150	27	176
150	105	29
150	149	113
150	88	8
150	125	170
150	84	44
150	134	54
150	92	375
150	160	86
150	161	81
150	108	195
150	139	144
150	70	130
150	162	92
150	124	44
150	119	48
150	93	125
150	91	69
150	156	90
150	106	94
150	231	12
150	131	37
150	155	6
150	136	331
150	26	184
150	68	48
150	69	102
150	11	163
150	164	16
150	130	146
150	10	56
150	159	23
150	83	113
150	104	71
150	81	54
150	24	130
150	107	25
150	126	6
150	95	16
150	194	31
150	94	44
150	167	20
150	75	58
150	217	16
150	3	113
150	127	67
150	112	46
150	137	35
150	90	25
150	195	14
150	203	37
150	29	29
150	77	44
150	30	23
150	52	14
150	210	90
150	18	4
150	170	25
150	122	16
150	72	90
150	8	77
150	117	31
150	183	16
150	129	8
150	128	33
150	74	23
150	200	52
150	71	81
150	209	77
150	76	107
150	138	16
150	19	12
150	5	100
150	22	6
150	171	12
150	49	16
150	118	31
150	132	60
150	208	8
150	216	2
150	110	4
150	135	50
150	73	35
150	1	52
150	39	29
150	45	20
150	204	12
150	179	4
150	221	14
150	64	62
150	89	8
150	180	94
150	16	8
150	197	8
150	14	46
150	4	18
150	50	4
150	2	27
150	175	50
150	28	39
150	182	31
150	174	18
150	0	16
150	23	6
150	133	18
150	99	8
150	20	16
150	56	18
150	21	31
150	173	16
150	185	12
150	25	8
150	230	12
150	100	8
150	97	44
150	59	10
150	15	2
150	7	77
150	53	6
150	17	6
150	215	20
150	103	14
150	46	6
150	228	27
150	96	6
150	48	4
150	207	2
150	86	25
150	212	10
150	6	6
150	109	12
150	229	6
150	87	2
150	193	14
150	219	4
150	34	6
150	79	4
150	82	4
150	38	4
150	36	8
150	62	4
150	63	4
150	172	18
150	66	10
150	65	6
150	223	4
150	13	41
150	61	2
150	58	6
150	32	6
150	57	10
150	201	2
150	47	4
150	187	2
150	199	6
150	211	2
150	140	4
150	176	8
150	111	4
150	222	2
150	54	2
150	12	2
150	218	4
150	35	6
150	55	4
150	145	4
150	44	2
150	202	2
150	43	2
150	206	4
150	78	14
150	101	2
150	143	2
150	186	2
150	37	4
150	80	2
150	191	2
151	166	86
151	169	375
151	9	314
151	168	235
151	151	125
151	152	275
151	150	286
151	157	140
151	115	81
151	154	12
151	165	245
151	85	68
151	114	68
151	116	125
151	153	4
151	163	56
151	198	4
151	158	25
151	121	81
151	148	38
151	113	10
151	67	8
151	120	25
151	123	4
151	27	23
151	105	2
151	149	25
151	125	30
151	84	4
151	134	4
151	92	58
151	160	12
151	161	12
151	108	21
151	139	6
151	70	17
151	162	12
151	124	8
151	119	8
151	93	8
151	91	17
151	156	15
151	106	8
151	131	6
151	136	49
151	26	8
151	68	10
151	69	21
151	11	21
151	164	8
151	130	30
151	10	2
151	159	2
151	83	10
151	104	17
151	81	10
151	24	12
151	107	6
151	194	6
151	94	6
151	167	6
151	75	10
151	217	4
151	3	34
151	127	10
151	112	6
151	137	6
151	90	6
151	203	15
151	77	6
151	30	8
151	52	4
151	210	17
151	170	2
151	122	6
151	72	21
151	8	19
151	117	10
151	183	2
151	129	2
151	128	10
151	74	2
151	200	12
151	71	8
151	209	8
151	76	28
151	138	6
151	19	6
151	5	15
151	49	4
151	118	10
151	132	4
151	208	2
151	216	2
151	135	6
151	73	4
151	1	8
151	39	4
151	45	2
151	204	6
151	221	2
151	64	8
151	180	15
151	14	10
151	50	4
151	2	6
151	175	10
151	28	2
151	182	12
151	174	4
151	0	8
151	99	2
151	56	2
151	173	8
151	185	4
151	97	10
151	59	15
151	7	10
151	103	4
151	46	2
151	228	6
151	96	2
151	48	2
151	86	4
151	212	2
151	109	2
151	229	2
151	34	2
151	172	8
151	66	2
151	65	2
151	13	6
151	58	2
151	32	4
151	57	2
151	60	2
151	201	2
151	47	2
151	199	2
151	140	4
151	111	2
151	12	4
151	55	2
151	206	2
151	101	4
151	189	2
151	80	2
152	166	218
152	169	954
152	9	704
152	168	629
152	151	409
152	152	1481
152	150	994
152	157	431
152	115	332
152	154	49
152	165	669
152	85	251
152	114	266
152	116	420
152	153	22
152	163	145
152	198	3
152	158	53
152	121	295
152	148	394
152	113	33
152	67	18
152	120	66
152	123	27
152	27	93
152	105	16
152	149	78
152	88	3
152	125	55
152	84	29
152	134	31
152	92	168
152	160	36
152	161	56
152	108	97
152	139	60
152	70	44
152	162	73
152	124	36
152	119	45
152	93	62
152	91	38
152	156	25
152	106	20
152	231	1
152	131	38
152	155	3
152	136	152
152	26	66
152	68	31
152	69	53
152	11	80
152	164	9
152	130	84
152	10	29
152	159	1
152	83	51
152	104	49
152	81	14
152	24	40
152	107	7
152	126	5
152	95	3
152	194	25
152	94	14
152	167	1
152	75	33
152	217	9
152	3	67
152	127	14
152	112	25
152	137	33
152	90	7
152	195	5
152	203	18
152	29	7
152	77	23
152	30	3
152	52	29
152	210	33
152	18	5
152	170	7
152	122	5
152	72	60
152	8	27
152	117	11
152	183	5
152	129	3
152	128	11
152	74	9
152	200	27
152	209	34
152	71	14
152	76	14
152	5	42
152	171	1
152	49	5
152	118	16
152	132	12
152	208	5
152	110	3
152	135	34
152	73	31
152	1	31
152	39	1
152	45	12
152	204	3
152	179	5
152	221	1
152	64	36
152	89	3
152	180	45
152	16	11
152	197	3
152	14	22
152	4	14
152	2	7
152	175	23
152	28	11
152	182	11
152	174	7
152	0	12
152	23	3
152	133	1
152	99	5
152	20	5
152	56	18
152	21	9
152	173	16
152	185	5
152	25	1
152	230	5
152	100	1
152	97	16
152	59	14
152	7	18
152	53	1
152	17	1
152	215	7
152	103	7
152	46	3
152	228	12
152	48	3
152	207	1
152	86	12
152	188	1
152	212	7
152	109	5
152	229	1
152	87	3
152	193	7
152	34	1
152	79	1
152	82	1
152	38	1
152	36	1
152	172	9
152	66	5
152	65	9
152	223	1
152	13	16
152	61	1
152	58	1
152	57	7
152	60	1
152	201	1
152	187	1
152	199	9
152	140	1
152	176	3
152	222	1
152	54	3
152	35	3
152	43	5
152	206	1
152	186	1
152	191	1
152	146	1
153	166	120
153	169	648
153	9	573
153	168	346
153	151	233
153	152	368
153	150	600
153	157	230
153	115	99
153	154	38
153	165	530
153	85	145
153	114	161
153	116	173
153	153	200
153	163	76
153	198	4
153	158	32
153	121	126
153	148	75
153	113	30
153	67	11
153	120	43
153	123	11
153	27	64
153	105	3
153	149	70
153	125	35
153	84	19
153	134	30
153	92	115
153	160	22
153	161	30
153	108	60
153	139	64
153	70	27
153	162	38
153	124	32
153	119	6
153	93	32
153	91	9
153	156	14
153	106	25
153	131	11
153	155	1
153	136	104
153	26	38
153	68	20
153	69	30
153	11	56
153	164	6
153	130	80
153	10	28
153	159	12
153	83	17
153	104	12
153	81	11
153	24	60
153	107	6
153	126	1
153	95	1
153	194	16
153	94	9
153	167	1
153	75	17
153	217	8
153	3	36
153	127	12
153	112	4
153	137	8
153	90	4
153	195	1
153	203	4
153	77	9
153	30	8
153	52	4
153	210	9
153	18	1
153	170	4
153	122	8
153	72	28
153	8	19
153	117	16
153	183	3
153	129	9
153	128	11
153	74	1
153	200	9
153	71	14
153	209	17
153	76	20
153	138	3
153	19	4
153	5	36
153	49	4
153	118	8
153	132	19
153	135	30
153	73	12
153	1	30
153	39	4
153	45	1
153	204	1
153	179	3
153	221	8
153	64	16
153	89	3
153	180	19
153	16	1
153	197	1
153	14	27
153	4	4
153	2	9
153	175	12
153	28	9
153	182	9
153	174	6
153	0	1
153	133	9
153	99	1
153	20	6
153	56	4
153	21	3
153	173	9
153	185	1
153	100	4
153	97	11
153	59	9
153	15	1
153	7	3
153	53	1
153	215	3
153	103	14
153	228	14
153	96	3
153	48	1
153	207	1
153	86	4
153	188	1
153	212	3
153	109	6
153	229	1
153	193	3
153	34	3
153	79	3
153	82	1
153	63	1
153	172	3
153	65	1
153	223	3
153	13	8
153	61	1
153	58	4
153	32	4
153	57	3
153	47	1
153	199	9
153	211	1
153	140	1
153	176	3
153	222	6
153	54	1
153	12	3
153	51	1
153	35	1
153	145	1
153	196	1
153	206	1
153	101	1
153	220	1
155	166	63
155	169	15
155	9	15
155	168	95
155	151	15
155	152	31
155	150	63
155	157	110
155	165	31
155	85	190
155	114	15
155	116	63
155	153	15
155	163	31
155	198	15
155	121	221
155	148	15
155	113	15
155	123	15
155	27	15
155	84	31
155	134	31
155	108	15
155	139	15
155	124	15
155	131	15
155	136	31
155	26	95
155	10	15
155	104	15
155	24	15
155	107	15
155	194	15
155	94	15
155	167	15
155	217	31
155	203	15
155	18	15
155	72	142
155	8	15
155	128	15
155	200	31
155	209	79
155	76	15
155	19	15
155	171	15
155	110	15
155	135	15
155	1	31
155	39	15
155	45	15
155	179	15
155	221	31
155	64	47
155	180	79
155	14	15
155	175	15
155	182	15
155	0	15
155	99	15
155	20	15
155	56	31
155	59	63
155	17	15
155	215	31
155	103	15
155	228	15
155	96	31
155	86	47
155	229	31
155	36	15
155	172	15
155	57	15
155	47	15
155	222	15
155	31	15
155	181	15
156	166	479
156	169	1338
156	9	888
156	168	1109
156	151	576
156	152	1175
156	150	2000
156	157	3261
156	115	490
156	154	66
156	165	1310
156	85	1970
156	114	398
156	116	940
156	153	55
156	163	925
156	198	51
156	158	741
156	121	1126
157	166	753
157	169	1222
157	9	865
157	168	1030
157	151	436
157	152	837
157	150	2541
157	157	2761
157	115	541
157	154	76
157	165	1106
157	85	1439
157	114	392
157	116	905
157	153	24
157	163	617
157	198	52
157	158	553
157	121	669
157	148	332
157	113	132
157	67	32
157	120	132
157	123	180
157	27	232
157	105	36
157	149	160
157	88	4
157	125	184
157	84	112
157	134	92
157	92	501
157	160	152
157	161	140
157	108	224
157	139	268
157	70	148
157	162	84
157	124	100
157	119	108
157	93	212
157	91	104
157	156	244
157	106	124
157	231	8
157	131	52
157	155	4
157	136	336
157	26	180
157	68	152
157	69	172
157	11	232
157	164	92
157	130	220
157	10	100
157	159	36
157	83	128
157	104	144
157	81	104
157	24	112
157	107	36
157	126	48
157	95	52
157	194	64
157	94	84
157	167	32
157	75	144
157	217	60
157	3	152
157	127	56
157	112	68
157	137	80
157	90	36
157	195	28
157	203	60
157	29	4
157	77	164
157	30	24
157	52	112
157	210	120
157	18	20
157	170	56
157	122	20
157	72	268
157	8	128
157	117	60
157	183	44
157	129	36
157	128	48
157	74	20
157	200	136
157	71	72
157	209	104
157	76	128
157	138	12
157	19	32
157	5	104
157	22	8
157	171	24
157	49	28
157	118	44
157	132	80
157	208	40
157	216	4
157	110	12
157	135	92
157	73	100
157	1	60
157	39	48
157	45	84
157	204	12
157	179	24
157	221	28
157	64	172
157	89	12
157	180	164
157	16	36
157	197	12
157	14	76
157	4	36
157	50	16
157	2	48
157	175	36
157	28	24
157	182	64
157	174	20
157	0	40
157	133	36
157	99	32
157	20	24
157	56	48
157	21	44
157	173	40
157	185	8
157	25	16
157	230	4
157	100	12
157	97	20
157	59	48
157	15	8
157	7	80
157	53	16
157	17	12
157	215	48
157	103	60
157	228	44
157	96	24
157	207	4
157	86	56
157	188	8
157	212	16
157	109	16
157	229	12
157	87	12
157	193	16
157	219	28
157	34	20
157	79	24
157	82	12
157	38	4
157	36	20
157	63	8
157	172	48
157	66	16
157	65	12
157	223	4
157	13	52
157	61	8
157	32	28
157	57	32
157	60	4
157	201	4
157	47	12
157	187	4
157	199	16
157	211	4
157	140	16
157	176	12
157	111	8
157	222	24
157	54	8
157	12	4
157	218	4
157	31	4
157	181	4
157	35	28
157	55	4
157	145	12
157	43	8
157	206	4
157	142	4
157	225	4
157	78	12
157	101	8
157	42	4
157	186	4
157	37	12
157	80	8
157	98	4
158	166	239
158	169	487
158	9	325
158	168	513
158	151	197
158	152	577
158	150	755
158	157	1734
158	115	274
158	154	25
158	165	526
158	85	656
158	114	133
158	116	293
158	153	19
158	163	475
158	198	35
158	158	363
158	121	376
158	148	216
158	113	124
158	67	15
158	120	54
158	123	114
158	27	117
158	105	51
158	149	130
158	88	9
158	125	133
158	84	98
158	134	66
158	92	149
158	160	245
158	161	133
158	108	127
158	139	232
158	70	66
158	162	44
158	124	66
158	119	47
158	93	156
158	91	51
158	156	280
158	106	41
158	231	6
158	131	66
158	155	6
158	136	153
158	26	143
158	68	73
158	69	98
158	11	137
158	164	73
158	130	188
158	10	60
158	159	108
158	83	51
158	104	60
158	81	70
158	24	102
158	107	19
158	126	15
158	95	19
158	194	22
158	94	31
158	167	35
158	75	95
158	217	15
158	3	82
158	127	19
158	112	66
158	137	51
158	90	15
158	195	9
158	203	19
158	29	19
158	77	31
158	30	28
158	52	86
158	210	89
158	18	9
158	170	73
158	122	15
158	72	114
158	8	102
158	117	47
158	183	19
158	129	3
158	128	38
158	74	35
158	200	38
158	71	66
158	209	63
158	76	66
158	19	22
158	5	41
158	22	3
158	171	28
158	49	12
158	118	25
158	132	25
158	208	15
158	216	3
158	135	47
158	73	31
158	1	19
158	39	41
158	45	38
158	204	3
158	179	6
158	221	9
158	64	63
158	89	6
158	180	98
158	16	25
158	197	12
158	14	47
158	4	9
158	50	31
158	2	35
158	175	15
158	28	25
158	182	28
158	174	15
158	0	19
158	23	3
158	133	25
158	99	31
158	20	15
158	56	51
158	21	6
158	173	47
158	185	9
158	25	6
158	230	3
158	100	19
158	97	9
158	59	41
158	15	3
158	7	12
158	53	9
158	17	3
158	215	15
158	46	12
158	228	9
158	96	19
158	48	6
158	86	19
158	184	3
158	188	3
158	109	9
158	87	3
158	193	3
158	219	6
158	34	22
158	79	12
158	38	3
158	82	3
158	36	12
158	63	12
158	172	12
158	66	3
158	65	15
158	223	6
158	13	25
158	61	15
158	58	6
158	32	12
158	57	15
158	60	3
158	47	12
158	199	9
158	140	6
158	176	3
158	222	9
158	54	3
158	12	3
158	205	3
158	51	3
158	218	6
158	31	6
158	181	3
158	35	9
158	44	3
158	202	3
158	43	6
158	78	3
158	33	6
158	101	3
158	80	3
158	98	3
159	166	398
159	169	900
159	9	599
159	168	711
159	151	387
159	152	823
159	150	1175
159	157	2178
159	115	212
159	154	34
159	165	872
159	85	1126
159	114	303
159	116	501
159	153	30
159	163	676
160	166	409
160	169	934
160	9	639
160	168	718
160	151	341
160	152	880
160	150	1092
160	157	1696
160	115	151
160	154	24
160	165	937
160	85	872
160	114	279
160	116	490
160	153	18
160	163	1051
160	198	70
160	158	441
160	121	498
160	148	238
160	113	289
160	67	21
160	120	97
160	123	205
160	27	143
160	105	84
160	149	268
160	88	2
160	125	235
160	84	186
160	134	257
160	92	159
160	160	1086
160	161	436
160	108	238
160	139	533
160	70	116
160	162	276
160	124	108
160	119	37
160	93	289
160	91	238
160	156	569
160	106	84
160	231	5
160	131	100
160	155	2
160	136	222
160	26	368
160	68	100
160	69	151
160	11	219
160	164	235
160	130	168
160	10	62
160	159	195
160	83	97
160	104	86
160	81	246
160	24	352
160	107	27
160	126	46
160	95	27
160	194	24
160	94	70
160	167	200
160	75	233
160	217	24
160	3	54
160	127	51
160	112	138
160	137	86
160	90	21
160	195	18
160	203	37
160	29	32
160	77	48
160	30	119
160	52	146
160	210	100
160	18	48
160	170	222
160	122	35
160	72	105
160	8	108
160	117	94
160	183	18
160	129	18
160	128	24
160	74	37
160	200	56
160	71	151
160	209	65
160	76	151
160	138	13
160	19	16
160	5	62
160	22	32
160	171	21
160	49	27
160	118	40
160	132	67
160	208	37
160	216	10
160	110	16
160	135	59
160	73	48
160	1	29
160	39	113
160	45	149
160	204	5
160	179	8
160	221	5
160	64	73
160	89	5
160	180	86
160	16	16
160	197	27
160	14	67
160	4	24
160	50	29
160	2	43
160	175	35
160	28	43
160	182	32
160	174	13
160	0	78
160	23	2
160	133	21
160	99	40
160	20	40
160	56	51
160	21	24
160	173	24
160	185	8
160	25	40
160	230	2
160	100	13
160	97	37
160	59	18
160	15	2
160	7	29
160	53	2
160	17	13
160	215	43
160	103	5
160	228	16
160	96	8
160	48	16
160	86	16
160	184	2
160	188	5
160	212	10
160	6	5
160	229	18
160	87	5
160	193	18
160	219	27
160	34	10
160	79	18
160	82	10
160	36	16
160	62	5
160	63	5
160	172	5
160	66	21
160	65	10
160	223	8
160	13	43
160	61	5
160	58	18
160	57	13
160	60	18
160	201	2
160	47	10
160	187	8
160	199	8
160	211	2
160	176	2
160	111	8
160	222	27
160	54	10
160	12	21
160	31	5
160	181	10
160	35	2
160	55	13
160	145	2
160	227	2
160	43	18
160	78	2
160	33	2
160	143	2
160	186	13
160	80	2
160	98	2
161	166	469
161	169	1317
161	9	889
161	168	970
161	151	481
161	152	1217
161	150	1610
161	157	1664
161	115	322
161	154	61
161	165	1737
161	85	757
161	114	322
161	116	615
161	153	43
161	163	1087
161	198	114
161	158	261
161	121	674
161	148	317
161	113	359
161	67	56
161	120	83
161	123	188
161	27	395
161	105	73
161	149	574
161	88	9
161	125	276
161	84	144
161	134	361
161	92	393
161	160	586
161	161	1415
161	108	320
161	139	562
161	70	171
161	162	547
161	124	144
161	119	100
161	93	276
161	91	239
161	156	432
161	106	109
161	231	14
161	131	134
161	136	420
161	26	442
161	68	100
161	69	241
161	11	239
161	164	417
161	130	332
161	10	109
161	159	153
161	83	102
161	104	78
161	81	278
161	24	593
161	107	26
161	126	51
161	95	36
161	194	43
161	94	36
161	167	190
161	75	261
161	217	29
161	3	112
161	127	70
161	112	149
161	137	102
161	90	29
161	195	53
161	203	41
161	29	31
161	77	68
161	30	112
161	52	217
161	210	124
161	18	41
161	170	222
161	122	12
161	72	217
161	8	124
161	117	65
161	183	34
161	129	36
161	128	61
161	74	39
161	200	73
161	71	224
161	209	114
161	76	285
161	138	29
161	19	51
161	5	109
161	22	70
161	171	56
161	49	70
161	118	43
161	132	100
161	208	31
161	216	2
161	110	12
161	135	92
161	73	61
161	1	58
161	39	163
161	45	178
161	204	19
161	179	24
161	221	19
161	64	105
161	180	87
161	16	43
161	197	14
161	14	171
161	4	26
161	50	73
161	2	36
161	175	65
161	28	68
161	182	53
161	174	36
161	0	80
161	23	29
161	133	56
161	99	51
161	20	46
161	56	61
161	21	53
161	173	26
161	185	29
161	25	58
161	230	12
161	100	29
161	97	29
161	59	39
161	15	2
161	7	43
161	53	24
161	17	24
161	215	29
161	103	26
161	46	17
161	228	31
161	96	36
161	48	21
161	86	68
161	184	4
161	188	12
161	212	14
161	6	2
161	109	4
161	229	19
161	87	14
161	193	19
161	219	31
161	34	31
161	79	19
161	38	21
161	82	12
161	36	19
161	63	7
161	172	14
161	66	14
161	65	43
161	223	2
161	13	43
161	61	4
161	58	9
161	32	26
161	144	4
161	57	24
161	60	2
161	201	2
161	47	21
161	187	2
161	199	9
161	140	4
161	176	9
161	111	12
161	222	9
161	54	7
161	12	12
161	205	2
161	51	7
161	31	9
161	181	4
161	35	24
161	55	4
161	145	2
161	44	4
161	196	4
161	43	12
161	78	2
161	33	2
161	101	2
161	226	2
161	186	2
161	213	2
162	166	262
162	169	741
162	9	519
162	168	635
162	151	315
162	152	691
162	150	862
162	157	1095
162	115	199
162	154	37
163	166	647
163	169	1588
163	9	1005
163	168	1196
163	151	523
163	152	711
163	150	2981
163	157	1406
163	115	446
163	154	72
163	165	1356
163	85	996
163	114	319
163	116	493
163	153	24
163	163	1819
163	198	49
163	158	280
163	121	523
163	148	222
163	113	151
163	67	40
163	120	101
163	123	176
163	27	242
163	105	38
163	149	233
163	88	2
163	125	228
163	84	124
163	134	138
163	92	398
163	160	319
163	161	183
163	108	267
163	139	280
163	70	115
163	162	131
163	124	67
163	119	77
163	93	181
163	91	142
163	156	169
163	106	83
163	231	18
163	131	79
163	155	11
163	136	271
163	26	246
163	68	81
163	69	142
163	11	212
163	164	79
163	130	231
163	10	111
163	159	56
163	83	117
163	104	74
163	81	88
163	24	212
163	107	18
163	126	27
163	95	18
163	194	74
163	94	47
163	167	56
163	75	147
163	217	11
163	3	151
163	127	113
163	112	61
163	137	52
163	90	31
163	195	15
163	203	61
163	29	29
163	77	61
163	30	33
163	52	58
163	210	61
163	18	24
163	170	38
163	122	24
163	72	138
163	8	65
163	117	27
163	183	15
163	129	20
163	128	27
163	74	24
163	200	63
163	71	106
163	209	99
163	76	97
163	138	2
163	19	11
163	5	113
163	22	11
163	171	24
163	49	22
163	118	38
163	132	63
163	208	6
163	216	4
163	110	2
163	135	74
163	73	24
163	1	52
163	39	33
163	45	43
163	204	13
163	179	4
163	221	22
163	64	86
163	89	4
163	180	115
163	16	18
163	197	20
163	14	52
163	4	33
163	50	6
163	2	22
163	175	56
163	28	36
163	182	56
163	174	20
163	0	20
163	23	6
163	133	24
163	99	6
163	20	22
163	56	31
163	21	24
163	173	38
163	185	6
163	25	6
163	230	9
163	100	4
163	97	43
163	59	24
163	15	6
163	7	63
163	53	11
163	17	11
163	215	15
163	103	15
163	46	4
163	228	24
163	96	11
163	48	11
163	86	29
163	184	2
163	188	9
163	212	13
163	109	9
163	229	20
163	87	15
163	193	13
163	219	6
163	34	4
163	79	4
163	38	4
163	82	9
163	36	9
163	63	9
163	62	4
163	172	29
163	66	18
163	65	13
163	223	4
163	13	31
163	58	2
163	32	15
163	57	9
163	60	2
163	201	6
163	47	18
163	199	11
163	140	4
163	111	2
163	176	22
163	222	4
163	12	4
163	218	6
163	51	2
163	31	9
163	141	4
163	55	2
163	35	2
163	44	4
163	202	4
163	227	4
163	43	6
163	196	2
163	206	4
163	78	2
163	101	4
163	33	2
163	42	2
163	186	2
163	98	4
164	166	626
164	169	1527
164	9	1004
164	168	1262
164	151	605
164	152	1836
164	150	1597
164	157	2717
164	115	324
164	154	72
164	165	1604
164	85	1197
165	166	36
165	169	156
165	9	118
165	168	92
165	151	57
165	152	57
165	150	132
165	157	67
165	115	44
165	154	9
165	165	303
165	85	33
165	114	36
165	116	33
165	153	3
165	163	34
165	198	5
165	158	10
165	121	33
165	148	17
165	113	9
165	67	4
165	120	17
165	123	4
165	27	29
165	149	48
165	88	2
165	125	11
165	84	4
165	134	11
165	92	46
165	160	8
165	161	6
165	108	9
165	139	13
165	70	22
165	162	18
165	124	4
165	119	10
165	93	8
165	91	4
165	156	5
165	106	6
165	131	4
165	136	41
165	26	22
165	68	9
165	69	9
165	11	9
165	164	4
165	130	16
165	10	2
165	159	3
165	83	9
165	104	9
165	81	8
165	24	22
165	107	1
165	126	1
165	95	1
165	194	10
165	94	5
165	167	2
165	75	8
165	217	1
165	3	9
165	127	3
165	137	5
165	90	3
165	195	2
165	203	3
165	29	1
165	77	9
165	30	1
165	52	4
165	210	6
165	18	2
165	170	2
165	122	1
165	72	24
165	8	5
165	117	2
165	129	2
165	128	4
165	200	1
165	209	8
165	71	8
165	76	10
165	19	1
165	5	4
165	22	1
165	171	1
165	49	1
165	118	2
165	132	1
165	208	1
165	110	2
165	135	8
165	73	2
165	1	5
165	39	2
165	45	2
165	204	1
165	179	2
165	221	1
165	64	2
165	89	2
165	180	3
165	16	8
165	197	1
165	14	5
165	4	4
165	50	1
165	2	3
165	175	11
165	28	4
165	182	2
165	174	3
165	0	5
165	20	6
165	56	3
165	21	2
165	185	1
165	59	3
165	7	2
165	53	3
165	46	1
165	228	2
165	96	1
165	86	3
165	87	1
165	34	3
165	62	1
165	66	1
165	65	3
165	13	4
165	57	1
165	60	2
165	47	1
165	199	1
165	51	2
165	35	1
165	145	2
165	44	2
165	101	1
166	166	84
166	169	62
166	9	47
166	168	43
166	151	22
166	152	43
166	150	186
166	157	58
166	115	37
166	154	4
166	165	47
166	85	39
166	114	10
166	116	26
166	153	2
166	163	16
166	158	6
166	121	31
166	148	18
166	113	2
166	120	8
166	123	2
166	27	2
166	149	2
166	125	6
166	84	2
166	134	12
166	92	37
166	160	2
166	161	8
166	108	12
166	139	2
166	70	2
166	162	4
166	93	8
166	91	10
166	156	6
166	106	2
166	131	2
166	136	20
166	26	10
166	68	2
166	69	2
166	11	12
166	130	10
166	10	2
166	83	6
166	104	2
166	81	2
166	24	4
166	107	2
166	95	2
166	194	2
166	94	2
166	75	4
166	3	10
166	217	4
166	127	4
166	195	2
166	77	4
166	52	2
166	210	6
166	72	2
166	8	6
166	183	4
166	129	4
166	74	2
166	200	2
166	71	4
166	76	2
166	22	2
166	132	2
166	135	2
166	73	6
166	1	4
166	45	4
166	204	2
166	64	8
166	180	4
166	2	6
166	175	4
166	28	2
166	174	2
166	56	2
166	173	2
166	97	2
166	7	2
166	96	2
166	86	2
166	82	2
166	66	2
166	172	2
166	13	2
166	65	2
166	57	2
167	166	343
167	169	651
167	9	451
167	168	589
167	151	340
167	152	905
167	150	870
167	157	1603
167	115	181
167	154	18
167	165	854
167	85	810
168	166	128
168	169	747
168	9	312
168	168	940
168	151	186
168	152	190
168	150	632
168	157	246
168	115	159
168	154	28
168	165	357
168	85	175
168	114	102
168	116	170
168	153	11
168	163	137
168	198	11
168	158	31
168	121	135
168	148	77
168	113	22
168	67	13
168	120	53
168	123	62
168	27	73
168	105	6
168	149	75
168	88	4
168	125	42
168	84	26
168	134	19
168	92	77
168	160	24
168	161	24
168	108	33
168	139	75
168	70	31
168	162	46
168	124	15
168	119	2
168	93	19
168	91	33
168	156	37
168	106	53
168	231	4
168	131	22
168	136	77
168	26	77
168	68	35
168	69	28
168	11	57
168	164	6
168	130	66
168	10	44
168	159	8
168	83	53
168	104	37
168	81	33
168	24	37
168	107	19
168	126	8
168	95	8
168	194	13
168	94	11
168	167	6
168	75	31
168	3	42
168	127	11
168	112	13
168	137	19
168	90	6
168	195	4
168	203	19
168	29	8
168	77	19
168	30	2
168	52	11
168	210	19
168	170	8
168	122	26
168	72	42
168	8	11
168	117	15
168	183	8
168	129	11
168	128	4
168	74	6
168	200	17
168	71	15
168	209	15
168	76	26
168	138	2
168	19	11
168	5	39
168	22	2
168	171	4
168	49	4
168	118	4
168	132	19
168	208	4
168	216	2
168	110	2
168	135	28
168	73	6
168	1	11
168	39	24
168	45	13
168	204	2
168	179	2
168	221	2
168	64	17
168	89	6
168	180	42
168	16	8
168	14	15
168	4	6
168	50	2
168	2	11
168	175	33
168	28	26
168	182	8
168	174	4
168	0	4
168	133	19
168	99	2
168	20	11
168	56	8
168	21	8
168	173	8
168	185	2
168	25	4
168	230	2
168	100	8
168	97	15
168	59	4
168	7	24
168	53	4
168	215	6
168	103	6
168	228	8
168	96	4
168	86	4
168	212	2
168	109	6
168	229	2
168	87	4
168	219	2
168	34	6
168	79	4
168	36	2
168	172	15
168	66	6
168	65	2
168	13	6
168	144	4
168	57	2
168	187	2
168	199	6
168	176	4
168	12	2
168	181	2
168	35	6
168	145	2
168	43	4
168	225	2
168	42	2
168	80	2
169	166	32
169	169	146
169	9	185
169	168	79
169	151	81
169	152	111
169	150	123
169	157	81
169	115	47
169	154	12
169	165	116
169	85	27
169	114	22
169	116	37
169	153	12
169	163	14
169	198	7
169	158	7
169	121	37
169	148	17
169	113	2
169	67	2
169	120	7
169	123	2
169	27	9
169	105	2
169	149	14
169	125	14
169	134	7
169	92	24
169	160	2
169	161	2
169	108	9
169	139	14
169	70	7
169	162	7
169	124	2
169	119	2
169	91	4
169	156	2
169	106	9
169	131	4
169	136	34
169	68	4
169	69	7
169	11	9
169	130	12
169	10	4
169	159	2
169	83	2
169	104	2
169	81	2
169	24	17
169	194	4
169	75	7
169	217	7
169	3	7
169	127	9
169	112	4
169	137	2
169	90	2
169	203	2
169	29	2
169	210	9
169	122	2
169	72	7
169	8	7
169	117	7
169	183	4
169	129	4
169	200	2
169	71	2
169	209	9
169	76	9
169	138	2
169	19	2
169	5	9
169	171	2
169	49	4
169	118	2
169	132	4
169	135	4
169	73	2
169	1	7
169	45	4
169	180	12
169	16	2
169	4	4
169	175	2
169	28	2
169	182	4
169	56	4
169	21	4
169	173	2
169	100	2
169	97	2
169	59	2
169	7	2
169	17	2
169	215	2
169	96	2
169	86	2
169	207	2
169	212	2
169	82	4
169	13	2
169	47	2
169	199	4
169	12	2
169	218	2
169	31	2
169	141	2
169	101	2
169	186	2
170	166	282
170	169	618
170	9	496
170	168	574
170	151	316
170	152	925
170	150	817
170	157	1795
171	166	58
171	169	180
171	9	156
172	166	56
172	169	197
172	9	160
173	166	81
173	169	310
173	9	190
174	166	37
174	169	91
174	9	54
174	168	84
175	166	69
175	169	296
175	9	186
176	166	62
176	169	237
176	9	176
177	166	10
177	169	29
177	9	18
177	168	15
178	166	23
178	169	131
178	9	84
179	166	28
179	169	211
179	9	137
180	166	104
180	169	401
180	9	329
180	168	315
181	166	24
181	169	115
181	9	82
182	166	74
182	169	244
182	9	146
183	166	50
183	169	152
183	9	136
184	166	25
184	169	82
184	9	102
185	166	14
185	169	89
185	9	62
186	166	26
186	169	123
186	9	73
187	166	21
187	169	56
187	9	37
188	166	7
188	169	10
188	9	7
188	168	24
189	166	25
189	169	68
189	9	36
189	168	72
190	169	24
190	9	9
191	166	18
191	169	73
191	9	18
192	166	2
192	169	2
192	9	20
193	166	98
193	169	312
193	9	216
193	168	226
194	166	132
194	169	351
194	9	245
194	168	247
194	151	166
195	166	248
195	169	576
195	9	482
195	168	482
195	151	276
196	166	17
196	169	86
196	9	86
197	166	81
197	169	317
197	9	217
197	168	182
197	151	127
198	166	12
198	169	20
198	9	20
198	168	12
198	151	10
199	166	35
199	169	153
199	9	91
200	166	172
200	169	919
200	9	599
200	168	697
200	151	279
201	166	49
201	169	175
201	9	123
201	168	135
201	151	64
201	152	67
201	150	138
201	157	110
202	166	16
202	169	24
202	9	10
202	168	18
202	151	21
203	166	222
203	169	840
203	9	552
203	168	539
203	151	329
204	166	98
204	169	559
204	9	539
204	168	388
204	151	269
205	166	33
205	169	145
205	9	106
205	168	106
205	151	53
206	166	46
206	169	229
206	9	162
206	168	121
206	151	118
207	166	36
207	169	86
207	9	83
207	168	78
207	151	27
207	152	110
207	150	95
207	157	66
207	115	66
207	154	4
208	166	61
208	169	447
208	9	374
208	168	178
208	151	209
209	166	233
209	169	584
209	9	567
209	168	442
209	151	361
210	166	132
210	169	361
210	9	295
210	168	240
210	151	155
211	166	19
211	169	148
211	9	132
211	168	93
212	166	42
212	169	139
212	9	104
212	168	80
212	151	53
213	166	19
213	169	111
213	9	94
214	166	2
214	169	2
214	9	2
214	151	2
214	150	2
214	157	2
214	165	2
214	85	2
214	148	2
214	113	2
214	120	2
214	134	2
214	136	7
214	11	2
214	130	7
214	10	2
214	194	5
214	3	2
214	137	2
214	203	2
214	210	23
214	122	2
214	200	10
214	209	2
214	5	5
214	132	2
214	216	2
214	1	2
214	204	2
214	180	2
214	182	2
214	133	2
214	207	2
214	212	2
214	193	2
214	34	5
214	201	2
214	199	2
214	222	5
214	225	2
215	166	131
215	169	535
215	9	413
216	166	108
216	169	348
216	9	248
217	166	39
217	169	189
217	9	118
218	166	13
218	169	81
218	9	60
219	166	71
219	169	217
219	9	182
219	168	160
220	166	17
220	169	62
220	9	39
220	168	31
220	151	22
221	166	95
221	169	250
221	9	191
221	168	157
221	151	64
222	166	22
222	169	102
222	9	60
223	166	64
223	169	230
223	9	155
223	168	144
224	166	12
224	169	44
224	9	34
224	168	28
225	166	28
225	169	50
225	9	33
225	168	30
225	151	5
225	152	39
225	150	22
226	166	35
226	169	99
226	9	63
226	168	79
226	151	30
227	166	8
227	169	64
227	9	79
228	166	92
228	169	340
228	9	287
228	168	230
229	166	86
229	169	252
229	9	205
229	168	208
230	166	27
230	169	133
230	9	138
231	166	11
231	169	42
231	9	17
