2	329	17
2	240	34
2	243	52
2	4	104
2	17	69
2	16	17
2	2	261
2	6	349
2	19	17
2	39	17
2	48	17
2	32	17
2	47	17
2	561	17
2	45	17
2	619	17
2	11	34
3	329	16
3	140	16
3	761	32
4	329	587
4	620	45
4	261	135
4	260	90
4	332	45
4	240	45
4	228	45
4	430	45
4	206	45
4	255	180
4	733	45
4	243	90
4	629	45
4	233	180
4	239	45
4	434	45
4	4	4380
4	166	90
4	17	45
4	732	45
4	320	45
4	227	90
4	232	45
4	153	90
4	2	180
4	478	90
4	259	90
4	262	45
4	689	45
4	330	45
4	51	45
4	271	45
4	453	135
4	475	45
4	6	361
4	564	45
4	143	135
4	40	90
4	8	135
4	244	135
4	323	45
4	12	90
4	14	135
4	47	135
4	504	45
4	461	45
4	216	45
4	789	45
4	225	45
4	45	225
4	133	45
4	11	45
4	155	180
4	724	90
4	151	90
4	420	45
4	734	45
4	167	45
4	18	451
4	651	45
4	226	90
4	101	90
4	20	316
4	476	45
4	9	45
4	44	90
4	546	45
4	277	135
4	552	45
4	625	45
4	503	45
4	142	90
4	134	225
4	77	45
4	136	45
4	577	45
4	53	45
4	98	45
4	308	45
4	242	45
4	256	45
4	38	135
4	79	90
4	63	225
4	813	180
4	706	45
4	56	90
4	100	45
4	479	45
4	130	45
4	337	45
4	57	45
4	50	90
4	600	45
4	280	135
4	220	90
4	709	45
4	481	45
4	736	135
4	141	45
4	145	90
4	282	90
4	342	45
4	757	90
4	399	45
4	37	135
4	163	45
4	364	45
4	196	45
4	61	180
4	490	45
4	65	45
4	755	45
4	205	45
4	483	45
4	792	45
4	179	45
4	60	45
4	127	45
4	131	45
4	139	45
4	335	45
4	21	270
4	309	45
4	217	45
4	180	45
4	248	45
4	126	45
4	495	45
4	82	90
4	80	135
4	128	135
4	5	45
4	85	45
4	36	90
4	740	135
4	234	45
4	653	45
4	213	45
4	183	45
4	78	225
4	349	45
4	74	90
4	215	45
4	83	45
4	230	45
4	305	135
4	49	45
4	493	45
4	42	90
4	395	45
4	149	45
4	756	45
4	390	45
4	806	90
4	815	45
4	201	45
4	304	45
4	291	45
4	679	45
4	76	45
4	814	90
4	805	45
4	802	180
4	803	45
4	285	90
4	821	45
4	759	45
4	0	90
4	370	45
4	818	45
4	822	45
4	719	45
6	329	85
6	432	85
6	261	85
6	260	85
7	385	146
8	329	166
8	326	166
8	432	166
8	332	166
8	431	498
11	329	76
11	243	76
11	791	76
11	239	76
11	4	76
11	17	76
11	16	76
11	10	152
11	232	76
11	2	152
11	259	76
11	451	76
11	6	76
11	8	76
11	244	152
11	48	76
11	12	152
11	47	76
11	45	76
11	133	76
11	11	457
11	167	76
11	7	152
11	67	76
11	20	152
11	9	228
11	95	76
11	423	76
11	46	76
11	98	76
11	454	76
11	220	76
11	156	76
11	740	76
11	464	76
11	352	76
11	78	76
11	305	76
11	291	76
11	278	76
11	285	76
11	719	76
11	823	76
12	329	26
12	385	26
12	243	26
12	324	26
12	4	79
12	17	53
12	16	26
12	554	26
13	433	1
14	329	21
14	432	21
14	240	42
14	4	63
14	227	42
14	259	21
14	51	42
14	8	63
14	39	85
14	48	149
14	12	63
14	14	213
14	47	42
14	45	21
14	133	21
14	340	21
14	67	21
14	20	21
14	9	42
14	44	21
14	46	21
14	577	21
14	53	21
14	98	21
14	63	21
14	50	42
14	68	21
14	141	21
14	73	21
14	59	21
14	399	21
14	274	21
14	482	21
14	131	21
14	202	21
14	512	21
14	21	21
14	309	276
14	350	21
14	78	42
14	74	42
14	806	21
14	640	21
14	291	21
14	76	21
14	297	42
14	285	21
14	23	42
14	821	21
16	329	97
16	432	97
16	261	97
16	260	97
16	228	97
16	324	97
16	233	97
16	498	97
16	434	97
16	17	582
16	732	194
16	16	1165
17	329	337
17	4	225
17	17	337
17	16	562
17	10	225
17	227	112
17	2	450
17	271	112
17	6	1463
17	19	450
17	39	562
17	48	337
17	12	225
17	47	225
17	45	225
17	507	112
17	11	112
17	766	112
17	340	112
17	18	112
17	341	112
17	43	337
17	7	225
17	414	112
17	20	337
17	26	225
17	44	112
17	160	112
17	52	112
17	136	112
17	319	112
17	454	112
17	79	112
17	63	112
17	100	112
17	364	112
17	528	112
17	287	112
17	815	112
17	818	112
19	329	55
19	260	27
19	431	27
19	434	27
19	4	27
19	17	138
19	2	27
19	6	82
19	143	27
19	8	27
19	19	27
19	39	27
19	12	27
19	47	27
19	789	55
19	428	27
19	45	27
19	18	221
19	43	55
19	474	27
19	20	27
19	26	27
19	44	82
19	489	27
19	46	138
19	367	27
19	52	27
19	513	27
19	140	27
19	698	27
19	308	27
19	38	27
19	813	27
19	750	27
19	809	27
19	481	27
19	246	27
19	73	27
19	41	27
19	399	27
19	701	27
19	37	27
19	58	27
19	202	27
19	82	82
19	78	82
19	253	27
19	15	27
20	329	625
20	432	89
20	433	89
20	261	178
20	260	89
20	240	89
20	430	89
20	206	89
20	255	89
20	733	89
20	243	89
20	233	89
20	434	89
20	4	536
20	166	89
20	17	89
20	732	178
20	16	446
20	462	89
20	333	89
20	227	89
20	232	178
20	2	178
20	689	89
20	451	89
20	51	268
20	475	89
20	6	357
20	386	89
20	40	89
20	8	268
20	429	89
20	39	625
20	48	89
20	12	357
20	14	89
20	47	178
20	502	89
20	504	89
20	216	89
20	387	178
20	45	89
20	752	89
20	619	89
20	675	89
20	133	89
20	11	178
20	505	89
20	724	268
20	151	89
20	722	89
20	523	178
20	340	89
20	18	446
20	43	89
20	496	89
20	298	89
20	101	89
20	7	89
20	794	89
20	614	89
20	20	2592
20	221	89
20	26	446
20	44	268
20	602	89
20	277	178
20	419	89
20	303	89
20	625	89
20	366	89
20	160	178
20	46	178
20	503	89
20	513	89
20	134	89
20	642	89
20	98	89
20	700	89
20	242	89
20	38	357
20	79	89
20	63	89
20	813	89
20	448	89
20	56	268
20	100	89
20	717	89
20	809	446
20	29	178
20	50	89
20	124	89
20	280	178
20	359	89
20	738	268
20	481	89
20	164	89
20	137	268
20	371	89
20	211	89
20	33	89
20	41	178
20	150	89
20	273	268
20	59	89
20	81	89
20	196	89
20	811	89
20	300	89
20	483	89
20	634	89
20	519	89
20	440	89
20	512	89
20	21	446
20	531	89
20	309	89
20	180	89
20	126	89
20	82	89
20	128	89
20	5	89
20	188	89
20	812	89
20	740	89
20	195	89
20	352	89
20	78	178
20	286	89
20	158	89
20	295	89
20	702	89
20	42	89
20	123	89
20	296	89
20	491	89
20	601	89
20	806	89
20	815	89
20	684	89
20	285	446
20	773	89
20	108	89
20	23	89
20	34	89
20	27	89
26	433	213
28	432	705
28	433	352
29	385	381
30	329	384
30	432	769
30	10	384
30	153	384
30	271	384
30	99	384
30	97	384
30	40	384
30	48	384
30	32	1153
30	31	1538
30	346	384
30	26	1538
30	366	384
30	142	384
30	698	384
30	809	384
30	276	384
30	348	384
30	164	384
30	141	384
30	33	384
30	654	384
30	59	384
30	793	769
30	797	384
30	80	384
30	740	384
30	91	384
30	815	384
30	285	384
30	0	384
33	432	106
36	329	112
36	430	112
36	243	112
36	4	224
36	478	112
36	386	112
36	32	112
36	746	112
36	237	112
36	155	112
36	724	336
36	129	112
36	346	112
36	26	112
36	277	112
36	46	112
36	706	112
36	477	224
36	100	112
36	29	112
36	57	112
36	69	112
36	145	112
36	524	112
36	84	112
36	156	112
36	318	112
36	531	112
36	80	112
36	90	112
36	36	898
36	740	112
36	279	112
36	287	112
36	87	112
36	509	112
36	808	112
36	725	224
36	192	112
36	119	112
36	686	112
36	285	112
36	743	112
37	433	134
37	261	134
38	329	335
38	433	111
38	261	223
38	260	111
38	332	223
38	228	111
38	431	223
38	430	111
38	255	335
38	243	111
38	790	111
38	233	111
38	434	223
38	4	223
38	270	111
38	153	111
38	478	111
38	259	111
38	610	111
38	51	111
38	99	111
38	143	111
38	40	1007
38	244	111
38	39	1567
38	48	111
38	12	223
38	14	111
38	47	111
38	45	335
38	752	111
38	133	111
38	155	111
38	505	111
38	724	1007
38	151	223
38	340	111
38	18	111
38	341	111
38	43	223
38	372	111
38	817	111
38	20	783
38	44	111
38	546	111
38	46	111
38	503	223
38	187	111
38	134	111
38	77	111
38	53	223
38	770	111
38	256	223
38	38	2686
38	79	335
38	706	111
38	316	111
38	57	111
38	735	111
38	231	111
38	269	111
38	124	223
38	280	111
38	709	111
38	110	111
38	481	111
38	736	111
38	137	111
38	282	111
38	524	111
38	41	111
38	150	223
38	480	111
38	358	111
38	59	223
38	22	559
38	84	223
38	37	783
38	793	111
38	86	111
38	112	111
38	483	335
38	424	111
38	156	111
38	60	223
38	127	111
38	58	335
38	186	111
38	21	1007
38	797	111
38	716	111
38	64	111
38	241	111
38	632	111
38	191	111
38	126	111
38	80	111
38	128	223
38	125	111
38	85	223
38	368	111
38	90	111
38	740	111
38	268	111
38	737	335
38	175	111
38	590	111
38	209	111
38	287	111
38	78	111
38	744	111
38	189	111
38	485	111
38	182	111
38	808	335
38	49	111
38	493	223
38	42	111
38	123	223
38	806	111
38	353	111
38	200	111
38	796	111
38	814	111
38	117	111
38	92	111
38	285	111
38	23	111
38	35	111
38	719	111
39	329	81
39	432	81
39	433	81
39	785	81
39	260	81
40	432	130
42	432	302
43	329	179
43	261	59
43	332	119
43	240	119
43	255	59
43	243	119
43	790	59
43	233	59
43	166	179
43	17	59
43	238	119
43	333	59
43	227	59
43	478	59
43	451	59
43	435	59
43	143	119
43	40	59
43	19	119
43	244	119
43	666	59
43	39	179
43	48	59
43	47	119
43	45	59
43	422	59
43	133	59
43	507	59
43	439	59
43	18	119
43	43	719
43	452	59
43	474	119
43	794	59
43	20	59
43	344	59
43	26	119
43	44	59
43	277	59
43	46	239
43	52	59
43	136	119
43	53	479
43	98	59
43	319	59
43	38	59
43	79	59
43	63	59
43	813	59
43	416	59
43	62	179
43	50	59
43	269	59
43	487	59
43	137	59
43	145	179
43	33	59
43	246	59
43	150	119
43	621	59
43	59	59
43	54	299
43	84	179
43	163	59
43	61	59
43	156	59
43	536	59
43	21	179
43	309	59
43	64	119
43	126	59
43	704	119
43	128	59
43	740	59
43	234	119
43	284	59
43	55	59
43	307	59
43	375	59
43	306	119
43	115	59
43	122	59
43	804	59
43	381	59
43	719	59
44	329	45
44	260	91
45	329	90
45	206	45
45	4	226
45	17	90
45	16	45
45	690	45
45	478	45
45	51	45
45	271	45
45	99	45
45	6	90
45	564	45
45	143	45
45	40	90
45	8	45
45	19	45
45	244	90
45	39	90
45	48	181
45	12	45
45	425	45
45	14	45
45	47	452
45	45	1041
45	133	45
45	339	90
45	724	45
45	151	45
45	18	45
45	43	90
45	7	45
45	794	90
45	31	45
45	20	135
45	221	45
45	44	226
45	46	45
45	52	181
45	187	90
45	142	45
45	77	90
45	136	45
45	53	181
45	98	45
45	38	90
45	391	45
45	813	45
45	717	90
45	50	135
45	68	45
45	220	45
45	359	45
45	164	45
45	729	45
45	59	45
45	757	45
45	516	45
45	37	90
45	202	45
45	797	90
45	279	45
45	195	45
45	55	45
45	168	45
45	703	45
45	230	45
45	808	45
45	702	45
45	42	90
45	659	45
45	661	45
45	802	45
45	92	45
45	681	45
45	285	45
46	329	108
46	326	216
46	432	108
46	260	108
48	329	61
48	432	61
48	261	61
48	260	61
49	432	159
51	329	174
51	432	174
51	261	174
51	260	87
51	332	87
51	240	261
51	733	348
51	324	87
51	233	87
51	17	87
51	16	174
51	554	87
51	320	87
51	232	174
51	51	2265
51	6	174
51	435	87
51	8	174
51	244	87
51	48	1220
51	14	435
51	47	348
51	504	87
51	45	87
51	752	87
51	619	87
51	507	87
51	155	174
51	734	87
51	18	348
51	7	174
51	20	174
51	121	87
51	44	348
51	303	174
51	160	87
51	46	261
51	52	610
51	142	261
51	77	174
51	136	174
51	53	261
51	38	87
51	63	87
51	813	87
51	29	87
51	50	87
51	68	261
51	124	87
51	280	87
51	379	87
51	110	87
51	736	87
51	137	87
51	69	174
51	409	174
51	145	87
51	282	87
51	246	87
51	41	87
51	84	87
51	81	87
51	65	522
51	634	87
51	398	87
51	60	87
51	266	87
51	177	87
51	64	174
51	70	87
51	125	87
51	268	87
51	234	174
51	195	87
51	209	87
51	183	261
51	78	261
51	249	87
51	74	348
51	182	435
51	313	87
51	305	87
51	49	87
51	203	87
51	200	87
51	76	87
51	739	87
51	146	87
51	719	87
52	433	100
55	261	35
56	620	80
56	432	80
57	432	145
58	433	152
58	261	152
59	329	116
59	432	233
59	260	116
61	329	79
61	620	79
61	332	79
61	206	79
61	733	79
61	324	79
61	233	158
62	329	146
62	326	146
62	327	146
62	244	292
62	32	146
62	47	146
62	340	146
62	43	438
62	651	146
62	67	292
62	129	146
62	26	146
62	44	146
62	160	146
62	46	146
62	577	146
62	98	146
62	308	146
62	79	146
62	63	438
62	135	146
62	62	292
62	68	584
62	738	292
62	736	146
62	137	292
62	145	146
62	33	146
62	560	146
62	59	146
62	54	292
62	61	146
62	65	146
62	58	146
62	636	146
62	64	146
62	80	146
62	70	146
62	85	146
62	526	146
62	154	146
62	78	292
62	74	146
62	49	146
62	123	146
62	285	146
62	24	146
63	329	61
63	332	61
63	4	305
63	166	61
63	17	61
63	732	61
63	99	61
63	453	61
63	6	183
63	143	122
63	438	61
63	559	61
63	39	61
63	12	61
63	14	61
63	47	61
63	264	61
63	133	122
63	43	61
63	474	61
63	298	61
63	67	244
63	20	61
63	346	61
63	303	61
63	515	61
63	543	61
63	136	61
63	53	61
63	98	61
63	308	61
63	79	122
63	63	183
63	809	61
63	135	122
63	62	183
63	68	61
63	481	61
63	137	61
63	409	61
63	145	61
63	403	61
63	455	61
63	540	61
63	84	61
63	81	61
63	793	61
63	61	61
63	65	122
63	272	61
63	494	122
63	716	61
63	64	61
63	241	61
63	234	61
63	66	61
63	154	61
63	78	244
63	55	61
63	530	61
63	138	61
63	291	183
63	347	61
63	144	61
63	761	122
63	23	61
64	432	128
65	261	139
66	433	194
67	329	96
67	433	192
67	261	96
67	260	96
67	332	192
67	240	96
67	228	96
67	233	96
71	326	280
73	329	91
73	326	91
73	733	91
73	243	91
73	153	91
73	143	182
73	40	91
73	19	91
73	12	91
73	14	91
73	502	91
73	264	91
73	155	91
73	724	91
73	72	182
73	340	91
73	734	91
73	67	456
73	160	91
73	52	91
73	77	91
73	56	91
73	68	182
73	137	91
73	69	273
73	141	91
73	529	91
73	748	91
73	246	182
73	73	273
73	150	91
73	86	91
73	65	91
73	156	91
73	131	91
73	139	91
73	82	91
73	125	91
73	287	91
73	78	91
73	74	91
73	509	91
73	313	91
73	799	91
73	806	91
73	815	91
73	144	91
73	25	91
73	285	91
73	761	91
73	804	91
74	329	149
74	4	149
74	96	74
74	238	149
74	232	74
74	442	74
74	327	74
74	51	524
74	386	74
74	8	149
74	48	74
74	12	149
74	47	74
74	647	74
74	72	149
74	67	74
74	187	224
74	53	74
74	700	74
74	62	74
74	50	674
74	124	74
74	137	74
74	69	299
74	84	74
74	163	74
74	274	74
74	156	74
74	266	149
74	64	74
74	85	74
74	78	74
74	74	149
74	252	74
74	138	74
74	118	74
74	802	74
77	432	59
77	433	29
78	432	87
78	261	87
79	620	38
79	432	38
79	433	38
79	261	38
80	329	91
80	240	91
80	255	91
81	432	116
82	432	168
82	261	168
84	326	87
85	329	211
85	206	635
85	733	211
85	790	211
85	239	211
85	438	211
85	40	211
85	39	635
85	32	211
85	426	211
85	521	211
85	133	211
85	724	635
85	338	211
85	43	211
85	298	211
85	794	211
85	614	211
85	31	211
85	129	423
85	26	211
85	52	211
85	38	423
85	79	211
85	706	211
85	57	423
85	135	211
85	637	211
85	231	211
85	124	211
85	33	423
85	290	211
85	59	847
85	540	211
85	22	211
85	84	1694
85	37	423
85	81	211
85	86	211
85	208	211
85	792	211
85	60	423
85	58	1058
85	311	211
85	797	211
85	531	211
85	126	211
85	128	423
85	85	423
85	723	635
85	93	211
85	55	423
85	74	211
85	485	211
85	83	847
85	703	211
85	808	211
85	148	211
85	42	211
85	285	423
85	28	211
87	620	43
87	326	43
90	433	134
91	432	544
91	433	544
92	432	794
93	432	80
95	329	864
95	243	864
95	96	2592
95	114	864
95	99	864
95	97	864
95	535	864
95	722	864
95	817	864
95	129	864
95	95	864
95	366	864
95	29	864
95	104	864
95	290	864
96	433	262
97	432	152
97	433	152
97	261	152
98	329	241
98	432	120
98	261	120
98	260	120
98	431	241
98	557	120
98	233	120
98	239	120
98	434	120
98	4	120
98	166	241
98	96	1690
98	270	483
98	451	120
98	271	120
98	99	362
98	97	1811
98	143	120
98	323	120
98	39	120
98	32	724
98	14	120
98	504	120
98	45	120
98	155	241
98	724	241
98	722	241
98	420	120
98	341	120
98	267	120
98	101	603
98	794	120
98	817	120
98	20	120
98	26	966
98	44	120
98	697	241
98	447	120
98	134	241
98	515	120
98	98	1690
98	63	120
98	624	120
98	411	120
98	100	603
98	717	120
98	130	241
98	809	603
98	29	120
98	57	241
98	135	120
98	62	120
98	124	120
98	220	120
98	110	120
98	409	120
98	145	120
98	33	362
98	322	120
98	290	120
98	152	120
98	358	120
98	54	120
98	84	120
98	61	120
98	112	120
98	398	120
98	194	120
98	131	120
98	512	120
98	716	120
98	351	120
98	397	241
98	90	966
98	234	120
98	527	120
98	213	120
98	287	120
98	102	120
98	486	120
98	103	603
98	349	120
98	295	120
98	148	120
98	307	120
98	799	120
98	530	120
98	223	120
98	283	241
98	203	120
98	105	845
98	378	120
98	751	120
98	106	362
98	117	120
98	25	120
98	681	120
98	285	120
98	30	120
99	432	133
99	433	133
99	261	133
101	329	163
101	433	327
101	240	163
101	430	163
101	4	327
101	732	163
101	441	163
101	99	819
101	475	163
101	97	163
101	699	327
101	143	163
101	429	163
101	48	163
101	32	983
101	428	163
101	339	163
101	722	327
101	101	3115
101	20	163
101	26	327
101	44	163
101	366	163
101	53	163
101	98	655
101	79	163
101	100	327
101	29	163
101	735	163
101	124	163
101	280	163
101	220	163
101	164	163
101	137	163
101	409	163
101	33	491
101	150	327
101	81	163
101	816	327
104	326	665
106	261	355
110	432	212
111	261	150
112	329	123
112	260	616
115	261	163
117	261	47
119	433	135
120	620	177
121	329	48
121	433	48
123	432	34
124	432	21
125	261	79
126	329	56
126	326	112
126	261	56
126	240	112
126	228	56
128	329	52
128	261	52
128	260	52
130	432	40
130	433	80
133	620	15
133	261	15
134	432	31
136	620	44
136	261	44
137	329	45
137	620	45
137	432	90
137	433	45
137	261	45
137	260	181
138	432	225
138	261	75
140	432	36
140	433	36
142	620	27
143	432	7
145	620	12
145	385	12
148	432	26
150	329	44
150	620	44
150	326	22
150	261	22
150	260	22
150	332	22
150	240	22
150	228	66
150	206	22
150	733	44
151	620	16
151	385	16
152	432	23
153	432	23
153	261	23
154	261	33
155	329	22
155	620	34
155	261	45
155	332	22
156	329	20
156	326	20
156	433	20
156	260	20
158	620	23
158	261	47
159	326	58
160	620	38
160	433	57
160	261	19
163	329	66
163	432	66
163	260	132
163	240	66
163	206	66
163	255	66
166	329	14
166	620	28
166	261	28
166	260	57
167	326	68
168	329	331
168	261	220
168	431	110
168	430	110
168	243	220
168	790	110
168	791	110
168	498	110
168	434	110
168	166	331
168	732	110
168	227	110
168	327	110
168	271	110
168	435	220
168	438	110
168	40	110
168	48	110
168	331	110
168	47	110
168	216	110
168	542	110
168	225	110
168	422	110
168	752	331
168	155	110
168	724	110
168	338	110
168	167	1103
168	263	110
168	402	110
168	794	220
168	693	110
168	303	110
168	187	110
168	513	220
168	473	110
168	136	110
168	416	110
168	499	110
168	199	110
168	735	110
168	68	110
168	231	110
168	132	110
168	124	110
168	280	331
168	164	110
168	137	110
168	371	220
168	141	220
168	212	110
168	317	110
168	59	110
168	84	110
168	364	110
168	86	110
168	398	110
168	169	441
168	281	110
168	797	110
168	197	220
168	531	110
168	125	110
168	36	110
168	302	110
168	183	220
168	284	110
168	235	110
168	78	110
168	178	110
168	189	110
168	168	220
168	360	110
168	87	110
168	509	220
168	305	110
168	312	110
168	799	110
168	123	110
168	149	110
168	756	110
171	385	670
173	329	125
173	433	376
173	332	250
173	240	125
173	206	125
173	166	125
173	114	878
173	153	125
173	451	125
173	453	125
173	97	125
173	40	125
175	326	182
175	432	182
175	261	182
178	433	278
180	329	326
180	432	326
180	433	163
180	261	163
180	332	815
180	228	163
180	430	326
180	255	652
183	620	309
186	385	167
187	329	74
187	385	148
187	433	148
187	260	74
187	733	74
187	243	148
187	233	74
188	433	219
189	329	83
189	432	83
189	260	83
189	332	83
189	240	167
189	733	83
189	629	83
189	233	83
190	261	366
193	261	202
195	326	163
196	261	69
199	329	71
199	433	71
199	733	71
199	324	71
199	790	142
199	321	71
199	143	71
199	264	142
199	45	71
199	133	142
199	155	71
199	18	142
199	341	71
199	794	71
199	129	71
199	44	71
199	134	71
199	136	71
199	79	214
199	199	357
199	738	71
199	164	71
199	409	71
199	282	428
199	362	71
199	317	71
199	86	71
199	169	71
199	202	71
199	281	71
199	272	142
199	728	142
199	812	71
199	195	71
199	284	142
199	349	71
199	161	71
199	198	142
199	200	71
199	805	71
201	620	88
202	432	40
202	261	81
205	432	52
206	329	6
206	433	6
206	261	6
206	260	20
208	329	61
208	326	61
208	432	61
208	206	61
208	166	61
208	732	61
208	690	61
208	320	61
208	747	61
208	333	61
208	2	61
208	559	61
208	504	61
208	428	61
208	422	61
208	724	61
208	338	61
208	794	61
208	121	61
208	277	61
208	558	61
208	366	61
208	140	61
208	642	61
208	132	61
208	110	61
208	164	123
208	150	61
208	273	184
208	317	123
208	597	61
208	163	123
208	816	61
208	205	61
208	208	615
208	634	61
208	58	61
208	202	307
208	241	61
208	704	61
208	85	61
208	195	61
208	664	61
208	158	123
208	161	246
208	400	61
208	203	61
208	138	61
208	679	61
209	432	114
213	326	27
213	433	27
215	326	27
215	432	27
216	329	12
216	261	38
216	332	50
218	433	18
218	261	18
219	620	41
221	329	36
221	228	73
221	325	36
221	233	36
221	791	36
221	498	36
221	732	36
221	270	36
221	772	36
221	262	73
221	99	36
221	39	36
221	630	36
221	216	147
221	225	36
221	422	36
221	752	36
221	133	36
221	155	36
221	340	36
221	263	36
221	341	36
221	496	36
221	415	36
221	402	36
221	265	36
221	794	36
221	20	36
221	221	73
221	344	36
221	44	36
221	303	36
221	160	36
221	515	36
221	308	36
221	416	110
221	706	36
221	130	36
221	218	36
221	220	36
221	736	36
221	294	36
221	246	36
221	273	36
221	597	36
221	762	36
221	112	110
221	792	36
221	501	110
221	131	73
221	272	36
221	797	36
221	309	36
221	350	36
221	328	36
221	287	73
221	102	36
221	87	36
221	224	36
221	230	36
221	219	36
221	148	36
221	493	36
221	192	36
221	395	36
221	640	36
221	210	36
221	575	110
221	25	36
221	641	36
221	157	36
223	432	61
225	329	12
225	620	12
225	326	12
225	260	12
225	332	12
225	240	61
225	228	12
225	430	12
226	432	16
227	261	8
231	326	28
231	432	28
231	261	28
232	326	5
232	261	5
233	620	14
234	261	41
235	620	32
236	329	204
236	432	68
236	261	136
236	260	136
236	240	681
236	228	204
236	431	68
236	206	68
236	255	68
236	733	204
236	790	136
236	233	68
236	166	136
236	238	68
236	690	68
236	320	68
236	258	136
236	232	68
236	153	68
236	259	272
236	442	204
236	327	136
236	435	68
236	386	68
236	244	68
236	323	68
236	666	136
236	225	68
236	237	340
236	585	68
236	474	68
236	226	68
236	794	136
236	26	68
236	303	68
236	308	68
236	319	68
236	700	68
236	242	68
236	256	68
236	236	408
236	276	68
236	231	68
236	269	68
236	218	68
236	137	68
236	150	136
236	455	68
236	417	68
236	757	68
236	205	68
236	111	68
236	494	68
236	410	68
236	217	68
236	707	68
236	302	68
236	328	68
236	352	204
236	235	204
236	249	68
236	485	68
236	299	68
236	702	68
236	307	68
236	799	68
236	806	68
236	640	68
236	800	68
236	824	68
237	329	34
237	620	34
237	326	34
237	432	102
237	433	34
237	261	34
237	260	102
237	332	34
237	240	136
237	228	34
237	430	68
240	329	10
240	620	10
240	326	10
240	432	10
240	433	10
240	261	52
240	260	41
241	432	19
242	432	22
242	261	22
243	432	4
244	329	17
244	620	8
244	432	8
244	433	25
244	261	8
244	260	25
244	332	8
244	240	8
244	228	17
244	430	8
244	206	8
246	261	22
252	326	49
253	261	125
255	326	3
255	261	57
256	329	107
256	326	107
256	261	107
256	785	53
256	260	377
256	332	53
256	240	53
256	255	646
256	243	53
256	325	53
256	239	53
256	321	53
256	166	53
256	732	53
256	270	107
256	227	53
256	232	107
256	153	107
256	259	161
256	262	53
256	330	53
256	451	53
256	453	53
256	592	161
256	666	53
256	425	53
256	789	107
256	264	53
256	225	53
256	675	53
256	237	53
256	613	53
256	155	53
256	339	53
256	585	53
256	263	107
256	810	53
256	267	107
256	474	107
256	780	53
256	298	53
256	265	53
256	693	53
256	547	53
256	591	53
256	366	53
256	134	107
256	642	53
256	53	53
256	770	53
256	256	107
256	38	53
256	79	53
256	257	53
256	236	107
256	104	53
256	379	53
256	738	53
256	110	53
256	587	53
256	137	53
256	69	53
256	211	53
256	282	53
256	246	53
256	403	107
256	710	53
256	59	161
256	816	53
256	792	53
256	318	53
256	797	107
256	531	53
256	704	53
256	80	53
256	397	53
256	368	53
256	279	53
256	229	53
256	49	53
256	106	53
256	285	53
257	329	47
257	432	47
257	260	94
257	332	47
257	240	142
257	228	47
257	430	47
257	255	47
257	733	47
257	243	142
257	434	47
257	321	47
257	554	47
257	258	284
257	270	47
257	333	47
257	227	47
257	232	47
257	153	47
257	772	47
257	259	189
257	330	47
257	453	47
257	6	47
257	564	47
257	244	142
257	666	94
257	12	47
257	331	47
257	47	47
257	561	47
257	752	47
257	155	94
257	562	47
257	412	47
257	298	47
257	693	47
257	44	47
257	602	47
257	277	47
257	303	47
257	503	47
257	698	47
257	319	47
257	242	47
257	444	47
257	257	142
257	236	47
257	130	142
257	50	47
257	124	47
257	738	47
257	481	47
257	33	47
257	445	47
257	389	47
257	152	47
257	516	47
257	793	47
257	634	47
257	266	47
257	315	47
257	180	47
257	704	47
257	665	47
257	664	47
257	158	47
257	307	47
257	113	47
257	123	47
257	283	47
257	815	47
257	631	47
257	285	47
257	251	47
257	758	47
258	385	23
258	433	46
258	261	93
259	329	29
259	433	43
259	261	43
259	260	161
260	329	8
260	620	44
260	326	44
260	432	8
260	261	71
260	260	179
261	329	25
261	620	25
261	326	37
261	432	12
261	261	88
261	785	12
261	260	163
261	332	37
261	240	25
261	431	12
261	430	12
262	329	35
262	620	17
262	326	17
262	432	17
262	433	17
262	261	71
262	260	53
262	332	35
262	240	17
262	228	17
262	431	17
262	430	35
262	255	71
262	324	17
262	790	17
262	233	35
262	239	17
262	321	71
262	320	53
262	258	17
262	270	71
262	232	17
262	262	89
262	271	53
262	453	35
262	6	17
262	386	35
262	244	17
262	666	17
262	331	17
262	607	17
262	47	17
262	461	17
262	746	17
262	789	35
262	428	17
262	422	17
262	605	17
262	237	35
262	507	17
262	338	17
262	151	17
262	562	17
262	340	17
262	263	125
262	341	17
262	497	17
262	265	17
262	221	17
262	121	17
262	602	17
262	423	17
262	303	35
262	625	17
262	160	17
262	778	17
262	336	17
262	314	17
262	662	17
262	515	17
262	611	17
262	136	17
262	308	35
262	319	53
262	700	17
262	586	17
262	604	17
262	256	17
262	448	17
262	257	17
262	56	17
262	479	17
262	337	35
262	29	17
262	637	17
262	269	17
262	280	35
262	220	35
262	164	17
262	529	17
262	145	17
262	648	17
262	322	17
262	455	35
262	480	17
262	273	71
262	22	17
262	588	17
262	205	17
262	398	17
262	127	17
262	519	17
262	266	17
262	272	17
262	494	17
262	797	35
262	531	17
262	410	17
262	583	17
262	241	17
262	777	17
262	526	17
262	36	17
262	737	17
262	279	17
262	302	17
262	287	35
262	486	17
262	78	17
262	360	17
262	299	17
262	295	17
262	493	17
262	203	17
262	201	17
262	304	35
262	573	17
262	285	35
262	779	17
262	381	17
263	329	46
263	326	23
263	432	92
263	261	23
263	260	161
263	332	46
263	240	46
263	431	23
263	255	46
263	243	69
263	691	23
263	324	23
263	791	46
263	239	23
263	166	23
263	437	23
263	615	23
264	620	28
264	261	28
265	620	21
265	326	151
265	432	64
265	433	21
265	261	64
266	620	49
267	620	40
267	261	20
270	432	20
270	433	10
271	326	76
271	261	38
272	620	47
272	433	189
273	326	81
273	432	40
273	261	81
274	432	42
277	329	0
277	432	0
277	433	0
277	261	0
279	326	9
279	432	9
279	385	9
279	433	27
279	261	45
280	329	4
280	620	4
280	260	8
281	329	34
281	326	34
281	432	34
281	433	68
281	260	102
281	332	34
281	240	68
282	329	49
282	432	149
282	261	49
282	260	149
283	326	3
284	432	140
284	261	422
285	620	4
285	326	1
285	432	1
286	432	46
287	329	35
287	620	11
287	326	11
287	432	11
287	261	11
287	260	11
287	332	11
287	206	23
287	733	11
287	790	11
287	498	11
287	434	11
287	4	11
287	321	11
287	17	11
287	320	11
287	333	11
287	259	11
287	442	11
287	327	11
287	262	23
287	689	11
287	441	23
287	451	11
287	453	11
287	438	11
287	8	11
287	666	23
287	559	11
287	607	11
287	504	23
287	461	11
287	630	11
287	216	11
287	649	11
287	334	11
287	523	23
287	263	11
287	810	11
287	651	11
287	794	11
287	372	11
287	693	11
287	221	23
287	121	23
287	602	11
287	303	47
287	489	11
287	336	11
287	187	11
287	393	11
287	140	11
287	611	11
287	642	11
287	98	11
287	700	11
287	411	11
287	173	11
287	600	11
287	124	11
287	280	11
287	220	11
287	738	11
287	709	11
287	371	11
287	141	11
287	294	11
287	282	47
287	33	11
287	524	11
287	73	11
287	389	11
287	152	11
287	273	11
287	317	11
287	793	11
287	300	47
287	205	11
287	483	11
287	58	23
287	519	11
287	266	11
287	202	35
287	281	35
287	301	82
287	311	23
287	553	11
287	126	11
287	82	11
287	728	11
287	526	11
287	90	11
287	436	11
287	36	11
287	812	11
287	188	11
287	737	11
287	175	11
287	287	23
287	795	23
287	744	11
287	189	11
287	360	11
287	485	11
287	299	35
287	165	11
287	71	11
287	799	35
287	530	11
287	375	23
287	198	11
287	673	11
287	201	23
287	304	23
287	631	11
287	378	23
287	291	11
287	396	11
287	193	11
287	117	23
287	472	11
287	779	11
287	381	11
291	261	58
292	326	205
295	620	140
295	432	140
295	261	281
296	432	140
296	261	281
298	329	45
298	326	45
298	432	135
298	433	45
298	261	45
298	260	90
299	432	252
300	329	110
300	432	55
300	385	110
300	261	110
300	260	55
300	332	110
300	240	55
300	430	55
300	255	55
300	233	55
300	498	55
300	238	55
300	320	55
300	333	55
300	259	55
300	453	110
300	475	55
300	435	55
300	386	166
300	592	55
300	32	55
300	504	55
300	561	110
300	155	55
300	420	55
300	734	55
300	267	55
300	496	110
300	651	55
300	226	55
300	298	775
300	476	55
300	419	55
300	303	387
300	46	55
300	515	55
300	577	55
300	308	166
300	319	55
300	706	55
300	477	55
300	735	55
300	377	55
300	68	55
300	280	55
300	738	55
300	481	55
300	371	55
300	211	110
300	294	110
300	145	55
300	282	55
300	33	55
300	524	55
300	389	55
300	214	55
300	685	110
300	84	55
300	163	55
300	793	55
300	300	277
300	205	55
300	127	55
300	131	55
300	202	55
300	335	110
300	301	554
300	494	55
300	797	55
300	180	55
300	397	166
300	279	166
300	302	387
300	287	166
300	795	166
300	284	55
300	486	55
300	286	55
300	299	110
300	148	55
300	172	55
300	307	166
300	42	110
300	375	110
300	119	55
300	296	55
300	283	55
300	727	55
300	275	55
300	304	55
300	378	110
300	751	55
300	291	55
300	120	55
300	292	55
300	285	55
300	288	110
303	329	40
303	432	161
303	385	40
303	261	40
303	260	161
304	261	222
305	326	2
305	261	2
307	620	5
307	326	2
308	329	8
308	620	8
308	432	8
308	261	24
308	260	41
311	326	46
311	432	46
311	385	46
311	433	46
311	261	46
312	620	2
313	432	4
314	432	31
315	329	52
315	261	104
315	260	52
315	332	52
315	431	52
315	430	52
315	255	52
315	629	52
315	732	52
315	320	52
315	453	52
315	652	52
315	584	52
315	244	52
315	32	52
315	428	52
315	133	104
315	622	52
315	505	52
315	338	104
315	263	52
315	341	104
315	298	52
315	265	52
315	794	52
315	344	52
315	598	52
315	697	52
315	783	52
315	579	52
315	336	156
315	314	52
315	53	52
315	308	208
315	479	52
315	130	52
315	522	52
315	316	104
315	735	52
315	348	52
315	280	52
315	294	52
315	322	104
315	342	52
315	389	52
315	729	52
315	317	52
315	793	104
315	196	52
315	816	52
315	65	52
315	208	52
315	792	52
315	482	52
315	186	52
315	311	52
315	315	364
315	797	52
315	531	52
315	716	52
315	730	52
315	180	52
315	82	52
315	279	52
315	175	52
315	78	52
315	753	104
315	189	52
315	349	104
315	360	52
315	230	52
315	182	52
315	375	52
315	149	52
315	491	52
315	751	52
315	345	52
315	408	52
315	117	52
315	681	52
315	285	52
316	326	32
317	432	100
317	433	50
318	329	22
318	432	22
318	433	22
318	261	22
318	332	22
318	431	22
318	255	22
318	733	22
318	243	22
318	324	22
318	239	22
318	437	22
318	227	22
318	259	66
318	475	22
318	564	22
318	244	22
318	47	22
318	789	66
318	151	22
318	334	22
318	418	22
318	263	22
318	341	89
318	267	22
318	298	44
318	625	22
318	336	22
318	393	22
318	700	22
318	256	22
318	706	22
318	411	22
318	173	22
318	276	22
318	280	44
318	220	22
318	738	22
318	110	22
318	481	44
318	137	44
318	282	44
318	358	22
318	417	22
318	364	66
318	816	44
318	781	22
318	318	66
318	272	44
318	410	44
318	128	22
318	125	22
318	753	22
318	360	22
318	299	22
318	275	22
318	721	22
318	106	22
318	408	22
318	818	22
319	433	30
319	261	91
320	620	17
320	432	5
320	261	17
321	326	19
321	432	19
321	433	6
321	261	64
322	329	0
322	326	1
322	261	0
323	329	53
323	620	13
323	326	26
323	432	13
323	433	13
323	785	13
323	260	40
323	332	53
323	240	26
323	228	13
323	206	13
323	255	13
323	629	13
323	324	40
323	790	53
323	4	13
323	321	67
323	554	13
323	320	53
323	270	26
323	333	13
323	227	13
323	327	13
323	610	13
323	330	13
323	271	13
323	435	13
323	564	13
323	244	40
323	763	40
323	323	120
323	607	13
323	47	26
323	502	13
323	504	13
323	630	13
323	561	13
323	216	13
323	789	53
323	264	13
323	387	13
323	422	13
323	605	13
323	622	13
323	507	13
323	784	26
323	338	40
323	334	26
323	340	26
323	734	13
323	263	13
323	18	13
323	810	13
323	474	26
323	298	13
323	265	40
323	614	13
323	372	13
323	693	13
323	129	13
323	26	13
323	419	13
323	367	13
323	134	13
323	662	26
323	515	26
323	136	13
323	577	13
323	98	13
323	319	13
323	700	53
323	813	13
323	750	13
323	100	13
323	236	13
323	130	13
323	337	40
323	357	13
323	637	13
323	124	13
323	359	13
323	738	13
323	481	13
323	487	13
323	137	40
323	294	13
323	282	13
323	654	13
323	342	13
323	389	13
323	152	13
323	273	26
323	742	13
323	399	13
323	685	26
323	520	13
323	86	13
323	65	13
323	205	26
323	398	40
323	781	13
323	536	13
323	58	13
323	582	13
323	583	13
323	126	13
323	704	13
323	528	13
323	526	26
323	356	13
323	209	13
323	178	13
323	744	13
323	664	13
323	349	13
323	182	13
323	148	13
323	609	26
323	375	13
323	149	13
323	275	26
323	684	13
323	769	13
323	190	13
323	115	13
323	682	26
323	184	13
323	285	26
323	754	13
323	680	13
324	329	206
324	620	15
324	326	63
324	432	15
324	433	31
324	261	47
324	260	63
324	332	127
324	228	31
324	431	63
324	430	31
324	206	47
324	255	63
324	733	31
324	243	15
324	324	206
324	790	79
324	325	15
324	233	31
324	791	63
324	434	31
324	4	15
324	321	111
324	166	15
324	732	31
324	16	15
324	690	15
324	320	47
324	270	31
324	333	31
324	153	15
324	259	31
324	327	15
324	262	79
324	610	15
324	330	15
324	451	63
324	453	63
324	699	15
324	435	63
324	564	47
324	143	15
324	438	31
324	592	15
324	244	15
324	429	31
324	323	63
324	12	15
324	331	15
324	47	15
324	428	31
324	264	31
324	387	15
324	422	15
324	237	15
324	155	15
324	638	15
324	505	31
324	151	31
324	334	79
324	523	15
324	340	15
324	734	15
324	18	47
324	341	63
324	452	15
324	402	15
324	265	15
324	794	15
324	414	15
324	476	15
324	277	15
324	419	15
324	303	47
324	625	15
324	366	15
324	579	15
324	160	15
324	503	15
324	187	15
324	611	15
324	136	47
324	642	15
324	577	15
324	308	15
324	319	15
324	700	15
324	242	15
324	79	15
324	706	15
324	257	15
324	411	31
324	130	15
324	199	15
324	377	31
324	231	31
324	745	15
324	124	15
324	280	15
324	220	15
324	538	15
324	137	31
324	581	15
324	69	31
324	211	15
324	529	31
324	282	15
324	41	15
324	322	31
324	710	15
324	290	15
324	152	31
324	417	15
324	540	15
324	685	15
324	364	31
324	793	15
324	811	15
324	816	31
324	65	15
324	205	15
324	449	15
324	112	31
324	274	31
324	634	15
324	572	15
324	398	15
324	792	15
324	533	15
324	127	15
324	139	15
324	266	15
324	582	15
324	301	15
324	525	15
324	797	15
324	716	15
324	309	15
324	64	15
324	180	15
324	617	15
324	749	15
324	128	15
324	125	15
324	350	15
324	356	15
324	812	15
324	234	31
324	279	31
324	175	15
324	195	15
324	795	15
324	284	15
324	78	15
324	229	15
324	518	15
324	744	15
324	394	15
324	349	15
324	360	15
324	299	15
324	215	15
324	470	15
324	468	15
324	230	15
324	313	31
324	530	15
324	149	31
324	296	15
324	343	15
324	252	15
324	756	15
324	401	15
324	306	15
324	201	15
324	138	15
324	76	15
324	345	15
324	408	15
324	347	15
324	297	15
324	293	15
324	759	15
324	819	15
325	329	7
325	326	40
325	261	3
325	260	3
325	332	3
325	240	7
325	430	7
325	255	3
325	733	3
325	243	3
325	629	3
325	324	11
325	325	33
325	233	3
325	434	3
325	321	11
325	578	3
325	238	3
325	772	3
325	442	3
325	327	11
325	330	7
325	271	3
325	453	3
325	438	3
325	429	3
325	323	3
325	504	3
325	339	3
325	338	3
325	340	3
325	420	3
325	18	3
325	341	3
325	780	3
325	298	3
325	643	3
325	614	7
325	414	3
325	221	3
325	303	3
325	662	3
325	53	3
325	604	7
325	256	3
325	706	3
325	337	3
325	738	3
325	529	3
325	145	3
325	322	7
325	150	3
325	654	3
325	342	3
325	273	3
325	742	3
325	54	3
325	335	7
325	170	3
325	632	3
325	528	3
325	125	3
325	526	3
325	436	3
325	209	3
325	360	3
325	158	3
325	83	3
325	573	3
325	144	3
325	292	3
325	285	7
325	713	3
325	761	3
326	329	186
326	326	726
326	432	55
326	433	18
326	261	37
326	260	74
326	332	149
326	240	18
326	431	37
326	430	37
326	255	37
326	557	18
326	691	18
326	324	111
326	325	223
326	791	93
326	321	74
326	238	37
326	320	18
326	270	18
326	333	74
326	232	18
326	442	55
326	327	111
326	262	18
326	330	55
326	271	37
326	475	37
326	8	18
326	429	18
326	323	74
326	426	37
326	428	18
326	225	37
326	580	37
326	565	18
326	752	18
326	605	18
326	237	18
326	133	18
326	339	18
326	585	18
326	334	37
326	167	18
326	263	18
326	412	18
326	452	18
326	298	18
326	265	93
326	794	18
326	614	93
326	419	37
326	366	18
326	579	18
326	46	37
326	642	18
326	577	37
326	608	18
326	256	37
326	448	18
326	499	18
326	257	18
326	809	18
326	316	18
326	62	18
326	600	18
326	231	18
326	709	18
326	736	18
326	73	18
326	322	111
326	150	37
326	342	18
326	540	37
326	84	18
326	364	55
326	816	18
326	427	37
326	449	18
326	634	18
326	156	18
326	266	18
326	281	18
326	335	18
326	315	18
326	632	111
326	126	18
326	488	18
326	397	18
326	279	18
326	195	18
326	328	37
326	569	55
326	159	18
326	87	18
326	660	18
326	702	18
326	305	18
326	307	18
326	71	18
326	252	18
326	283	18
326	363	18
326	806	18
326	573	37
326	407	18
326	347	18
326	285	18
326	719	18
327	329	229
327	326	88
327	432	35
327	261	53
327	260	70
327	332	17
327	240	17
327	430	17
327	255	35
327	324	35
327	790	70
327	325	70
327	233	17
327	791	17
327	321	35
327	96	17
327	238	17
327	270	35
327	333	70
327	227	17
327	232	17
327	259	17
327	327	70
327	610	35
327	330	88
327	441	17
327	451	17
327	453	88
327	699	17
327	435	53
327	564	17
327	386	17
327	323	53
327	47	17
327	426	17
327	746	17
327	789	17
327	565	17
327	752	17
327	237	17
327	338	53
327	562	17
327	334	35
327	420	17
327	341	17
327	452	70
327	651	17
327	388	17
327	497	17
327	265	17
327	794	17
327	346	17
327	277	17
327	423	17
327	303	35
327	579	17
327	503	17
327	623	17
327	513	17
327	77	17
327	577	35
327	98	17
327	308	35
327	700	17
327	604	17
327	416	17
327	444	17
327	257	17
327	236	17
327	567	17
327	276	17
327	377	17
327	231	17
327	348	17
327	110	17
327	487	17
327	581	17
327	403	17
327	322	35
327	362	35
327	150	35
327	290	17
327	273	17
327	59	17
327	65	17
327	424	17
327	266	17
327	202	17
327	335	17
327	797	17
327	550	17
327	351	17
327	180	17
327	248	35
327	589	17
327	495	17
327	704	17
327	279	17
327	737	17
327	328	35
327	78	17
327	249	35
327	168	35
327	74	17
327	299	17
327	470	17
327	148	17
327	530	17
327	149	17
327	106	17
327	285	35
327	719	17
328	329	35
328	326	70
328	261	70
328	332	35
328	733	35
328	434	35
328	321	70
328	16	35
328	333	35
328	327	70
328	330	35
328	461	35
328	561	70
328	339	35
328	562	35
328	452	141
328	474	35
328	388	35
328	552	35
328	303	70
328	136	35
328	135	35
328	280	35
328	137	35
328	560	35
328	205	35
328	483	35
328	127	35
328	531	35
328	180	35
328	728	35
328	328	70
328	470	70
328	345	35
328	803	35
328	285	35
328	355	35
329	329	54
329	620	2
329	326	29
329	432	4
329	261	9
329	260	2
329	332	14
329	240	4
329	430	2
329	206	4
329	255	2
329	629	2
329	691	12
329	324	32
329	325	2
329	791	2
329	434	2
329	4	34
329	166	4
329	17	12
329	437	2
329	732	2
329	16	2
329	258	2
329	333	12
329	772	4
329	259	7
329	442	4
329	327	32
329	262	4
329	689	2
329	610	2
329	694	2
329	330	7
329	451	7
329	51	4
329	453	2
329	475	2
329	6	2
329	435	2
329	564	2
329	143	2
329	438	2
329	541	2
329	592	9
329	456	2
329	8	4
329	19	2
329	244	2
329	429	2
329	323	9
329	666	2
329	555	4
329	48	2
329	12	2
329	425	4
329	14	2
329	504	4
329	746	4
329	428	4
329	542	4
329	521	2
329	647	4
329	45	4
329	565	2
329	752	2
329	619	7
329	675	2
329	237	2
329	133	2
329	11	4
329	618	2
329	505	2
329	339	9
329	334	2
329	523	2
329	734	4
329	418	2
329	263	4
329	341	2
329	412	2
329	43	2
329	452	2
329	474	2
329	415	4
329	402	2
329	298	2
329	614	7
329	817	4
329	67	4
329	20	12
329	121	2
329	602	2
329	546	4
329	277	2
329	303	2
329	625	2
329	366	2
329	697	2
329	46	4
329	503	2
329	778	2
329	187	2
329	662	2
329	543	2
329	577	2
329	98	2
329	308	2
329	586	7
329	242	2
329	604	2
329	256	4
329	38	7
329	813	2
329	448	4
329	416	4
329	706	2
329	257	2
329	750	2
329	236	7
329	130	2
329	337	7
329	29	2
329	173	2
329	357	2
329	62	2
329	745	2
329	481	2
329	137	2
329	141	2
329	409	2
329	748	2
329	73	4
329	403	2
329	322	4
329	150	4
329	455	2
329	389	7
329	710	2
329	212	2
329	152	2
329	317	2
329	59	4
329	742	2
329	757	4
329	399	2
329	685	2
329	163	2
329	762	2
329	364	2
329	61	2
329	300	4
329	755	2
329	112	2
329	169	2
329	501	2
329	482	2
329	156	2
329	533	2
329	335	4
329	318	2
329	582	2
329	636	2
329	671	2
329	315	4
329	797	2
329	177	2
329	531	2
329	64	2
329	583	2
329	351	2
329	563	2
329	126	4
329	704	2
329	128	2
329	5	2
329	36	2
329	328	2
329	464	2
329	287	2
329	795	4
329	788	2
329	168	7
329	74	4
329	725	2
329	530	2
329	375	2
329	508	2
329	573	2
329	378	2
329	396	2
329	345	2
329	802	2
329	30	2
329	23	2
330	329	44
330	326	26
330	432	35
330	385	8
330	433	17
330	261	17
330	260	8
330	332	8
330	431	8
330	430	8
330	255	17
330	243	8
330	629	17
330	324	8
330	790	17
330	325	26
330	434	8
330	321	8
330	16	8
330	238	8
330	320	8
330	258	17
330	333	8
330	227	8
330	259	8
330	327	44
330	330	44
330	451	8
330	99	8
330	435	8
330	564	26
330	143	8
330	244	8
330	323	8
330	47	8
330	237	8
330	585	8
330	420	17
330	167	8
330	474	8
330	298	8
330	265	17
330	9	8
330	26	8
330	303	8
330	366	8
330	142	8
330	515	8
330	473	8
330	308	17
330	700	26
330	256	8
330	416	8
330	706	8
330	257	8
330	337	8
330	735	8
330	745	8
330	379	8
330	481	8
330	362	17
330	540	8
330	811	8
330	61	8
330	711	8
330	519	8
330	272	17
330	704	8
330	328	8
330	224	8
330	530	8
330	149	8
330	105	8
330	751	8
330	575	8
330	25	8
331	432	182
332	329	81
332	326	57
332	432	106
332	433	8
332	261	24
332	260	65
332	332	425
332	240	8
332	228	8
332	431	49
332	430	40
332	206	8
332	255	40
332	733	8
332	243	8
332	557	8
332	629	24
332	324	57
332	790	24
332	233	8
332	791	57
332	239	8
332	434	98
332	437	8
332	554	16
332	578	8
332	320	16
332	114	8
332	258	16
332	333	49
332	227	8
332	153	32
332	259	57
332	262	16
332	689	8
332	610	8
332	330	8
332	441	8
332	451	40
332	453	73
332	475	8
332	652	8
332	435	32
332	564	32
332	143	8
332	438	16
332	8	8
332	584	8
332	244	16
332	323	16
332	666	8
332	39	8
332	32	8
332	331	8
332	425	16
332	502	8
332	504	16
332	426	8
332	561	32
332	216	40
332	789	8
332	428	8
332	264	8
332	225	8
332	422	16
332	605	8
332	237	8
332	155	8
332	505	8
332	724	8
332	338	32
332	562	16
332	334	16
332	420	16
332	340	24
332	167	8
332	418	8
332	263	16
332	341	32
332	412	16
332	452	16
332	474	24
332	496	8
332	415	16
332	402	8
332	298	16
332	497	8
332	265	8
332	794	16
332	614	16
332	817	8
332	67	8
332	20	16
332	9	8
332	26	8
332	602	16
332	423	8
332	303	24
332	625	8
332	697	16
332	160	8
332	367	8
332	52	8
332	142	24
332	611	16
332	642	8
332	53	16
332	308	16
332	319	24
332	700	16
332	604	24
332	256	16
332	38	8
332	79	24
332	444	8
332	257	8
332	236	16
332	479	8
332	130	8
332	809	8
332	173	16
332	316	8
332	135	8
332	218	8
332	348	8
332	124	24
332	280	16
332	220	8
332	738	16
332	709	16
332	110	16
332	481	8
332	538	8
332	164	8
332	137	8
332	581	8
332	141	8
332	529	8
332	409	16
332	282	16
332	33	16
332	322	16
332	362	16
332	480	8
332	560	8
332	342	8
332	729	8
332	273	16
332	317	8
332	59	8
332	399	32
332	22	8
332	520	8
332	86	8
332	793	16
332	816	8
332	61	8
332	571	16
332	300	16
332	755	16
332	205	8
332	449	8
332	539	8
332	274	8
332	424	8
332	572	8
332	398	8
332	111	8
332	792	8
332	156	8
332	127	8
332	131	8
332	58	8
332	266	8
332	202	8
332	281	8
332	318	16
332	272	8
332	311	8
332	315	8
332	797	8
332	531	16
332	64	8
332	180	24
332	191	8
332	704	24
332	707	8
332	728	8
332	368	8
332	526	8
332	446	8
332	436	32
332	188	8
332	356	16
332	268	8
332	737	8
332	279	8
332	175	8
332	421	8
332	328	8
332	464	8
332	352	8
332	569	8
332	287	8
332	284	8
332	486	8
332	235	8
332	249	16
332	753	8
332	159	8
332	168	8
332	360	8
332	224	8
332	299	8
332	215	16
332	83	8
332	703	8
332	230	8
332	313	8
332	148	8
332	307	8
332	799	8
332	493	8
332	659	16
332	123	16
332	375	8
332	149	16
332	384	8
332	283	8
332	203	8
332	491	8
332	390	8
332	304	8
332	573	8
332	626	8
332	190	8
332	408	8
332	682	8
332	144	8
332	575	8
332	278	8
332	641	16
332	739	8
332	544	8
332	373	16
332	713	8
332	761	8
332	658	8
332	381	24
332	758	8
332	15	8
332	35	8
332	570	16
332	719	16
333	329	124
333	326	35
333	432	53
333	433	35
333	261	35
333	260	35
333	332	124
333	240	89
333	431	35
333	430	53
333	324	53
333	790	124
333	233	53
333	791	89
333	321	17
333	732	17
333	320	35
333	258	17
333	333	160
333	153	17
333	772	17
333	327	71
333	694	17
333	330	35
333	451	71
333	271	17
333	97	17
333	435	35
333	564	35
333	143	53
333	541	17
333	456	17
333	323	35
333	39	17
333	425	17
333	502	17
333	504	17
333	426	17
333	216	17
333	789	35
333	422	17
333	507	17
333	339	35
333	724	17
333	338	35
333	151	17
333	766	35
333	562	17
333	341	53
333	452	35
333	474	35
333	402	17
333	298	35
333	265	35
333	794	35
333	372	53
333	817	17
333	221	17
333	44	17
333	423	17
333	303	35
333	625	17
333	366	35
333	160	17
333	503	35
333	778	17
333	142	35
333	140	17
333	515	17
333	642	17
333	770	17
333	308	53
333	319	53
333	448	17
333	706	35
333	56	17
333	337	35
333	735	17
333	600	17
333	231	17
333	280	17
333	220	17
333	359	17
333	164	35
333	409	35
333	524	17
333	403	17
333	445	17
333	480	17
333	342	17
333	389	17
333	290	35
333	152	35
333	399	17
333	793	17
333	811	17
333	571	17
333	300	17
333	755	17
333	205	17
333	449	17
333	111	17
333	169	17
333	536	17
333	202	35
333	335	71
333	186	17
333	301	17
333	494	17
333	797	35
333	774	17
333	716	17
333	309	17
333	730	17
333	64	17
333	217	35
333	526	17
333	446	17
333	356	17
333	737	17
333	741	17
333	284	17
333	162	53
333	664	17
333	249	17
333	788	17
333	360	17
333	295	17
333	172	17
333	42	17
333	673	17
333	640	17
333	275	35
333	138	17
333	291	35
333	407	17
333	656	17
333	106	17
333	408	17
333	115	17
333	288	17
333	713	35
334	329	27
334	326	55
334	433	27
334	260	55
334	332	27
334	430	27
334	324	83
334	791	83
334	4	27
334	732	27
334	320	83
334	259	27
334	327	55
334	262	27
334	451	27
334	435	27
334	592	27
334	244	27
334	789	27
334	225	27
334	339	27
334	724	27
334	338	27
334	263	55
334	341	27
334	43	27
334	780	27
334	298	83
334	794	27
334	817	55
334	121	27
334	543	27
334	577	27
334	319	27
334	38	27
334	444	27
334	337	27
334	173	27
334	316	27
334	269	27
334	359	27
334	487	27
334	581	27
334	145	27
334	524	27
334	205	55
334	266	55
334	202	27
334	318	83
334	730	27
334	589	27
334	528	27
334	80	27
334	767	27
334	737	27
334	154	27
334	230	27
334	702	27
334	291	27
335	329	2
335	326	2
335	261	2
336	432	26
337	329	35
337	261	35
337	260	105
337	240	35
337	431	35
337	430	70
337	790	70
338	329	26
338	433	52
338	261	52
338	260	79
339	329	114
339	620	28
339	326	28
339	432	114
339	260	28
339	430	114
339	325	28
339	233	28
339	791	57
339	437	142
339	258	28
339	333	57
339	453	28
339	475	142
339	438	28
339	429	57
339	666	28
339	559	28
339	425	57
339	426	28
339	561	142
339	264	28
339	45	57
339	339	85
339	338	85
339	334	28
339	340	85
339	418	114
339	263	28
339	341	85
339	412	28
339	474	28
339	101	28
339	265	28
339	414	28
339	303	28
339	142	28
339	473	28
339	611	28
339	642	28
339	53	28
339	308	57
339	256	28
339	199	28
339	173	28
339	637	28
339	269	28
339	348	28
339	164	28
339	409	57
339	748	28
339	362	57
339	150	28
339	729	28
339	84	28
339	61	85
339	582	28
339	64	28
339	351	28
339	397	28
339	767	28
339	446	28
339	159	28
339	660	57
339	148	28
339	307	28
339	493	28
339	192	28
339	119	28
339	200	28
339	796	28
339	679	28
339	193	57
340	329	14
340	432	14
340	261	7
340	260	7
340	332	21
340	228	7
340	430	29
340	255	7
340	325	7
340	434	7
340	732	7
340	578	7
340	320	7
340	227	7
340	232	7
340	262	7
340	51	7
340	99	7
340	475	14
340	6	7
340	435	14
340	143	7
340	429	14
340	323	14
340	425	14
340	14	7
340	504	7
340	630	7
340	746	7
340	428	7
340	422	7
340	638	7
340	339	21
340	338	21
340	722	7
340	420	29
340	340	116
340	418	14
340	18	7
340	341	65
340	43	7
340	474	7
340	415	21
340	693	7
340	67	7
340	20	7
340	476	43
340	221	7
340	346	7
340	44	7
340	277	7
340	552	7
340	419	21
340	366	7
340	697	7
340	46	7
340	577	7
340	308	7
340	319	14
340	38	7
340	416	7
340	257	7
340	411	7
340	130	7
340	337	14
340	357	7
340	62	7
340	348	14
340	124	7
340	487	7
340	538	7
340	371	7
340	409	7
340	73	7
340	362	7
340	480	7
340	342	7
340	729	7
340	417	43
340	685	7
340	701	7
340	364	21
340	398	7
340	156	14
340	281	7
340	440	14
340	582	7
340	636	7
340	531	7
340	583	7
340	126	7
340	128	7
340	767	14
340	125	14
340	356	7
340	349	7
340	224	7
340	702	7
340	307	14
340	799	7
340	192	7
340	395	7
340	727	7
340	679	7
340	13	7
340	381	7
340	28	7
341	329	3
341	620	1
341	326	2
341	432	1
341	433	4
341	332	3
341	240	4
341	228	1
341	431	2
341	430	1
341	255	2
341	557	1
341	324	1
341	790	1
341	791	1
341	17	1
341	615	1
341	578	1
341	270	2
341	333	3
341	232	1
341	478	1
341	442	1
341	327	2
341	262	2
341	694	1
341	330	1
341	451	1
341	271	1
341	453	1
341	435	1
341	386	1
341	541	2
341	19	1
341	323	1
341	666	2
341	425	1
341	47	1
341	561	1
341	216	2
341	428	1
341	264	2
341	675	1
341	638	1
341	618	1
341	505	2
341	439	1
341	506	1
341	339	6
341	72	1
341	338	13
341	568	1
341	334	1
341	420	2
341	340	8
341	418	4
341	263	2
341	341	3
341	412	2
341	452	2
341	474	2
341	402	1
341	298	1
341	7	1
341	372	2
341	414	1
341	344	1
341	591	1
341	121	1
341	423	1
341	552	1
341	419	2
341	303	2
341	697	1
341	447	1
341	778	1
341	336	1
341	314	1
341	367	1
341	623	2
341	393	1
341	515	3
341	473	1
341	642	1
341	98	1
341	308	1
341	319	1
341	700	2
341	586	1
341	38	1
341	411	1
341	56	1
341	750	1
341	337	6
341	173	1
341	276	2
341	637	1
341	600	1
341	124	1
341	220	1
341	137	1
341	371	1
341	69	2
341	294	2
341	409	1
341	282	2
341	524	1
341	460	1
341	362	2
341	150	4
341	342	3
341	358	1
341	729	3
341	273	1
341	417	4
341	317	1
341	59	2
341	540	4
341	798	1
341	516	3
341	37	1
341	588	1
341	364	4
341	793	1
341	571	1
341	205	1
341	449	2
341	274	1
341	483	1
341	792	2
341	482	2
341	533	1
341	266	2
341	335	1
341	318	2
341	582	1
341	512	1
341	494	1
341	410	1
341	716	2
341	510	1
341	309	1
341	64	1
341	351	1
341	180	1
341	126	1
341	589	1
341	82	2
341	704	2
341	488	3
341	397	3
341	350	1
341	368	1
341	90	1
341	436	1
341	188	1
341	356	2
341	413	1
341	279	2
341	175	1
341	213	1
341	154	1
341	795	1
341	229	1
341	517	1
341	349	1
341	253	1
341	360	2
341	299	1
341	509	1
341	657	1
341	230	2
341	313	1
341	702	1
341	49	1
341	192	1
341	530	1
341	395	1
341	756	2
341	751	1
341	291	2
341	626	1
341	76	1
341	408	2
341	115	1
341	354	1
341	185	1
341	207	1
342	329	27
342	620	13
342	432	13
342	785	13
342	332	13
342	255	13
342	557	13
342	325	13
342	791	13
342	434	13
342	166	13
342	96	13
342	578	13
342	747	27
342	478	41
342	327	13
342	262	13
342	694	27
342	99	13
342	475	41
342	435	13
342	564	55
342	386	13
342	541	27
342	592	13
342	666	13
342	561	13
342	216	13
342	428	13
342	647	13
342	133	13
342	507	13
342	155	27
342	724	13
342	523	13
342	341	69
342	265	13
342	372	27
342	31	13
342	817	13
342	414	69
342	344	69
342	26	13
342	602	13
342	598	13
342	423	13
342	419	13
342	606	13
342	625	27
342	308	13
342	700	27
342	608	13
342	624	13
342	477	13
342	337	13
342	357	13
342	348	13
342	379	27
342	359	13
342	481	13
342	487	13
342	294	13
342	529	13
342	409	55
342	150	13
342	455	13
342	480	13
342	342	97
342	364	13
342	793	13
342	755	13
342	112	13
342	483	27
342	634	13
342	398	13
342	169	27
342	202	13
342	281	13
342	315	13
342	531	13
342	309	13
342	351	13
342	528	13
342	749	13
342	777	13
342	204	13
342	436	13
342	302	13
342	162	13
342	744	41
342	753	13
342	788	13
342	349	55
342	295	13
342	192	13
342	296	13
342	390	13
342	105	13
342	631	13
342	378	13
342	751	13
342	291	13
342	396	27
342	345	27
342	803	13
342	285	13
342	373	27
342	818	13
344	329	16
344	261	16
344	260	33
344	431	16
344	255	16
344	791	16
344	732	16
344	320	16
344	561	16
344	647	16
344	506	16
344	338	82
344	341	33
344	43	16
344	415	16
344	265	66
344	794	16
344	372	49
344	221	16
344	344	149
344	303	16
344	489	33
344	160	16
344	447	16
344	38	16
344	110	16
344	164	16
344	137	16
344	371	16
344	409	49
344	342	82
344	389	16
344	273	33
344	84	16
344	424	16
344	311	16
344	315	16
344	410	16
344	730	16
344	563	16
344	279	16
344	753	16
344	670	16
344	305	16
344	119	16
344	296	16
344	756	16
344	365	16
344	459	16
344	345	16
345	329	4
345	620	4
345	432	4
345	433	4
345	260	8
345	332	4
345	430	8
345	206	4
345	324	8
345	694	4
345	435	4
345	630	4
345	264	4
345	507	4
345	439	4
345	420	8
345	340	4
345	18	4
345	344	4
345	160	4
345	367	4
345	642	8
345	706	4
345	130	4
345	357	4
345	348	8
345	359	8
345	409	4
345	362	4
345	480	4
345	342	8
345	710	4
345	540	4
345	798	4
345	84	4
345	364	8
345	816	4
345	634	8
345	792	4
345	315	4
345	180	4
345	704	4
345	397	4
345	526	4
345	356	8
345	328	4
345	183	4
345	349	4
345	360	4
345	509	4
345	530	4
345	401	4
345	306	4
345	245	4
345	347	4
346	432	2
346	433	0
346	261	0
347	326	5
348	620	5
348	261	5
349	329	10
349	620	10
349	260	10
349	332	10
349	430	10
349	206	21
349	629	10
349	324	10
349	96	10
349	610	10
349	564	10
349	386	21
349	438	10
349	592	21
349	666	10
349	502	10
349	630	10
349	426	10
349	789	10
349	11	10
349	155	10
349	638	10
349	339	10
349	562	10
349	420	10
349	340	10
349	167	10
349	263	10
349	341	10
349	412	32
349	780	10
349	794	21
349	372	10
349	414	10
349	552	10
349	393	10
349	515	10
349	308	10
349	700	21
349	242	10
349	624	10
349	257	10
349	411	54
349	477	10
349	750	10
349	717	10
349	199	10
349	337	10
349	316	10
349	637	21
351	329	132
351	261	264
351	240	132
351	431	132
351	255	132
351	243	132
351	790	132
351	233	132
351	320	132
351	333	132
351	327	132
351	271	264
351	99	132
351	453	132
351	386	264
351	429	132
351	439	132
351	339	132
351	338	132
351	334	264
351	420	132
351	471	132
351	341	132
351	412	132
351	497	528
351	265	132
351	476	132
351	547	132
351	546	132
351	419	132
351	303	132
351	336	132
351	140	132
351	515	528
351	770	132
351	348	396
351	538	264
351	409	264
351	403	925
351	362	396
351	540	132
351	516	132
351	364	132
351	793	264
351	483	132
351	58	132
351	519	132
351	311	132
351	716	132
351	309	132
351	351	1189
351	126	132
351	488	132
351	350	264
351	356	132
351	737	132
351	352	132
351	103	132
351	360	396
351	406	132
351	230	132
351	631	132
351	544	132
351	374	132
351	818	132
352	432	305
356	433	69
357	385	42
357	261	42
360	432	216
360	385	108
362	261	6
363	326	1
364	326	148
364	433	99
365	261	75
366	329	84
366	432	84
366	385	84
366	433	84
366	785	84
367	432	90
367	261	90
368	433	224
371	329	233
371	433	467
371	261	233
371	430	233
371	239	233
371	434	233
371	732	233
371	478	233
371	259	233
371	6	233
371	386	233
371	456	467
371	264	233
371	422	467
371	752	233
371	133	233
371	155	233
371	734	233
371	341	233
371	298	233
371	497	935
371	614	233
371	344	233
371	44	233
371	277	701
371	366	935
371	160	233
371	367	3039
371	393	467
371	577	233
371	308	467
371	522	233
371	348	233
371	280	233
371	110	233
371	371	2337
371	748	233
371	480	467
371	516	233
371	364	467
371	300	467
371	792	467
371	494	233
371	170	233
371	511	233
371	563	233
371	397	233
371	368	935
371	812	233
371	268	233
371	302	233
371	287	233
371	518	233
371	168	233
371	349	233
371	158	233
371	161	233
371	756	233
371	106	233
371	373	233
372	326	16
372	261	16
373	385	194
373	261	389
375	261	81
376	326	138
377	432	121
378	329	143
378	385	143
378	239	143
378	96	143
378	238	143
378	259	430
378	244	286
378	789	143
378	133	143
378	367	143
378	316	143
378	735	143
378	377	573
378	379	1578
378	294	717
378	33	143
378	342	143
378	793	143
378	811	143
378	300	286
378	792	143
378	194	143
378	281	143
378	311	143
378	553	286
378	180	143
378	488	143
378	397	143
378	737	143
378	302	143
378	213	143
378	287	430
378	795	143
378	286	143
378	664	143
378	116	143
378	295	573
378	313	143
378	305	143
378	71	143
378	400	143
378	375	1004
378	296	143
378	363	143
378	796	143
378	378	1147
378	291	143
378	376	143
378	297	143
378	380	143
378	382	286
378	761	143
378	804	143
378	383	143
379	620	16
381	620	270
381	432	541
383	385	227
384	385	148
385	385	42
386	432	82
386	385	987
386	433	41
386	261	41
387	385	299
388	261	281
389	329	252
389	385	1011
389	433	252
390	385	563
391	385	406
393	432	62
393	385	124
393	261	62
395	433	52
397	432	65
397	385	65
398	432	113
398	385	113
399	329	42
399	261	42
399	260	85
400	432	89
402	329	61
402	620	61
402	433	61
402	332	61
402	240	61
402	431	61
402	629	61
402	324	61
402	791	61
402	732	122
402	333	61
402	772	61
402	442	61
402	441	61
402	426	61
402	428	61
402	225	61
402	675	61
402	133	61
402	155	122
402	338	61
402	341	61
402	412	61
402	402	855
402	414	122
402	476	61
402	221	61
402	489	61
402	142	61
402	700	61
402	813	61
402	448	122
402	130	61
402	316	61
402	357	122
402	348	61
402	280	61
402	481	244
402	736	61
402	487	61
402	137	61
402	409	61
402	524	61
402	403	122
402	460	61
402	362	61
402	480	427
402	540	61
402	364	61
402	483	122
402	169	61
402	311	61
402	531	61
402	511	61
402	125	61
402	405	61
402	356	122
402	168	61
402	360	183
402	468	61
402	305	61
402	537	61
402	493	61
402	491	61
402	396	61
402	800	61
402	157	61
402	404	61
403	433	69
404	432	420
405	432	102
406	620	378
407	326	218
407	261	218
409	432	14
410	620	61
410	432	123
411	432	49
412	329	44
412	620	44
412	326	44
412	433	44
412	261	223
412	332	89
412	255	44
414	329	30
414	620	30
414	260	61
414	430	123
414	557	30
414	791	30
414	498	30
414	239	30
414	17	30
415	329	61
415	620	30
415	785	30
415	260	30
415	332	91
415	431	30
415	430	61
415	557	30
415	612	30
415	233	30
415	791	30
415	239	30
415	270	30
415	153	30
415	2	30
415	259	61
415	475	61
415	6	30
415	435	61
415	143	61
415	438	91
415	456	30
415	244	30
415	429	61
415	559	122
415	426	30
415	387	30
415	422	30
415	420	30
415	340	91
415	341	61
415	412	61
415	474	30
415	415	213
415	7	61
415	265	30
415	614	30
415	414	274
415	476	61
415	221	30
415	344	30
415	44	30
415	423	61
415	419	30
415	625	61
415	513	30
415	308	30
415	608	30
415	411	183
415	477	30
415	628	61
415	362	30
415	480	30
415	560	30
415	417	91
415	86	30
415	427	30
415	205	61
415	671	30
415	797	30
415	410	91
415	125	30
415	350	61
415	526	30
415	413	30
415	744	30
415	148	30
415	725	30
415	493	30
415	283	30
415	407	30
415	345	30
415	408	30
415	682	30
415	278	30
415	355	30
415	354	30
415	369	30
416	329	39
416	432	19
416	332	39
416	431	39
416	629	19
416	327	19
416	592	19
416	40	19
416	429	19
416	422	39
416	237	19
416	338	19
416	722	19
416	523	19
416	420	19
416	340	19
416	794	19
416	817	19
416	221	58
416	591	19
416	121	19
416	303	19
416	697	19
416	336	19
416	577	19
416	391	19
416	411	19
416	280	19
416	529	19
416	409	19
416	33	19
416	73	19
416	362	19
416	710	19
416	417	19
416	59	19
416	811	19
416	205	19
416	449	39
416	274	19
416	194	19
416	272	19
416	512	19
416	718	19
416	632	19
416	749	19
416	128	19
416	777	19
416	405	19
416	446	19
416	663	19
416	195	19
416	209	19
416	78	19
416	349	19
416	182	19
416	138	19
416	769	19
416	407	19
416	288	39
417	261	16
418	329	14
418	432	14
418	332	14
418	430	14
418	790	14
418	233	14
418	434	14
418	270	14
418	453	42
418	475	28
418	435	42
418	564	14
418	386	28
418	429	28
418	559	14
419	620	7
419	326	14
419	432	14
420	329	17
420	432	17
420	433	17
420	261	17
420	240	34
420	431	17
421	261	31
422	329	39
422	432	78
422	260	78
423	432	52
423	261	52
424	329	30
424	261	90
424	785	30
424	260	60
424	332	30
424	233	30
424	434	30
424	96	30
424	578	30
424	333	30
424	232	30
424	442	60
424	475	90
424	564	30
424	559	90
424	425	210
424	426	30
424	561	60
424	474	30
424	476	60
424	344	30
424	423	90
424	409	30
424	792	30
424	440	30
424	286	30
424	363	30
424	291	30
424	355	30
424	758	30
425	329	62
425	620	15
425	432	31
425	433	15
425	261	15
425	260	15
425	332	62
425	228	15
425	431	31
425	430	93
425	732	15
425	554	15
425	238	15
425	270	31
425	333	15
425	227	31
425	259	15
425	442	140
425	271	15
425	453	46
425	475	187
425	435	46
425	564	46
425	438	62
425	584	15
425	429	78
425	666	15
425	559	15
425	331	15
425	607	15
425	425	266
425	426	203
425	561	78
425	428	109
425	45	15
425	422	109
425	507	15
425	439	15
425	339	31
425	338	31
425	585	15
425	340	31
425	263	15
425	471	15
425	810	62
425	474	62
425	496	15
425	298	15
425	414	15
425	476	125
425	591	15
425	423	109
425	558	15
425	625	15
425	489	15
425	187	15
425	623	46
425	140	15
425	473	15
425	577	15
425	319	15
425	700	31
425	604	15
425	256	15
425	624	31
425	444	15
425	706	15
425	477	15
425	199	15
425	337	15
425	29	15
425	173	15
425	567	15
425	135	15
425	124	46
425	709	31
425	487	15
425	581	31
425	141	31
425	294	15
425	409	46
425	748	15
425	362	62
425	150	15
425	654	15
425	597	15
425	566	15
425	61	15
425	205	15
425	424	93
425	572	15
425	787	15
425	536	15
425	139	15
425	646	15
425	266	15
425	440	31
425	318	15
425	311	46
425	309	15
425	241	15
425	180	15
425	126	15
425	495	15
425	80	15
425	644	31
425	405	15
425	413	15
425	737	15
425	279	15
425	175	15
425	753	15
425	788	15
425	468	15
425	657	31
425	808	15
425	313	15
425	305	78
425	307	15
425	659	15
425	640	15
425	573	15
425	106	15
425	285	15
425	548	15
425	719	15
426	326	124
426	261	62
427	326	18
428	329	43
428	326	43
428	260	129
429	329	1
429	326	1
429	261	3
430	329	5
430	620	5
430	326	11
430	432	41
430	433	5
430	260	23
431	329	7
431	326	7
431	432	10
431	433	7
431	261	3
431	260	3
431	332	14
431	431	25
431	430	10
431	206	3
431	629	3
431	324	10
431	325	3
431	791	10
431	498	7
431	434	3
431	4	3
431	321	3
431	462	3
431	554	3
431	690	3
431	258	3
432	620	5
432	326	16
432	432	61
432	433	11
432	261	5
433	329	0
433	326	0
433	432	0
433	433	0
434	329	5
434	620	5
434	432	17
434	433	17
434	261	5
434	260	5
435	329	5
435	620	20
435	432	26
435	433	15
435	261	5
435	260	10
436	432	118
436	433	79
437	329	24
437	432	12
437	433	12
437	261	12
437	332	24
437	430	36
437	434	60
437	4	12
437	321	24
437	437	24
437	258	12
437	442	12
437	451	48
437	453	12
437	475	12
437	435	12
437	438	120
437	763	12
437	559	24
437	561	12
437	439	12
437	339	60
437	151	12
437	562	24
437	263	12
437	471	12
437	412	12
437	794	12
437	121	12
437	277	12
437	336	12
437	448	24
437	280	12
437	145	24
437	648	60
437	449	12
437	440	12
437	318	12
437	64	12
437	128	12
437	436	72
437	517	12
437	161	12
437	400	12
437	119	12
437	682	12
437	450	12
437	472	12
437	466	12
437	381	12
437	818	12
437	719	12
438	329	35
438	620	71
438	432	142
438	433	35
438	261	35
438	260	35
439	385	31
440	432	87
441	432	46
441	261	92
442	329	28
442	326	86
442	432	57
442	385	28
442	433	57
442	261	28
442	260	28
442	431	57
442	430	28
444	432	64
444	433	64
445	620	60
446	432	107
446	433	107
447	433	88
448	329	248
448	620	124
448	326	124
448	434	124
448	437	248
448	462	496
448	227	124
448	262	124
448	451	248
448	652	124
448	435	372
448	564	124
448	438	1116
448	456	124
448	8	248
448	331	124
448	502	124
448	428	248
448	649	124
448	422	248
448	155	124
448	439	124
448	722	124
448	402	248
448	20	124
448	121	124
448	423	124
448	419	124
448	303	124
448	447	124
448	142	124
448	79	124
448	448	248
448	68	124
448	124	124
448	445	124
448	362	124
448	762	124
448	364	124
448	300	124
448	204	124
448	469	124
448	49	124
448	713	124
449	432	51
451	329	40
451	432	40
451	433	20
451	260	60
451	332	20
451	431	10
451	206	10
451	255	30
451	243	10
451	324	40
451	325	10
451	791	30
451	434	60
451	321	30
451	166	10
451	437	40
451	732	10
451	238	10
451	114	10
451	258	10
451	333	10
451	232	10
451	259	10
451	327	10
451	689	10
451	694	20
451	330	20
451	441	10
451	451	121
451	453	10
451	435	60
451	564	20
451	438	10
451	456	10
451	429	10
451	666	10
451	559	10
451	39	10
451	12	10
451	630	20
451	580	10
451	11	10
451	155	10
451	439	10
451	722	10
451	585	10
451	334	10
451	523	10
451	420	10
451	341	30
451	452	60
451	474	30
451	298	30
451	497	10
451	265	10
451	20	10
451	476	20
451	121	10
451	419	10
451	303	20
451	160	10
451	447	10
451	140	10
451	698	10
451	98	10
451	308	10
451	319	10
451	454	20
451	256	10
451	448	10
451	624	10
451	706	10
451	257	10
451	56	10
451	236	10
451	173	10
451	316	10
451	357	10
451	745	10
451	124	20
451	280	10
451	294	10
451	529	10
451	409	10
451	282	10
451	41	10
451	322	10
451	460	30
451	362	10
451	455	30
451	417	20
451	317	10
451	597	20
451	37	10
451	793	20
451	755	10
451	449	10
451	171	10
451	424	10
451	634	10
451	536	10
451	127	10
451	519	10
451	139	10
451	335	10
451	315	10
451	436	10
451	812	10
451	302	20
451	175	10
451	795	20
451	768	20
451	468	10
451	659	20
451	296	10
451	459	10
451	396	10
451	117	10
451	144	10
451	544	10
452	329	12
452	432	12
452	385	6
452	433	25
452	332	6
452	430	12
452	733	12
452	324	6
452	791	12
452	434	31
452	333	12
452	227	6
452	442	6
452	327	18
452	451	31
452	453	12
452	475	6
452	435	25
452	438	37
452	456	25
452	12	6
452	331	12
452	461	6
452	422	6
452	338	6
452	734	12
452	43	6
452	452	25
452	265	6
452	366	6
452	160	6
452	447	12
452	98	6
452	454	6
452	337	6
452	460	6
452	455	18
452	389	6
452	59	12
452	519	6
452	436	31
452	737	6
452	158	6
452	192	6
452	626	6
452	822	12
452	719	12
453	329	9
453	326	9
453	432	109
453	261	18
453	260	36
455	329	72
455	785	36
455	332	36
455	240	36
455	431	36
455	430	36
455	557	72
455	434	72
455	166	36
455	114	36
455	270	36
455	262	72
455	451	144
455	475	36
455	435	108
455	564	36
455	429	72
455	502	36
455	225	36
455	420	36
455	167	36
455	452	144
455	277	36
455	419	36
455	160	36
455	577	36
455	63	36
455	236	36
455	231	36
455	348	36
455	145	36
455	455	398
455	342	36
455	399	36
455	364	72
455	449	36
455	234	36
455	183	36
455	459	36
456	432	54
457	432	97
458	620	159
460	432	278
463	432	11
464	329	71
464	433	71
464	261	71
464	260	71
464	332	214
464	10	71
464	153	71
464	259	71
464	435	71
464	564	71
464	438	71
464	47	71
464	461	716
464	752	71
464	11	71
464	155	143
464	77	143
464	499	71
464	457	214
464	463	143
464	280	71
464	736	143
464	282	71
464	460	214
464	571	429
464	572	71
464	186	71
464	464	286
464	459	71
464	383	71
471	432	26
471	433	26
472	261	83
473	261	49
474	329	27
474	620	54
474	432	81
474	385	27
474	433	54
474	261	81
474	260	135
475	620	53
475	326	40
475	385	13
476	620	40
476	433	40
477	329	44
477	261	44
477	243	44
477	557	44
477	498	44
477	554	44
477	238	44
477	270	88
477	478	44
477	386	44
477	559	88
477	426	88
477	746	44
477	561	44
477	784	88
477	562	88
477	734	44
477	341	44
477	412	221
477	415	44
477	497	44
477	414	88
477	476	44
477	53	44
477	308	44
477	608	44
477	79	88
477	477	398
477	750	44
477	337	44
477	581	44
477	362	44
477	480	44
477	342	44
477	212	44
477	417	44
477	597	44
477	755	44
477	205	88
477	169	44
477	482	44
477	156	88
477	646	44
477	272	44
477	311	44
477	797	44
477	730	44
477	180	44
477	368	44
477	446	88
477	36	88
477	413	44
477	753	44
477	349	44
477	725	44
477	161	44
477	291	44
477	807	44
477	818	44
478	620	19
480	329	61
480	433	61
480	332	61
480	430	61
480	557	61
480	233	61
481	385	79
482	329	65
482	261	32
482	430	65
482	612	32
482	498	32
482	114	32
482	478	65
482	639	98
482	244	32
482	429	32
482	14	32
482	504	98
482	746	32
482	789	32
482	752	32
482	151	32
482	340	32
482	341	65
482	412	32
482	474	32
482	780	32
482	346	32
482	591	98
482	552	32
482	558	98
482	366	32
482	489	32
482	52	32
482	280	32
482	481	32
482	487	65
482	529	65
482	403	32
482	648	32
482	317	32
482	399	65
482	793	32
482	427	32
482	483	196
482	398	32
482	482	98
482	315	32
482	492	32
482	728	65
482	188	32
482	360	32
482	383	32
483	432	131
487	620	49
487	385	49
488	326	43
489	433	152
489	261	101
490	432	56
491	432	209
491	433	209
494	620	86
494	432	86
494	385	86
494	433	86
495	385	162
496	261	53
497	385	53
497	261	53
498	433	32
499	326	97
499	261	195
500	385	185
501	329	212
501	385	1913
501	785	212
501	431	425
501	733	212
501	243	212
501	557	212
502	433	77
503	329	132
503	385	530
503	261	132
503	260	265
504	329	151
504	432	100
504	385	50
504	433	201
504	261	100
504	260	302
504	332	100
504	240	151
504	430	50
505	329	208
505	432	104
505	385	208
505	433	313
505	260	313
505	332	208
505	324	313
506	329	132
506	385	530
506	260	132
506	240	132
506	498	265
506	166	132
506	259	265
506	271	132
506	504	132
506	521	1458
506	647	132
506	752	132
506	507	1193
506	505	1723
506	506	1193
506	523	265
506	341	132
506	344	132
506	765	132
506	591	132
506	419	132
506	303	265
506	366	132
506	489	132
506	393	132
506	308	132
506	391	132
506	735	132
506	524	265
506	214	132
506	399	132
506	516	132
506	711	132
506	533	132
506	281	132
506	186	132
506	512	132
506	494	132
506	510	132
506	589	132
506	518	132
506	392	132
506	509	662
506	799	132
506	363	265
506	193	132
506	803	132
506	658	132
507	620	96
507	432	96
507	385	289
507	433	96
507	261	289
511	432	208
512	432	93
513	620	161
513	261	80
516	620	84
516	433	84
516	261	168
517	385	250
519	433	150
519	261	451
520	620	125
520	433	125
521	329	71
521	385	71
521	260	214
523	329	154
523	432	309
523	433	154
523	261	154
523	260	309
524	620	134
524	432	402
524	385	268
526	385	90
527	385	171
528	261	118
529	620	87
529	432	87
529	385	350
529	261	263
530	385	268
531	620	150
531	432	150
531	385	150
533	329	265
533	433	265
533	430	265
535	385	672
535	433	336
540	326	360
540	385	180
541	329	126
541	432	126
541	433	379
541	790	126
542	329	567
542	432	283
542	498	567
542	578	851
542	747	3689
542	227	283
542	435	283
542	564	283
542	593	1702
542	428	283
542	542	1702
542	420	283
542	496	283
542	221	283
542	515	283
542	611	567
542	500	283
542	717	1135
542	748	567
542	654	567
542	171	283
542	536	283
542	494	283
542	511	283
542	175	567
542	189	283
542	530	283
542	596	283
543	329	91
543	432	183
543	433	91
543	261	183
543	260	91
544	432	141
545	261	131
551	261	111
553	620	77
555	329	226
555	430	113
555	255	226
555	733	113
555	557	226
555	554	1130
555	238	113
555	442	113
555	610	113
555	453	113
555	435	113
555	584	339
555	555	565
555	647	226
555	752	113
555	474	113
555	476	113
555	547	113
555	765	226
555	423	452
555	782	339
555	783	226
555	160	113
555	145	113
555	711	113
555	774	113
555	410	113
555	93	113
555	286	113
555	296	113
556	432	188
557	620	17
557	326	17
557	432	17
558	261	61
559	432	21
560	620	278
560	433	139
561	432	38
561	261	76
562	329	45
562	620	45
562	432	136
562	433	90
562	332	45
563	329	58
563	620	58
563	432	116
563	385	58
563	433	116
563	260	116
563	430	174
563	243	58
563	233	58
564	329	24
564	620	24
564	326	24
564	432	24
564	433	24
564	261	49
564	260	24
565	326	48
568	261	162
569	326	711
572	385	109
572	261	109
573	326	277
573	432	138
577	329	81
577	326	243
577	432	243
577	260	81
578	261	107
579	620	83
579	326	83
579	432	83
579	433	83
580	620	216
580	326	108
580	433	54
581	432	39
582	329	161
582	433	161
582	785	484
582	260	161
582	240	161
582	557	484
582	233	161
582	239	161
582	554	161
582	271	161
582	453	161
582	475	161
582	435	161
582	323	161
582	559	161
582	555	161
582	426	161
582	561	161
582	225	161
582	647	161
582	580	484
582	649	161
582	605	161
582	675	161
582	151	161
582	585	161
582	340	161
582	780	645
582	414	161
582	546	161
582	606	484
582	46	161
582	623	161
582	611	161
582	319	322
582	700	161
582	608	1291
582	604	161
582	211	161
582	246	161
582	776	322
582	710	161
582	520	161
582	793	161
582	566	161
582	131	161
582	440	161
582	582	968
582	217	161
582	248	161
582	777	322
582	352	161
582	103	161
582	400	161
582	285	161
582	94	161
582	310	161
583	329	215
583	462	215
583	262	215
583	689	215
583	475	215
583	584	647
583	323	431
583	559	215
583	461	215
583	627	647
583	647	215
583	638	215
583	585	431
583	562	215
583	340	215
583	474	431
583	780	215
583	574	215
583	606	215
583	303	215
583	558	215
583	778	215
583	337	215
583	600	215
583	749	215
583	368	215
584	433	42
585	326	91
585	432	91
585	261	91
586	329	228
586	620	114
586	432	114
586	433	114
586	785	228
586	733	114
586	239	114
586	554	114
586	690	114
586	262	114
586	564	114
586	541	228
586	592	114
586	763	228
586	666	228
586	559	114
586	555	114
586	428	114
586	605	684
586	618	114
586	439	114
586	585	912
586	341	114
586	412	114
586	267	114
586	651	114
586	497	114
586	794	114
586	476	114
586	547	114
586	44	114
586	602	114
586	552	228
586	782	114
586	625	114
586	623	114
586	515	114
586	586	684
586	624	114
586	236	114
586	745	114
586	736	114
586	587	456
586	748	228
586	654	114
586	399	114
586	634	114
586	572	114
586	583	114
586	603	228
586	527	114
586	653	114
586	744	228
586	307	114
586	285	114
587	620	317
589	329	193
589	785	579
589	260	193
589	431	193
589	255	193
589	733	193
589	243	193
589	629	386
589	233	193
589	321	193
589	16	193
589	270	193
589	259	386
589	271	193
589	453	193
589	456	193
589	666	193
589	422	193
589	151	193
589	334	193
589	523	579
589	651	193
589	547	1159
589	591	579
589	602	1159
589	546	193
589	277	193
589	423	579
590	432	70
592	329	446
592	432	148
592	260	297
592	332	148
592	240	148
592	431	148
592	243	148
592	557	148
592	629	148
592	324	148
592	791	148
592	690	148
592	320	446
592	270	148
592	441	148
592	475	297
592	435	148
592	143	148
592	386	148
592	592	8333
592	429	297
592	763	148
592	559	297
592	607	148
592	630	148
592	746	2083
592	605	148
592	237	148
592	133	148
592	155	148
592	784	148
592	338	148
592	334	148
592	420	148
592	167	148
592	18	148
592	412	297
592	226	148
592	298	297
592	497	148
592	372	148
592	547	148
592	591	2083
592	9	297
592	44	148
592	598	148
592	546	297
592	552	148
592	303	148
592	489	446
592	314	148
592	367	148
592	513	148
592	515	595
592	543	1488
592	586	148
592	604	148
592	256	297
592	499	148
592	637	148
592	745	744
592	348	148
592	280	148
592	359	148
592	487	148
592	628	148
592	137	148
592	581	148
592	294	148
592	529	595
592	748	148
592	599	297
592	342	148
592	273	148
592	742	148
592	597	1041
592	516	297
592	37	148
592	427	148
592	300	148
592	156	297
592	266	297
592	281	297
592	494	148
592	170	148
592	718	148
592	797	297
592	774	148
592	309	297
592	511	297
592	632	297
592	125	148
592	526	148
592	405	148
592	436	148
592	812	148
592	195	148
592	590	148
592	209	148
592	517	148
592	349	446
592	360	148
592	299	148
592	514	148
592	305	148
592	725	148
592	493	446
592	198	148
592	491	148
592	815	148
592	596	148
592	626	148
592	278	148
592	645	297
592	692	148
597	261	236
598	329	184
598	432	184
598	260	184
598	240	184
598	430	184
598	629	1846
598	791	184
598	321	184
598	435	184
598	592	184
598	559	184
598	216	369
598	789	184
598	474	184
598	591	923
598	598	2585
598	543	369
598	308	184
598	242	184
598	813	184
598	411	369
598	600	923
598	280	369
598	748	184
598	599	369
598	342	184
598	764	184
598	540	184
598	597	184
598	685	553
598	634	184
598	603	369
598	590	184
598	286	184
598	664	184
598	306	184
602	329	119
602	432	119
602	261	59
602	785	717
602	332	119
602	240	59
602	430	119
602	255	59
602	243	59
602	629	179
602	791	119
602	239	59
602	166	59
602	690	59
602	320	59
602	232	59
602	259	59
602	442	59
602	262	59
602	330	119
602	271	119
602	453	59
602	435	119
602	564	59
602	143	59
602	584	538
602	559	119
602	607	59
602	630	179
602	561	59
602	225	59
602	521	59
602	422	59
602	752	59
602	605	179
602	507	59
602	505	59
602	506	59
602	338	119
603	620	0
603	326	0
604	329	55
604	620	55
604	261	111
604	785	388
604	332	166
604	430	55
604	206	55
604	324	111
604	325	111
604	791	111
605	329	52
605	620	157
605	385	52
605	261	52
605	785	368
605	332	105
605	240	52
606	620	30
606	261	30
608	326	196
609	261	188
610	329	97
610	620	97
610	385	97
610	433	195
610	261	292
610	260	97
610	332	97
610	240	97
610	430	195
610	557	97
610	324	97
610	791	97
610	321	97
610	747	97
610	327	97
610	610	585
610	475	97
610	435	97
610	564	487
610	143	97
610	323	195
610	559	195
610	593	97
610	555	97
610	47	97
610	580	780
610	613	390
610	562	195
610	574	97
610	614	390
610	476	195
610	121	97
610	277	97
610	419	97
610	579	97
610	623	97
610	770	97
610	706	97
610	257	97
610	130	195
610	529	97
610	409	97
610	480	97
610	342	97
610	566	195
610	571	195
610	156	97
610	281	97
610	563	195
610	279	97
610	287	97
610	103	97
610	349	97
610	514	97
610	172	97
610	400	97
610	149	97
610	491	97
610	407	97
610	147	97
610	285	195
612	620	1
614	329	431
614	326	575
614	385	287
614	332	431
614	240	143
614	733	431
614	557	143
614	612	143
614	325	287
614	233	143
614	498	143
614	166	143
614	615	1151
614	320	143
614	258	143
614	2	143
614	610	575
614	271	143
614	386	143
614	323	143
614	580	287
614	133	143
614	613	287
614	618	287
614	568	143
614	18	143
614	415	143
614	614	431
614	20	143
614	476	287
614	121	143
614	46	287
614	543	287
614	642	143
614	700	287
614	567	143
614	371	143
614	145	143
614	322	287
614	150	143
614	399	143
614	816	143
614	571	287
614	494	143
614	309	143
614	180	143
614	5	143
614	85	143
614	569	287
614	295	143
614	123	143
614	147	143
614	807	143
614	820	143
617	433	188
617	261	188
618	329	114
618	261	228
618	260	114
618	430	114
618	615	228
618	442	114
618	564	114
618	502	114
618	264	114
618	565	114
618	618	1254
618	734	114
618	263	228
618	341	114
618	651	114
618	614	228
618	20	114
618	476	114
618	346	114
618	277	114
618	623	228
618	662	228
618	473	228
618	77	114
618	448	114
618	706	114
618	141	114
618	409	228
618	358	114
618	793	114
618	655	228
618	563	114
618	617	342
618	653	114
618	569	114
618	78	114
618	660	570
618	657	342
618	702	114
618	307	114
618	679	114
618	656	114
619	329	350
619	620	175
619	432	175
619	240	175
619	430	175
619	733	175
619	612	875
619	434	175
619	615	700
619	578	350
619	652	1050
619	564	175
619	143	175
619	429	175
619	428	175
619	647	175
619	752	175
619	619	1576
619	237	175
619	133	175
619	155	175
619	784	175
619	724	175
619	568	350
619	651	525
619	20	175
619	546	175
619	423	175
619	366	175
619	579	175
619	473	175
619	611	350
619	700	175
619	130	175
619	735	175
619	736	175
619	214	175
619	131	175
619	176	175
619	655	175
619	603	175
619	665	175
620	329	19
620	620	295
620	432	19
620	260	98
621	620	1124
621	433	281
621	261	281
622	620	2116
623	432	121
623	261	60
624	433	156
624	261	312
625	329	51
625	261	51
625	785	258
627	261	76
628	385	109
629	329	33
629	620	33
629	432	33
629	433	66
629	260	132
630	433	49
632	326	2028
632	385	338
632	433	338
634	326	87
634	385	87
634	433	175
634	261	87
636	329	66
636	432	66
636	260	133
636	557	66
636	629	266
636	239	66
636	166	66
637	385	65
639	620	54
640	261	174
642	620	58
642	432	58
643	620	50
643	432	50
644	620	2323
646	620	1100
647	329	453
647	620	7250
647	785	226
647	260	453
647	431	226
647	733	226
647	557	226
647	612	226
647	629	679
647	321	226
647	258	226
647	232	226
647	153	226
647	772	453
647	442	453
647	51	226
647	453	453
647	438	226
647	456	226
647	244	226
647	555	453
647	607	226
647	47	226
647	647	4531
647	580	226
647	649	226
647	622	1132
647	506	226
647	474	226
647	651	226
647	298	226
647	265	226
647	817	226
647	476	226
647	547	453
647	344	226
647	314	226
647	623	226
647	393	453
647	513	226
647	642	226
647	319	226
647	624	906
647	706	226
647	411	226
647	348	226
647	359	226
647	481	226
647	581	226
647	33	226
647	648	679
647	654	226
647	560	226
647	621	679
647	163	226
647	793	226
647	539	226
647	111	226
647	646	906
647	281	226
647	582	226
647	718	453
647	583	226
647	644	226
647	549	226
647	74	226
647	158	226
647	509	226
647	305	226
647	683	226
647	815	226
647	661	226
647	285	226
647	94	226
653	620	236
653	432	236
654	620	308
654	385	154
655	261	102
657	432	140
659	261	53
660	385	64
662	329	40
662	261	40
662	260	80
662	332	40
662	240	40
662	238	40
662	320	40
662	2	40
662	478	40
662	262	40
662	99	40
662	564	40
662	502	80
662	561	40
662	225	40
662	618	80
662	20	40
662	476	40
662	129	40
662	662	890
662	611	40
662	770	40
662	454	40
662	242	40
662	604	40
662	357	80
662	137	80
662	73	40
662	335	40
662	655	121
662	617	161
662	526	40
662	569	40
662	664	40
662	657	40
662	384	40
662	283	40
662	353	40
662	661	202
662	76	40
662	656	40
662	771	40
662	278	40
662	576	40
664	432	51
664	385	25
664	433	51
664	261	25
665	432	123
665	385	41
666	329	76
666	433	76
666	261	153
666	260	229
671	329	55
671	260	55
671	629	55
671	791	110
671	639	332
671	475	110
671	435	55
671	386	55
671	438	55
671	559	55
671	630	443
671	155	55
671	638	166
671	415	55
671	7	55
671	67	55
671	552	55
671	625	110
671	77	55
671	100	55
671	479	55
671	637	166
671	600	110
671	379	110
671	628	443
671	137	55
671	150	55
671	214	55
671	317	55
671	196	55
671	205	55
671	671	166
671	170	55
671	797	55
671	728	55
671	195	55
671	670	110
671	756	55
671	721	55
671	347	55
673	385	119
675	329	127
675	785	127
675	233	127
675	442	127
675	475	127
675	763	127
675	666	127
675	559	127
675	746	127
675	675	2297
675	638	127
675	339	127
675	585	255
675	341	127
675	402	127
675	693	127
675	20	127
675	591	127
675	546	127
675	489	127
675	623	127
675	134	127
675	256	127
675	130	127
675	628	127
675	389	255
675	152	127
675	742	127
675	399	127
675	169	127
675	156	127
675	582	127
675	636	127
675	309	127
675	180	127
675	603	127
675	674	1659
675	545	127
675	788	127
675	158	127
675	509	127
675	799	127
675	669	255
675	673	638
675	678	127
675	679	382
675	682	127
675	681	255
675	677	255
675	676	127
685	432	67
685	433	67
686	261	170
689	329	71
689	620	71
689	432	143
689	433	71
689	260	71
690	261	69
691	329	800
691	326	160
691	228	160
691	691	960
691	462	160
691	690	960
691	153	160
691	478	160
691	689	480
691	694	480
691	441	160
691	607	160
691	649	160
691	810	160
691	794	160
691	693	320
691	700	160
691	798	160
691	797	160
693	261	123
694	261	114
697	329	93
697	620	93
697	433	93
697	261	93
697	332	187
697	240	187
697	430	187
700	432	40
700	385	40
700	433	40
700	261	81
701	261	58
702	326	85
702	432	85
702	385	170
703	385	22
704	329	61
704	620	30
704	385	30
704	260	61
704	332	61
704	430	91
704	557	30
704	629	30
704	233	30
706	329	78
706	432	157
706	385	157
706	261	157
706	785	78
706	260	235
707	433	82
708	261	115
710	329	107
710	620	107
716	620	52
716	433	52
717	432	1
717	385	1
718	385	0
718	261	0
719	326	39
721	433	300
724	432	49
724	433	49
725	620	107
728	620	84
729	432	22
729	433	22
729	261	22
732	433	4
732	261	4
733	620	4
733	432	4
733	261	4
734	329	15
734	432	15
735	261	41
736	326	49
736	432	49
737	432	63
738	329	34
738	432	34
738	433	34
738	260	34
738	332	103
738	240	34
738	431	68
738	430	34
740	261	42
741	261	157
742	329	43
742	433	43
742	430	43
742	629	131
742	2	43
742	639	43
742	592	43
742	584	43
742	429	87
742	630	175
742	426	43
742	675	43
742	638	43
742	420	43
742	265	43
742	346	43
742	591	131
742	606	43
742	142	43
742	454	43
742	357	43
742	628	131
742	69	43
742	599	87
742	152	43
742	742	43
742	632	43
742	180	43
742	812	43
742	395	43
742	601	43
742	721	43
742	594	43
744	385	74
744	261	74
745	329	275
745	260	550
745	324	275
745	732	550
745	747	825
745	330	275
745	451	275
745	99	275
745	564	275
745	438	275
745	592	1100
745	584	275
745	763	275
745	502	275
745	630	275
745	746	1375
745	789	275
745	387	275
745	638	275
745	734	275
745	263	275
745	496	275
745	546	275
745	366	275
745	136	275
745	454	275
745	745	275
745	280	275
745	487	275
745	282	275
745	516	275
745	490	275
745	536	275
745	512	275
745	170	275
745	718	275
745	797	275
745	589	275
745	517	550
745	670	275
745	514	275
745	684	275
745	819	275
746	329	116
746	785	58
746	430	58
746	233	116
746	791	58
746	732	58
746	262	58
746	271	58
746	435	58
746	592	756
746	666	116
746	593	58
746	12	58
746	504	58
746	746	815
746	216	58
746	649	58
746	565	58
746	752	116
746	675	58
746	439	58
746	151	116
746	340	58
746	420	58
746	474	58
746	591	116
746	277	58
746	303	58
746	366	58
746	503	58
746	367	58
746	515	58
746	543	349
746	77	58
746	586	58
746	477	58
746	600	58
746	745	291
746	280	58
746	220	58
746	538	58
746	748	58
746	480	58
746	764	58
746	399	116
746	516	349
746	793	58
746	205	58
746	634	58
746	636	58
746	494	58
746	531	116
746	511	58
746	488	58
746	36	58
746	352	58
746	590	58
746	178	58
746	509	116
746	384	58
746	756	58
746	806	58
746	596	58
746	631	58
746	396	232
746	708	58
746	658	58
747	432	760
748	329	15
748	478	15
748	259	15
748	564	15
748	386	31
748	438	15
748	541	31
748	425	15
748	47	15
748	746	15
748	542	31
748	225	15
748	649	31
748	339	15
748	523	15
748	18	15
748	497	15
748	693	15
748	598	15
748	625	31
748	500	15
748	586	15
748	750	15
748	809	15
748	538	15
748	41	15
748	399	15
748	516	31
748	520	15
748	364	31
748	112	15
748	787	31
748	202	15
748	531	15
748	511	15
748	180	15
748	728	15
748	665	15
748	527	15
748	195	15
748	664	15
748	517	15
748	485	15
748	295	31
748	230	15
748	537	15
748	799	31
748	493	15
748	726	15
748	343	31
748	106	15
748	115	15
748	680	31
748	818	31
749	433	235
750	329	211
750	433	211
750	261	211
750	785	211
750	260	423
750	243	211
750	629	211
750	233	211
750	498	211
750	166	211
751	385	338
751	261	338
752	329	33
752	620	99
752	326	33
752	432	66
752	385	33
752	261	33
752	785	66
752	260	66
753	432	37
753	433	37
753	261	112
754	261	426
755	329	47
755	385	47
755	261	47
755	260	47
755	332	94
755	240	94
755	228	47
755	733	94
755	790	47
756	261	103
757	329	88
757	255	88
757	243	177
757	324	88
757	321	88
757	232	88
757	442	88
757	6	1245
757	8	177
757	47	88
757	45	88
757	155	88
757	722	88
757	562	88
757	734	88
757	7	533
757	129	88
757	9	88
757	44	88
757	625	177
757	160	88
757	642	88
757	700	88
757	100	88
757	236	88
757	717	88
757	377	88
757	280	177
757	581	88
757	41	88
757	757	355
757	60	88
757	131	88
757	58	88
757	248	88
757	704	88
757	80	88
757	128	88
757	740	88
757	268	88
757	178	88
757	400	88
757	815	88
757	626	88
757	805	88
757	373	88
757	3	88
768	432	30
769	433	163
772	329	350
772	620	2450
772	261	175
772	260	350
772	240	175
772	629	175
772	325	175
772	615	175
772	333	175
772	772	4726
772	475	175
772	564	175
772	666	175
772	331	175
772	426	175
772	561	525
772	647	350
772	605	175
772	622	1925
772	155	175
772	338	175
772	810	525
772	496	175
772	651	175
772	402	175
772	643	350
772	419	175
772	473	175
772	79	175
772	624	175
772	348	175
772	280	525
772	736	175
772	409	175
772	654	175
772	621	525
772	566	175
772	646	175
772	266	175
772	186	175
772	180	175
772	777	350
772	644	175
772	413	175
772	741	175
772	406	175
772	148	175
772	172	175
772	669	175
772	283	175
772	679	175
774	620	145
776	433	137
778	329	117
778	785	234
778	260	117
778	228	117
778	612	117
778	321	117
778	166	117
778	333	117
778	262	117
778	689	117
778	271	117
778	475	351
778	607	234
778	504	117
778	630	117
778	561	117
778	225	117
778	605	234
778	507	117
778	585	117
778	562	117
778	418	117
778	263	117
778	341	117
778	415	117
778	643	234
778	414	117
778	602	117
778	625	351
778	778	1054
778	623	819
778	642	234
778	608	351
778	750	117
778	141	117
778	599	117
778	776	117
778	710	117
778	729	117
778	59	117
778	685	117
778	701	117
778	364	117
778	61	117
778	300	117
778	781	351
778	646	117
778	510	117
778	309	234
778	191	117
778	749	117
778	777	117
778	234	117
778	517	117
778	158	234
778	775	117
778	656	117
778	668	117
784	329	40
784	320	120
784	435	40
784	323	80
784	504	40
784	619	40
784	338	40
784	562	40
784	412	161
784	447	40
784	319	40
784	411	40
784	735	40
784	348	40
784	359	40
784	581	40
784	480	40
784	196	40
784	483	40
784	350	40
784	328	40
784	664	40
784	299	40
784	401	40
785	261	13
787	385	210
788	329	177
788	620	177
788	432	177
788	261	355
788	240	177
788	431	177
788	733	177
788	258	177
788	333	177
788	153	177
788	386	889
788	456	177
789	261	17
790	432	7
790	433	7
791	329	19
791	326	39
791	432	9
791	433	9
791	261	9
791	785	9
791	260	29
791	332	136
791	240	9
791	431	19
791	430	68
791	255	9
791	324	19
791	790	29
791	791	58
791	498	9
791	434	29
791	462	9
791	320	9
791	333	39
791	259	9
791	442	19
791	330	9
791	451	29
791	271	9
791	99	9
791	435	19
791	386	9
791	592	9
791	456	9
791	244	9
791	12	9
791	331	19
791	504	9
791	746	9
791	789	9
791	225	9
791	521	19
791	647	9
791	422	9
791	237	9
791	11	9
791	339	9
791	338	9
791	722	9
791	562	29
791	334	29
791	420	9
791	341	9
791	474	9
791	415	9
791	651	9
791	402	9
791	265	19
791	414	9
791	20	9
791	221	9
791	344	9
791	129	19
791	26	9
791	602	29
791	598	9
791	277	9
791	303	19
791	336	9
791	142	19
791	134	19
791	515	9
791	473	9
791	77	9
791	577	9
791	604	29
791	706	9
791	130	19
791	337	9
791	29	9
791	357	9
791	137	19
791	371	9
791	150	9
791	317	9
791	540	19
791	516	9
791	364	9
791	196	9
791	811	9
791	205	9
791	274	19
791	281	9
791	671	19
791	655	9
791	180	9
791	603	9
791	749	9
791	368	9
791	812	9
791	175	9
791	549	9
791	328	29
791	162	9
791	78	9
791	286	9
791	159	9
791	168	9
791	660	9
791	768	9
791	468	9
791	230	9
791	702	9
791	799	9
791	252	19
791	756	9
791	275	9
791	687	9
791	297	9
791	285	9
792	620	46
792	385	92
792	433	92
792	261	46
793	432	69
793	433	69
793	261	69
794	329	36
794	432	73
794	433	36
794	261	73
794	260	110
795	329	81
795	432	163
795	260	163
795	228	81
795	733	81
795	243	163
795	239	81
795	258	81
795	259	81
795	451	163
795	143	81
795	541	81
795	244	81
795	555	81
795	264	81
795	521	81
795	237	81
795	155	81
795	418	81
795	341	163
795	298	163
795	497	81
795	794	81
795	602	81
795	277	81
795	303	409
795	813	81
795	444	81
795	477	81
795	135	81
795	357	81
795	68	81
795	218	81
795	280	81
795	379	81
795	294	163
795	322	81
795	793	81
795	300	163
795	755	81
795	301	163
795	21	81
795	494	81
795	655	81
795	309	81
795	204	81
795	125	81
795	737	81
795	302	81
795	287	163
795	183	163
795	299	245
795	313	81
795	305	81
795	283	81
795	285	163
795	804	81
796	261	32
797	329	39
797	385	78
797	433	39
797	261	156
797	260	39
799	432	182
799	385	182
803	261	1
808	620	132
808	261	132
809	326	78
810	261	63
811	432	98
811	385	197
812	620	116
812	385	233
812	261	350
813	329	1
815	261	38
816	326	113
816	432	113
816	385	113
816	261	341
817	329	356
817	433	178
817	261	178
817	260	178
817	332	178
817	228	178
817	431	178
817	430	178
817	255	178
817	733	356
817	233	178
817	239	356
817	321	178
817	166	356
817	732	356
817	96	356
817	320	178
817	258	178
817	333	178
817	227	178
817	232	178
817	271	178
817	143	356
817	438	178
817	592	178
817	244	178
817	429	178
817	216	178
817	647	178
817	133	178
817	155	178
817	151	178
817	167	178
817	298	356
817	643	178
817	817	2139
817	547	178
817	121	891
817	95	178
817	277	178
817	419	178
817	303	356
817	623	178
817	473	178
817	136	178
817	98	178
817	308	178
817	79	178
817	416	178
817	444	178
817	130	178
817	57	178
817	135	534
817	231	178
817	280	534
817	110	891
817	481	178
817	487	178
817	137	178
817	145	534
817	246	178
817	322	178
817	342	178
817	212	178
817	84	178
817	86	178
817	816	3922
817	179	713
817	131	178
817	186	713
817	315	178
817	797	178
817	177	178
817	180	1248
817	126	534
817	204	178
817	85	178
817	188	178
817	653	178
817	183	356
817	78	178
817	87	178
817	182	178
817	305	178
817	117	713
818	433	47
822	432	323
