0 0
1 1
2 2
3 3
4 3
5 4
6 5
7 6
8 7
9 8
10 9
11 10
12 11
13 12
14 13
15 14
16 15
17 16
18 17
19 18
20 19
21 20
22 21
23 22
24 23
25 24
26 25
27 25
28 26
29 25
30 27
31 28
32 29
33 30
34 31
35 32
36 33
37 34
38 35
39 36
40 37
41 38
42 39
43 40
44 41
45 42
46 43
47 44
48 45
49 46
50 47
51 48
52 47
53 49
54 50
55 51
56 52
57 53
58 54
59 55
60 56
61 57
62 58
63 59
64 60
65 61
66 62
67 63
68 64
69 65
70 66
71 67
72 68
73 69
74 70
75 71
76 72
77 68
78 73
79 74
80 75
81 76
82 77
83 78
84 64
85 8
86 79
87 80
88 81
89 82
90 83
91 84
92 85
93 85
94 85
95 86
96 87
97 88
98 89
99 90
100 91
101 92
102 93
103 94
104 95
105 96
106 97
107 98
108 99
109 100
110 101
111 102
112 103
113 104
114 105
115 105
116 105
117 106
118 107
119 104
120 105
121 105
122 108
123 109
124 104
125 110
126 111
127 112
128 113
129 111
130 114
131 115
132 116
133 117
134 118
135 119
136 120
137 121
138 122
139 8
140 123
141 124
142 125
143 126
144 127
145 128
146 129
147 130
148 131
149 8
150 8
151 8
152 8
153 8
154 8
155 8
156 132
157 8
158 133
159 134
160 135
161 136
162 136
163 8
164 137
165 8
166 8
167 136
168 8
169 8
170 138
171 139
172 140
173 141
174 142
175 143
176 144
177 145
178 146
179 139
180 147
181 148
182 149
183 139
184 139
185 150
186 151
187 152
188 153
189 154
190 155
191 156
192 157
193 158
194 159
195 159
196 160
197 159
198 159
199 161
200 162
201 163
202 164
203 165
204 166
205 167
206 168
207 169
208 170
209 171
210 172
211 173
212 174
213 175
214 176
215 177
216 178
217 178
218 179
219 180
220 181
221 182
222 183
223 184
224 185
225 186
226 187
227 188
228 189
229 180
230 180
231 178
