0 0 901
0 1 80
0 2 26
0 3 1
0 4 14
0 5 8
0 6 15
0 7 74
0 9 39
0 10 20
0 11 18
0 12 34
0 13 86
0 14 8
0 15 67
0 16 48
0 17 70
0 18 24
0 19 101
0 20 20
0 21 104
0 22 56
0 23 132
0 24 40
0 25 94
0 26 20
0 27 146
0 28 44
0 29 9
0 30 46
0 31 29
0 32 11
0 34 49
0 35 26
0 36 19
0 37 2
0 38 128
0 39 134
0 40 64
0 41 6
0 43 16
0 44 1
0 45 21
0 46 51
0 47 72
0 48 6
0 49 26
0 50 34
0 51 150
0 52 9
0 53 22
0 54 14
0 55 1
0 56 15
0 57 6
0 58 16
0 59 14
0 60 6
0 61 16
0 62 51
0 63 13
0 64 11
0 65 51
0 66 10
0 67 3
0 68 460
0 69 80
0 70 9
0 72 19
0 73 11
0 74 19
0 75 7
0 79 13
0 80 1
0 81 1
0 82 9
0 83 12
0 84 8
0 85 4
0 86 14
0 87 17
0 88 11
0 89 1
0 92 8
0 93 6
0 95 7
0 96 11
0 97 16
1 0 135
1 1 401
1 2 4
1 4 4
1 5 6
1 6 4
1 7 30
1 9 13
1 10 2
1 11 5
1 12 18
1 13 45
1 14 7
1 15 9
1 16 7
1 17 12
1 18 5
1 19 23
1 20 7
1 21 22
1 22 9
1 23 23
1 24 3
1 25 21
1 26 8
1 27 20
1 28 3
1 29 4
1 30 11
1 31 6
1 32 5
1 34 24
1 35 8
1 36 10
1 38 46
1 39 28
1 40 14
1 41 1
1 43 8
1 45 5
1 46 19
1 47 12
1 48 3
1 49 2
1 50 7
1 51 25
1 52 2
1 53 4
1 54 1
1 56 1
1 57 1
1 58 3
1 59 6
1 62 8
1 63 4
1 65 11
1 66 2
1 67 5
1 68 164
1 69 17
1 70 4
1 71 1
1 72 11
1 73 8
1 74 14
1 75 2
1 79 3
1 83 42
1 84 20
1 85 2
1 86 5
1 87 7
1 92 4
1 93 5
1 94 2
1 95 39
1 96 8
1 97 11
2 0 129
2 1 38
2 2 21
2 4 2
2 5 8
2 6 6
2 7 69
2 8 1
2 9 18
2 10 20
2 11 10
2 12 8
2 13 53
2 14 4
2 15 34
2 16 18
2 17 38
2 18 14
2 19 47
2 20 7
2 21 71
2 22 44
2 23 84
2 24 16
2 25 52
2 26 7
2 27 62
2 28 23
2 29 2
2 30 34
2 31 13
2 32 12
2 33 1
2 34 20
2 35 6
2 36 18
2 37 1
2 38 56
2 39 77
2 40 23
2 41 4
2 42 2
2 43 11
2 45 16
2 46 24
2 47 27
2 48 4
2 49 24
2 50 19
2 51 88
2 53 12
2 54 8
2 55 2
2 56 6
2 57 11
2 58 3
2 59 16
2 60 3
2 61 21
2 62 29
2 63 10
2 64 2
2 65 32
2 66 5
2 67 2
2 68 101
2 69 46
2 70 3
2 71 2
2 72 11
2 73 10
2 74 8
2 75 5
2 78 1
2 79 4
2 81 1
2 82 10
2 83 2
2 84 1
2 86 6
2 87 7
2 88 3
2 92 5
2 93 1
2 94 1
2 95 2
2 96 3
2 97 6
3 0 16
3 1 7
3 5 17
3 6 2
3 7 21
3 9 2
3 10 2
3 11 1
3 13 5
3 15 1
3 16 1
3 17 1
3 19 6
3 21 7
3 22 4
3 23 7
3 25 2
3 27 4
3 28 1
3 29 1
3 30 1
3 31 2
3 32 1
3 33 1
3 34 2
3 35 1
3 36 2
3 38 6
3 39 5
3 40 3
3 43 1
3 46 1
3 47 5
3 49 1
3 50 3
3 51 1
3 56 2
3 57 1
3 58 2
3 59 1
3 61 6
3 64 1
3 65 1
3 68 7
3 71 1
3 72 1
3 73 1
3 74 3
3 75 1
3 79 4
3 82 3
3 83 3
3 87 2
3 88 1
3 92 1
3 93 2
3 95 2
3 96 3
3 97 10
4 0 13
4 1 13
4 4 11
4 6 1
4 7 4
4 9 4
4 10 2
4 11 2
4 12 1
4 13 5
4 14 1
4 15 4
4 16 2
4 17 3
4 18 2
4 19 7
4 20 3
4 21 9
4 22 3
4 23 17
4 24 1
4 25 5
4 26 2
4 27 11
4 28 6
4 29 2
4 30 3
4 31 1
4 32 1
4 33 1
4 34 3
4 35 3
4 38 3
4 39 13
4 40 5
4 43 2
4 46 5
4 47 5
4 48 2
4 49 1
4 50 1
4 51 8
4 53 1
4 56 1
4 58 1
4 61 1
4 62 4
4 63 2
4 64 1
4 65 1
4 66 2
4 67 2
4 68 214
4 69 20
4 70 6
4 71 1
4 72 1
4 73 4
4 74 3
4 79 1
4 81 4
4 86 2
4 87 3
4 92 2
4 93 2
4 95 1
5 0 6
5 1 10
5 2 4
5 3 17
5 5 279
5 6 18
5 7 280
5 9 24
5 10 28
5 11 3
5 12 13
5 13 37
5 14 2
5 15 19
5 16 12
5 17 27
5 18 14
5 19 54
5 20 3
5 21 51
5 22 14
5 23 40
5 24 2
5 25 27
5 26 8
5 27 26
5 28 14
5 29 5
5 30 15
5 31 7
5 32 7
5 33 1
5 34 18
5 35 11
5 36 16
5 38 69
5 39 39
5 40 16
5 41 2
5 43 4
5 45 5
5 46 22
5 47 19
5 48 4
5 49 19
5 50 12
5 51 17
5 52 3
5 53 7
5 54 10
5 55 1
5 56 6
5 57 1
5 58 4
5 59 12
5 60 3
5 61 50
5 62 4
5 63 9
5 64 2
5 65 26
5 66 1
5 67 3
5 68 33
5 69 5
5 72 6
5 73 15
5 74 22
5 75 4
5 78 2
5 79 9
5 82 4
5 83 5
5 84 1
5 86 5
5 87 12
5 88 2
5 90 1
5 92 8
5 93 1
5 94 19
5 95 25
5 96 105
5 97 70
6 0 14
6 1 5
6 3 1
6 4 1
6 5 11
6 6 710
6 7 231
6 8 17
6 9 101
6 10 62
6 11 48
6 12 46
6 13 138
6 14 16
6 15 70
6 16 78
6 17 158
6 18 81
6 19 226
6 20 47
6 21 274
6 22 46
6 23 106
6 24 14
6 25 111
6 26 21
6 27 105
6 28 43
6 29 31
6 30 59
6 31 32
6 32 11
6 33 2
6 34 71
6 35 62
6 36 139
6 37 2
6 38 196
6 39 211
6 40 158
6 41 10
6 43 11
6 44 5
6 45 193
6 46 175
6 47 183
6 48 50
6 49 117
6 50 86
6 51 48
6 52 6
6 53 18
6 54 13
6 55 3
6 56 8
6 57 2
6 58 8
6 59 9
6 60 2
6 61 31
6 62 18
6 63 50
6 64 6
6 65 224
6 66 27
6 67 8
6 68 63
6 69 18
6 70 2
6 71 12
6 72 40
6 73 39
6 74 69
6 75 8
6 76 1
6 78 5
6 79 136
6 83 1
6 85 1
6 86 33
6 87 97
6 88 8
6 89 4
6 90 11
6 92 2
6 93 2
6 94 11
6 96 17
6 97 70
7 0 27
7 1 21
7 2 2
7 3 5
7 4 2
7 5 61
7 6 124
7 7 1432
7 8 4
7 9 75
7 10 62
7 11 27
7 12 41
7 13 89
7 14 4
7 15 76
7 16 63
7 17 92
7 18 36
7 19 145
7 20 13
7 21 180
7 22 76
7 23 161
7 24 20
7 25 155
7 26 18
7 27 133
7 28 52
7 29 37
7 30 82
7 31 24
7 32 20
7 33 8
7 34 52
7 35 36
7 36 60
7 37 3
7 38 226
7 39 201
7 40 99
7 41 8
7 42 1
7 43 17
7 44 2
7 45 62
7 46 85
7 47 118
7 48 14
7 49 55
7 50 69
7 51 49
7 52 6
7 53 15
7 54 13
7 55 3
7 56 25
7 57 3
7 58 19
7 59 34
7 60 6
7 61 285
7 62 41
7 63 39
7 64 10
7 65 141
7 66 16
7 67 9
7 68 110
7 69 26
7 70 1
7 71 5
7 72 23
7 73 28
7 74 40
7 75 8
7 76 1
7 78 2
7 79 23
7 82 8
7 83 5
7 84 2
7 85 3
7 86 12
7 87 46
7 88 11
7 90 6
7 92 4
7 93 4
7 94 50
7 95 2
7 96 65
7 97 145
8 1 1
8 3 1
8 5 3
8 6 35
8 7 43
8 8 2
8 9 4
8 10 5
8 11 4
8 12 3
8 13 7
8 14 2
8 15 5
8 16 5
8 17 7
8 18 4
8 19 7
8 20 3
8 21 11
8 22 1
8 23 7
8 25 10
8 26 1
8 27 5
8 28 3
8 30 8
8 31 4
8 32 1
8 34 3
8 35 2
8 36 3
8 38 10
8 39 15
8 40 7
8 43 3
8 44 1
8 45 6
8 46 8
8 47 5
8 48 6
8 49 9
8 50 7
8 51 1
8 53 1
8 55 1
8 56 2
8 57 1
8 59 4
8 60 1
8 61 11
8 62 3
8 63 5
8 64 1
8 65 12
8 67 2
8 68 6
8 69 1
8 72 3
8 73 1
8 74 4
8 78 1
8 79 4
8 86 1
8 87 5
8 88 1
8 90 1
8 92 1
8 93 1
8 94 5
8 96 2
8 97 9
9 0 2
9 1 2
9 5 2
9 6 5
9 7 3
9 9 733
9 10 270
9 11 76
9 12 119
9 13 382
9 14 29
9 15 100
9 16 253
9 17 151
9 18 211
9 19 685
9 20 69
9 21 481
9 22 60
9 23 92
9 24 8
9 25 507
9 26 60
9 27 105
9 28 28
9 29 163
9 30 148
9 31 45
9 32 4
9 33 10
9 34 89
9 35 93
9 36 89
9 37 3
9 38 952
9 39 277
9 40 131
9 41 12
9 42 2
9 43 11
9 45 23
9 46 61
9 47 291
9 48 10
9 49 27
9 50 65
9 51 7
9 52 24
9 53 16
9 54 33
9 55 2
9 56 38
9 57 10
9 58 7
9 59 2
9 60 9
9 61 2
9 62 11
9 63 22
9 64 4
9 65 138
9 66 13
9 67 7
9 68 22
9 69 11
9 71 5
9 72 30
9 73 17
9 74 60
9 75 3
9 79 8
9 86 23
9 87 81
9 88 9
9 89 2
9 92 1
9 93 3
9 94 1
9 96 2
9 97 1
10 1 4
10 6 2
10 7 6
10 9 268
10 10 642
10 11 62
10 12 98
10 13 317
10 14 18
10 15 138
10 16 82
10 17 95
10 18 110
10 19 314
10 20 36
10 21 288
10 22 38
10 23 69
10 24 6
10 25 567
10 26 23
10 27 79
10 28 25
10 29 122
10 30 158
10 31 38
10 32 4
10 33 14
10 34 44
10 35 45
10 36 41
10 37 6
10 38 1374
10 39 286
10 40 80
10 41 7
10 43 11
10 45 8
10 46 22
10 47 129
10 48 5
10 49 20
10 50 39
10 51 14
10 52 13
10 53 9
10 54 21
10 55 2
10 56 47
10 57 9
10 58 10
10 59 6
10 60 7
10 62 13
10 63 15
10 64 3
10 65 79
10 66 9
10 67 8
10 68 21
10 69 6
10 71 1
10 72 23
10 73 9
10 74 28
10 75 8
10 79 5
10 82 2
10 86 25
10 87 49
10 88 2
10 92 2
10 93 3
10 94 1
10 95 2
11 0 9
11 1 1
11 5 1
11 6 4
11 7 6
11 9 202
11 10 213
11 11 255
11 12 120
11 13 371
11 14 45
11 15 199
11 16 143
11 17 106
11 18 143
11 19 289
11 20 36
11 21 268
11 22 34
11 23 80
11 25 243
11 26 13
11 27 110
11 28 19
11 29 59
11 30 77
11 31 33
11 32 5
11 33 13
11 34 35
11 35 50
11 36 66
11 37 5
11 38 798
11 39 290
11 40 105
11 41 2
11 43 4
11 45 8
11 46 63
11 47 111
11 48 8
11 49 25
11 50 100
11 51 6
11 52 11
11 53 12
11 54 15
11 55 3
11 56 24
11 57 12
11 58 6
11 59 12
11 60 6
11 61 9
11 62 9
11 63 11
11 64 6
11 65 94
11 66 27
11 67 3
11 68 19
11 69 5
11 71 2
11 72 22
11 73 14
11 74 25
11 75 7
11 78 1
11 79 11
11 85 1
11 86 18
11 87 36
11 88 5
11 90 1
11 92 2
11 93 3
11 97 3
12 1 1
12 5 1
12 7 1
12 9 131
12 10 139
12 11 72
12 12 163
12 13 179
12 14 16
12 15 81
12 16 83
12 17 72
12 18 61
12 19 201
12 20 17
12 21 185
12 22 30
12 23 37
12 24 1
12 25 157
12 26 14
12 27 50
12 28 6
12 29 55
12 30 49
12 31 29
12 32 4
12 33 4
12 34 32
12 35 35
12 36 29
12 37 2
12 38 423
12 39 141
12 40 46
12 43 9
12 45 4
12 46 15
12 47 70
12 48 8
12 49 13
12 50 44
12 51 13
12 52 5
12 53 9
12 54 15
12 55 1
12 56 15
12 57 1
12 58 13
12 59 3
12 60 1
12 62 5
12 63 4
12 64 1
12 65 35
12 66 8
12 67 1
12 68 2
12 69 4
12 72 11
12 73 4
12 74 27
12 75 4
12 86 14
12 87 23
12 88 2
12 93 3
12 96 1
12 97 2
13 0 1
13 1 6
13 5 4
13 6 7
13 7 9
13 9 126
13 10 187
13 11 77
13 12 72
13 13 481
13 14 38
13 15 152
13 16 76
13 17 70
13 18 40
13 19 162
13 20 15
13 21 172
13 22 38
13 23 42
13 24 6
13 25 220
13 26 14
13 27 61
13 28 28
13 29 36
13 30 71
13 31 28
13 32 3
13 33 9
13 34 46
13 35 30
13 36 24
13 37 17
13 38 643
13 39 200
13 40 63
13 41 4
13 42 2
13 43 7
13 45 7
13 46 18
13 47 64
13 48 10
13 49 31
13 50 56
13 51 12
13 52 8
13 53 10
13 54 9
13 55 3
13 56 23
13 57 2
13 58 7
13 59 4
13 61 7
13 62 10
13 63 19
13 64 2
13 65 47
13 66 12
13 67 5
13 68 47
13 69 18
13 70 1
13 72 27
13 73 17
13 74 15
13 75 6
13 79 5
13 85 1
13 86 21
13 87 36
13 88 4
13 92 2
13 93 2
13 94 1
13 96 3
13 97 3
14 0 1
14 2 1
14 6 3
14 7 4
14 9 63
14 10 113
14 11 36
14 12 36
14 13 149
14 14 95
14 15 176
14 16 39
14 17 52
14 18 42
14 19 114
14 20 9
14 21 115
14 22 25
14 23 29
14 25 91
14 26 7
14 27 53
14 28 21
14 29 18
14 30 31
14 31 26
14 32 1
14 33 4
14 34 13
14 35 15
14 36 17
14 37 2
14 38 363
14 39 193
14 40 33
14 41 3
14 43 6
14 45 9
14 46 26
14 47 35
14 48 5
14 49 20
14 50 75
14 51 9
14 52 3
14 53 5
14 54 2
14 55 1
14 56 11
14 57 1
14 58 8
14 59 1
14 60 4
14 61 3
14 62 4
14 63 6
14 64 5
14 65 46
14 66 10
14 67 2
14 68 11
14 69 5
14 72 8
14 73 4
14 74 12
14 79 3
14 83 1
14 86 6
14 87 19
14 92 2
14 93 1
15 0 5
15 1 2
15 5 1
15 6 11
15 7 10
15 9 211
15 10 267
15 11 125
15 12 120
15 13 303
15 14 89
15 15 831
15 16 143
15 17 200
15 18 81
15 19 331
15 20 22
15 21 391
15 22 125
15 23 202
15 24 9
15 25 370
15 26 23
15 27 192
15 28 55
15 29 56
15 30 67
15 31 70
15 32 14
15 33 8
15 34 81
15 35 66
15 36 78
15 37 6
15 38 1333
15 39 494
15 40 176
15 41 15
15 43 22
15 45 25
15 46 82
15 47 182
15 48 18
15 49 58
15 50 185
15 51 33
15 52 17
15 53 15
15 54 31
15 55 3
15 56 36
15 57 12
15 58 17
15 59 18
15 61 2
15 62 23
15 63 31
15 64 29
15 65 166
15 66 61
15 67 6
15 68 28
15 69 35
15 71 2
15 72 13
15 73 7
15 74 53
15 75 6
15 79 10
15 86 46
15 87 44
15 88 5
15 92 3
15 93 4
15 94 2
15 95 1
15 96 1
15 97 5
16 0 2
16 1 3
16 4 1
16 5 2
16 6 8
16 7 7
16 9 345
16 10 352
16 11 143
16 12 188
16 13 428
16 14 34
16 15 156
16 16 543
16 17 219
16 18 254
16 19 684
16 20 68
16 21 729
16 22 60
16 23 103
16 24 13
16 25 481
16 26 34
16 27 138
16 28 24
16 29 132
16 30 118
16 31 29
16 32 2
16 33 4
16 34 105
16 35 110
16 36 100
16 37 9
16 38 916
16 39 313
16 40 163
16 41 4
16 43 11
16 45 18
16 46 81
16 47 239
16 48 12
16 49 45
16 50 115
16 51 22
16 52 19
16 53 23
16 54 45
16 55 4
16 56 36
16 57 10
16 58 19
16 59 3
16 60 2
16 61 4
16 62 12
16 63 16
16 64 6
16 65 187
16 66 23
16 67 4
16 68 16
16 69 5
16 72 33
16 73 14
16 74 45
16 75 7
16 79 10
16 81 1
16 85 4
16 86 34
16 87 73
16 88 6
16 92 2
16 93 2
16 96 2
16 97 2
17 0 5
17 2 2
17 5 2
17 6 4
17 7 9
17 9 163
17 10 125
17 11 119
17 12 93
17 13 199
17 14 43
17 15 119
17 16 145
17 17 315
17 18 97
17 19 262
17 20 30
17 21 325
17 22 68
17 23 79
17 24 4
17 25 169
17 26 24
17 27 101
17 28 35
17 29 43
17 30 37
17 31 44
17 32 7
17 33 8
17 34 84
17 35 41
17 36 80
17 37 2
17 38 389
17 39 193
17 40 163
17 41 7
17 43 14
17 45 26
17 46 70
17 47 110
17 48 15
17 49 58
17 50 186
17 51 22
17 52 9
17 53 16
17 54 11
17 55 4
17 56 15
17 57 10
17 58 25
17 59 5
17 60 2
17 61 6
17 62 16
17 63 24
17 64 3
17 65 121
17 66 16
17 67 9
17 68 30
17 69 12
17 72 35
17 73 27
17 74 50
17 75 2
17 78 1
17 79 14
17 83 1
17 86 24
17 87 54
17 88 3
17 92 2
17 93 6
17 97 4
18 0 9
18 1 2
18 2 1
18 5 3
18 6 4
18 7 12
18 8 1
18 9 388
18 10 231
18 11 98
18 12 103
18 13 327
18 14 28
18 15 123
18 16 258
18 17 248
18 18 829
18 19 1149
18 20 152
18 21 1120
18 22 72
18 23 122
18 24 7
18 25 463
18 26 53
18 27 159
18 28 32
18 29 174
18 30 134
18 31 63
18 32 4
18 33 13
18 34 210
18 35 166
18 36 303
18 37 5
18 38 655
18 39 266
18 40 364
18 41 6
18 42 1
18 43 15
18 45 23
18 46 194
18 47 447
18 48 20
18 49 59
18 50 100
18 51 27
18 52 25
18 53 42
18 54 49
18 55 10
18 56 46
18 57 10
18 58 9
18 59 6
18 60 9
18 61 5
18 62 9
18 63 42
18 64 7
18 65 338
18 66 20
18 67 5
18 68 19
18 69 8
18 70 1
18 71 2
18 72 70
18 73 30
18 74 101
18 75 15
18 79 18
18 82 1
18 85 2
18 86 77
18 87 174
18 88 8
18 89 1
18 90 1
18 92 3
18 94 1
18 96 2
18 97 4
19 0 6
19 1 7
19 2 1
19 5 2
19 6 16
19 7 14
19 9 793
19 10 344
19 11 118
19 12 156
19 13 507
19 14 36
19 15 148
19 16 375
19 17 312
19 18 632
19 19 2259
19 20 203
19 21 1333
19 22 77
19 23 194
19 24 12
19 25 870
19 26 110
19 27 160
19 28 71
19 29 322
19 30 262
19 31 91
19 32 12
19 33 32
19 34 244
19 35 282
19 36 217
19 37 2
19 38 1142
19 39 386
19 40 348
19 41 19
19 43 23
19 44 2
19 45 20
19 46 166
19 47 664
19 48 19
19 49 78
19 50 163
19 51 35
19 52 49
19 53 36
19 54 66
19 55 9
19 56 83
19 57 13
19 58 15
19 59 11
19 60 10
19 61 3
19 62 21
19 63 55
19 64 3
19 65 315
19 66 28
19 67 14
19 68 41
19 69 15
19 71 3
19 72 68
19 73 62
19 74 108
19 75 21
19 78 1
19 79 24
19 85 6
19 86 88
19 87 232
19 88 18
19 89 2
19 92 3
19 93 12
19 95 3
19 96 2
19 97 3
20 0 5
20 1 8
20 5 5
20 6 7
20 7 18
20 9 436
20 10 169
20 11 86
20 12 108
20 13 311
20 14 23
20 15 81
20 16 319
20 17 266
20 18 745
20 19 1384
20 20 398
20 21 1017
20 22 58
20 23 132
20 24 11
20 25 430
20 26 108
20 27 96
20 28 20
20 29 219
20 30 101
20 31 38
20 32 3
20 33 17
20 34 369
20 35 429
20 36 273
20 37 3
20 38 633
20 39 191
20 40 278
20 41 10
20 43 10
20 45 18
20 46 185
20 47 408
20 48 36
20 49 67
20 50 126
20 51 20
20 52 47
20 53 91
20 54 69
20 55 16
20 56 61
20 57 6
20 58 8
20 59 4
20 60 6
20 61 3
20 62 11
20 63 19
20 64 3
20 65 293
20 66 12
20 67 8
20 68 48
20 69 14
20 71 5
20 72 105
20 73 70
20 74 132
20 75 9
20 76 1
20 78 1
20 79 21
20 85 2
20 86 189
20 87 248
20 88 26
20 90 3
20 93 4
20 94 1
20 97 4
21 0 16
21 1 4
21 2 2
21 3 1
21 5 4
21 6 21
21 7 21
21 9 372
21 10 339
21 11 160
21 12 198
21 13 441
21 14 57
21 15 200
21 16 484
21 17 446
21 18 468
21 19 1193
21 20 150
21 21 1889
21 22 112
21 23 208
21 24 5
21 25 482
21 26 70
21 27 257
21 28 65
21 29 177
21 30 165
21 31 65
21 32 13
21 33 8
21 34 249
21 35 183
21 36 407
21 37 10
21 38 890
21 39 487
21 40 646
21 41 9
21 43 20
21 45 46
21 46 283
21 47 532
21 48 45
21 49 79
21 50 215
21 51 33
21 52 49
21 53 55
21 54 73
21 55 7
21 56 61
21 57 16
21 58 16
21 59 17
21 60 5
21 61 12
21 62 35
21 63 37
21 64 15
21 65 364
21 66 26
21 67 10
21 68 78
21 69 24
21 70 1
21 71 2
21 72 89
21 73 68
21 74 157
21 75 16
21 78 3
21 79 30
21 85 4
21 86 125
21 87 213
21 88 17
21 89 1
21 90 1
21 92 5
21 93 2
21 94 1
21 96 5
21 97 3
22 0 17
22 1 3
22 2 1
22 4 1
22 5 8
22 6 15
22 7 35
22 9 286
22 10 489
22 11 211
22 12 173
22 13 516
22 14 85
22 15 600
22 16 237
22 17 338
22 18 122
22 19 506
22 20 66
22 21 601
22 22 558
22 23 638
22 24 24
22 25 608
22 26 42
22 27 536
22 28 171
22 29 91
22 30 306
22 31 184
22 32 28
22 33 15
22 34 160
22 35 111
22 36 110
22 37 14
22 38 2131
22 39 1324
22 40 246
22 41 13
22 43 53
22 44 1
22 45 35
22 46 129
22 47 172
22 48 13
22 49 119
22 50 320
22 51 104
22 52 25
22 53 36
22 54 66
22 55 10
22 56 90
22 57 22
22 58 46
22 59 47
22 60 16
22 61 27
22 62 80
22 63 38
22 64 28
22 65 250
22 66 63
22 67 15
22 68 82
22 69 50
22 71 5
22 72 44
22 73 29
22 74 78
22 75 5
22 78 1
22 79 14
22 83 3
22 85 2
22 86 59
22 87 135
22 88 9
22 92 7
22 93 11
22 94 2
22 96 3
22 97 7
23 0 18
23 1 8
23 2 3
23 5 4
23 6 20
23 7 43
23 9 229
23 10 263
23 11 137
23 12 108
23 13 325
23 14 84
23 15 341
23 16 216
23 17 324
23 18 101
23 19 431
23 20 81
23 21 443
23 22 330
23 23 960
23 24 54
23 25 464
23 26 56
23 27 834
23 28 376
23 29 73
23 30 316
23 31 193
23 32 53
23 33 30
23 34 144
23 35 87
23 36 110
23 37 14
23 38 865
23 39 988
23 40 254
23 41 28
23 43 67
23 45 41
23 46 175
23 47 163
23 48 25
23 49 132
23 50 263
23 51 184
23 52 28
23 53 36
23 54 58
23 55 3
23 56 75
23 57 23
23 58 63
23 59 44
23 60 13
23 61 32
23 62 125
23 63 56
23 64 24
23 65 273
23 66 58
23 67 23
23 68 127
23 69 106
23 70 3
23 71 7
23 72 42
23 73 28
23 74 49
23 75 13
23 79 17
23 82 2
23 83 1
23 85 2
23 86 36
23 87 83
23 88 14
23 90 1
23 92 10
23 93 23
23 94 1
23 95 1
23 96 2
23 97 11
24 0 6
24 1 1
24 2 4
24 4 2
24 5 3
24 6 12
24 7 19
24 9 106
24 10 109
24 11 41
24 12 42
24 13 195
24 14 22
24 15 124
24 16 83
24 17 100
24 18 51
24 19 204
24 20 28
24 21 189
24 22 138
24 23 351
24 24 69
24 25 246
24 26 31
24 27 353
24 28 160
24 29 36
24 30 148
24 31 84
24 32 19
24 33 6
24 34 50
24 35 34
24 36 30
24 37 4
24 38 411
24 39 399
24 40 88
24 41 13
24 43 27
24 45 25
24 46 55
24 47 89
24 48 3
24 49 39
24 50 67
24 51 147
24 52 8
24 53 16
24 54 26
24 55 2
24 56 37
24 57 10
24 58 22
24 59 13
24 60 9
24 61 9
24 62 35
24 63 18
24 64 6
24 65 100
24 66 24
24 67 7
24 68 113
24 69 69
24 70 1
24 71 4
24 72 18
24 73 19
24 74 24
24 75 1
24 79 9
24 84 1
24 85 1
24 86 15
24 87 44
24 88 11
24 90 1
24 92 8
24 93 5
24 94 1
24 96 1
24 97 4
25 0 7
25 1 2
25 2 3
25 4 1
25 5 3
25 6 10
25 7 19
25 9 309
25 10 349
25 11 48
25 12 82
25 13 347
25 14 28
25 15 125
25 16 77
25 17 106
25 18 132
25 19 424
25 20 35
25 21 373
25 22 63
25 23 130
25 24 5
25 25 1476
25 26 36
25 27 157
25 28 27
25 29 170
25 30 243
25 31 59
25 32 4
25 33 33
25 34 56
25 35 64
25 36 48
25 37 3
25 38 1182
25 39 378
25 40 76
25 41 22
25 43 21
25 44 1
25 45 10
25 46 49
25 47 180
25 48 12
25 49 21
25 50 44
25 51 38
25 52 20
25 53 19
25 54 67
25 55 1
25 56 72
25 57 13
25 58 24
25 59 8
25 60 10
25 61 8
25 62 16
25 63 18
25 64 1
25 65 82
25 66 13
25 67 12
25 68 44
25 69 17
25 70 1
25 71 3
25 72 32
25 73 10
25 74 22
25 75 5
25 78 3
25 79 13
25 85 1
25 86 24
25 87 53
25 88 10
25 90 1
25 91 1
25 92 2
25 93 8
25 94 1
25 96 4
25 97 7
26 1 1
26 6 3
26 7 9
26 9 155
26 10 53
26 11 28
26 12 25
26 13 96
26 14 7
26 15 21
26 16 63
26 17 77
26 18 168
26 19 454
26 20 74
26 21 327
26 22 26
26 23 49
26 24 4
26 25 261
26 26 183
26 27 54
26 28 20
26 29 200
26 30 79
26 31 24
26 32 2
26 33 12
26 34 194
26 35 167
26 36 49
26 38 219
26 39 94
26 40 100
26 41 4
26 42 1
26 43 12
26 45 3
26 46 61
26 47 183
26 48 4
26 49 15
26 50 32
26 51 9
26 52 61
26 53 39
26 54 64
26 55 6
26 56 39
26 57 4
26 58 10
26 59 1
26 60 6
26 61 4
26 62 3
26 63 15
26 64 2
26 65 92
26 67 4
26 68 17
26 69 5
26 72 21
26 73 13
26 74 28
26 75 7
26 79 7
26 85 2
26 86 55
26 87 65
26 88 9
26 92 2
26 93 5
26 94 1
26 96 1
26 97 1
27 0 12
27 1 8
27 2 3
27 3 1
27 4 2
27 5 8
27 6 12
27 7 43
27 9 446
27 10 703
27 11 214
27 12 179
27 13 729
27 14 86
27 15 490
27 16 313
27 17 397
27 18 272
27 19 828
27 20 90
27 21 783
27 22 325
27 23 773
27 24 34
27 25 1289
27 26 81
27 27 1597
27 28 491
27 29 196
27 30 727
27 31 440
27 32 66
27 33 40
27 34 198
27 35 153
27 36 97
27 37 9
27 38 2276
27 39 2041
27 40 269
27 41 50
27 42 1
27 43 88
27 45 45
27 46 139
27 47 199
27 48 13
27 49 136
27 50 258
27 51 198
27 52 35
27 53 42
27 54 121
27 55 10
27 56 204
27 57 76
27 58 76
27 59 32
27 60 39
27 61 31
27 62 71
27 63 61
27 64 16
27 65 256
27 66 85
27 67 26
27 68 127
27 69 94
27 70 1
27 71 3
27 72 44
27 73 23
27 74 59
27 75 17
27 78 2
27 79 19
27 82 1
27 85 2
27 86 68
27 87 138
27 88 9
27 91 2
27 92 16
27 93 22
27 95 2
27 96 7
27 97 12
28 0 12
28 1 2
28 2 3
28 4 2
28 5 7
28 6 7
28 7 32
28 9 380
28 10 431
28 11 123
28 12 143
28 13 567
28 14 56
28 15 317
28 16 242
28 17 245
28 18 169
28 19 694
28 20 75
28 21 538
28 22 330
28 23 602
28 24 30
28 25 1077
28 26 76
28 27 1009
28 28 816
28 29 136
28 30 666
28 31 413
28 32 114
28 33 42
28 34 160
28 35 135
28 36 88
28 37 10
28 38 1460
28 39 1191
28 40 206
28 41 30
28 43 101
28 45 22
28 46 129
28 47 161
28 48 16
28 49 119
28 50 168
28 51 213
28 52 25
28 53 28
28 54 99
28 55 2
28 56 135
28 57 56
28 58 86
28 59 24
28 60 62
28 61 15
28 62 73
28 63 60
28 64 7
28 65 241
28 66 44
28 67 24
28 68 138
28 69 100
28 70 1
28 71 2
28 72 37
28 73 28
28 74 44
28 75 8
28 76 1
28 79 11
28 84 1
28 85 1
28 86 41
28 87 81
28 88 6
28 90 1
28 91 1
28 92 13
28 93 28
28 94 1
28 95 1
28 96 4
28 97 21
29 0 1
29 5 1
29 6 2
29 9 140
29 10 49
29 11 24
29 12 13
29 13 60
29 14 2
29 15 11
29 16 43
29 17 19
29 18 48
29 19 259
29 20 16
29 21 144
29 22 15
29 23 30
29 25 216
29 26 33
29 27 22
29 28 6
29 29 199
29 30 33
29 31 8
29 32 4
29 33 5
29 34 28
29 35 29
29 36 27
29 38 177
29 39 41
29 40 41
29 41 3
29 43 5
29 45 2
29 46 20
29 47 129
29 48 3
29 49 2
29 50 16
29 51 2
29 52 28
29 53 9
29 54 15
29 55 1
29 56 19
29 57 1
29 58 6
29 60 5
29 61 2
29 62 2
29 63 10
29 65 34
29 66 1
29 67 3
29 68 8
29 69 2
29 71 1
29 72 15
29 73 8
29 74 15
29 75 1
29 79 1
29 86 10
29 87 21
29 88 3
29 94 2
29 95 1
29 96 3
29 97 3
30 0 5
30 1 2
30 4 2
30 6 1
30 7 9
30 9 130
30 10 177
30 11 23
30 12 38
30 13 171
30 14 7
30 15 104
30 16 80
30 17 90
30 18 93
30 19 272
30 20 17
30 21 206
30 22 58
30 23 148
30 24 3
30 25 738
30 26 17
30 27 138
30 28 37
30 29 84
30 30 644
30 31 122
30 32 3
30 33 22
30 34 34
30 35 40
30 36 28
30 37 6
30 38 641
30 39 305
30 40 73
30 41 17
30 42 1
30 43 20
30 44 1
30 46 32
30 47 48
30 48 4
30 49 13
30 50 39
30 51 40
30 52 12
30 53 16
30 54 54
30 55 4
30 56 94
30 57 37
30 58 38
30 59 4
30 60 19
30 61 5
30 62 11
30 63 29
30 64 2
30 65 56
30 66 13
30 67 7
30 68 29
30 69 26
30 72 14
30 73 12
30 74 16
30 75 4
30 78 1
30 82 1
30 86 11
30 87 33
30 88 5
30 92 3
30 93 9
30 94 1
30 96 3
30 97 6
31 0 11
31 1 6
31 2 1
31 4 2
31 5 1
31 6 7
31 7 19
31 9 301
31 10 419
31 11 58
31 12 75
31 13 412
31 14 33
31 15 150
31 16 183
31 17 167
31 18 220
31 19 561
31 20 54
31 21 420
31 22 172
31 23 309
31 24 12
31 25 1321
31 26 42
31 27 477
31 28 175
31 29 142
31 30 853
31 31 526
31 32 19
31 33 35
31 34 106
31 35 87
31 36 70
31 37 5
31 38 1243
31 39 702
31 40 128
31 41 30
31 43 81
31 45 11
31 46 62
31 47 130
31 48 13
31 49 48
31 50 77
31 51 56
31 52 29
31 53 16
31 54 71
31 55 2
31 56 133
31 57 85
31 58 70
31 59 16
31 60 47
31 61 18
31 62 45
31 63 69
31 64 9
31 65 179
31 66 17
31 67 9
31 68 85
31 69 34
31 72 44
31 73 19
31 74 38
31 75 7
31 79 6
31 85 1
31 86 36
31 87 63
31 88 5
31 92 20
31 93 11
31 96 4
31 97 12
32 0 1
32 1 3
32 2 1
32 4 1
32 6 1
32 7 3
32 9 33
32 10 40
32 11 16
32 12 20
32 13 76
32 14 7
32 15 21
32 16 27
32 17 28
32 18 21
32 19 92
32 20 8
32 21 48
32 22 47
32 23 76
32 24 11
32 25 137
32 26 4
32 27 98
32 28 75
32 29 11
32 30 71
32 31 33
32 32 39
32 33 2
32 34 22
32 35 15
32 36 15
32 38 166
32 39 117
32 40 33
32 43 15
32 45 9
32 46 13
32 47 25
32 48 3
32 49 10
32 50 28
32 51 59
32 52 1
32 54 2
32 55 4
32 56 16
32 57 8
32 58 10
32 59 3
32 60 12
32 61 2
32 62 10
32 63 7
32 64 1
32 65 27
32 66 6
32 67 6
32 68 40
32 69 17
32 72 5
32 73 3
32 74 14
32 75 2
32 79 3
32 81 1
32 86 1
32 87 20
32 88 1
32 92 5
32 93 10
32 94 1
32 96 2
33 0 2
33 1 1
33 2 1
33 4 1
33 5 1
33 6 6
33 7 5
33 9 83
33 10 57
33 11 8
33 12 16
33 13 82
33 14 10
33 15 21
33 16 40
33 17 32
33 18 53
33 19 132
33 20 19
33 21 123
33 22 22
33 23 56
33 24 3
33 25 439
33 26 21
33 27 83
33 28 18
33 29 61
33 30 127
33 31 21
33 32 4
33 33 128
33 34 26
33 35 16
33 36 14
33 37 1
33 38 268
33 39 74
33 40 30
33 41 11
33 43 8
33 45 1
33 46 14
33 47 55
33 48 1
33 49 2
33 50 27
33 51 8
33 52 13
33 53 7
33 54 42
33 55 1
33 56 107
33 57 7
33 58 9
33 59 5
33 60 2
33 62 6
33 63 11
33 65 44
33 66 3
33 67 4
33 68 9
33 69 4
33 70 1
33 71 1
33 72 8
33 73 8
33 74 9
33 75 5
33 79 3
33 81 1
33 85 1
33 86 8
33 87 15
33 88 2
33 92 3
33 94 1
33 97 5
34 0 7
34 1 5
34 2 2
34 4 1
34 5 5
34 6 27
34 7 33
34 8 2
34 9 763
34 10 286
34 11 138
34 12 179
34 13 589
34 14 41
34 15 158
34 16 437
34 17 412
34 18 952
34 19 2470
34 20 514
34 21 1787
34 22 146
34 23 269
34 24 9
34 25 1149
34 26 421
34 27 323
34 28 86
34 29 559
34 30 320
34 31 158
34 32 23
34 33 37
34 34 2531
34 35 825
34 36 482
34 37 5
34 38 1168
34 39 522
34 40 622
34 41 26
34 42 5
34 43 39
34 44 1
34 45 34
34 46 362
34 47 1463
34 48 82
34 49 88
34 50 174
34 51 61
34 52 157
34 53 618
34 54 207
34 55 89
34 56 171
34 57 21
34 58 31
34 59 6
34 60 14
34 61 10
34 62 35
34 63 93
34 64 5
34 65 615
34 66 34
34 67 49
34 68 118
34 69 35
34 70 1
34 71 18
34 72 311
34 73 209
34 74 390
34 75 82
34 76 1
34 78 1
34 79 52
34 82 2
34 85 15
34 86 444
34 87 662
34 88 105
34 90 3
34 92 7
34 93 8
34 94 1
34 95 4
34 96 11
34 97 11
35 0 1
35 1 1
35 5 4
35 6 10
35 7 15
35 9 411
35 10 143
35 11 83
35 12 95
35 13 270
35 14 22
35 15 77
35 16 219
35 17 190
35 18 355
35 19 1112
35 20 187
35 21 798
35 22 38
35 23 97
35 24 6
35 25 594
35 26 152
35 27 81
35 28 17
35 29 253
35 30 124
35 31 43
35 32 5
35 33 20
35 34 329
35 35 494
35 36 165
35 37 6
35 38 567
35 39 195
35 40 246
35 41 15
35 43 18
35 45 18
35 46 97
35 47 453
35 48 28
35 49 44
35 50 104
35 51 16
35 52 53
35 53 91
35 54 60
35 55 14
35 56 35
35 57 13
35 58 11
35 59 13
35 60 2
35 61 4
35 62 11
35 63 57
35 64 4
35 65 222
35 66 21
35 67 12
35 68 39
35 69 7
35 71 2
35 72 54
35 73 37
35 74 113
35 75 16
35 78 1
35 79 24
35 85 3
35 86 95
35 87 169
35 88 27
35 92 4
35 93 2
35 94 1
35 96 4
35 97 4
36 0 11
36 5 2
36 6 15
36 7 20
36 9 231
36 10 117
36 11 78
36 12 65
36 13 228
36 14 18
36 15 68
36 16 191
36 17 213
36 18 289
36 19 632
36 20 93
36 21 696
36 22 65
36 23 130
36 24 4
36 25 309
36 26 42
36 27 126
36 28 30
36 29 89
36 30 89
36 31 36
36 32 10
36 33 11
36 34 183
36 35 139
36 36 567
36 37 1
36 38 405
36 39 190
36 40 278
36 41 5
36 43 8
36 44 1
36 45 17
36 46 319
36 47 536
36 48 39
36 49 42
36 50 97
36 51 21
36 52 17
36 53 35
36 54 36
36 55 1
36 56 35
36 57 5
36 58 9
36 59 5
36 60 10
36 61 9
36 62 15
36 63 34
36 64 4
36 65 255
36 66 23
36 67 23
36 68 54
36 69 18
36 70 1
36 71 14
36 72 133
36 73 65
36 74 149
36 75 14
36 76 1
36 78 1
36 79 18
36 86 76
36 87 230
36 88 10
36 90 1
36 92 2
36 93 5
36 94 5
36 96 4
36 97 6
37 6 1
37 11 1
37 13 4
37 16 1
37 21 1
37 25 1
37 31 1
37 36 1
37 38 5
37 39 2
37 50 1
37 55 1
37 75 1
37 86 1
38 0 2
38 2 1
38 6 1
38 7 5
38 9 100
38 10 154
38 11 22
38 12 21
38 13 95
38 14 12
38 15 76
38 16 36
38 17 51
38 18 41
38 19 171
38 20 17
38 21 190
38 22 25
38 23 48
38 24 1
38 25 260
38 26 12
38 27 42
38 28 10
38 29 53
38 30 55
38 31 16
38 32 7
38 33 7
38 34 22
38 35 18
38 36 26
38 37 2
38 38 1031
38 39 145
38 40 37
38 41 5
38 43 10
38 45 1
38 46 9
38 47 80
38 48 5
38 49 8
38 50 23
38 51 5
38 52 3
38 53 3
38 54 13
38 55 1
38 56 21
38 57 6
38 58 7
38 59 1
38 60 5
38 61 1
38 62 7
38 63 4
38 65 40
38 66 2
38 67 3
38 68 21
38 69 3
38 72 6
38 73 6
38 74 12
38 79 6
38 86 17
38 87 14
38 88 2
38 90 1
38 92 2
38 93 1
38 96 3
38 97 2
39 0 10
39 1 3
39 5 7
39 6 5
39 7 30
39 9 455
39 10 922
39 11 170
39 12 148
39 13 712
39 14 55
39 15 546
39 16 203
39 17 297
39 18 214
39 19 754
39 20 61
39 21 640
39 22 214
39 23 447
39 24 12
39 25 1372
39 26 53
39 27 552
39 28 144
39 29 233
39 30 520
39 31 204
39 32 22
39 33 34
39 34 120
39 35 107
39 36 115
39 37 9
39 38 3470
39 39 2148
39 40 159
39 41 24
39 43 59
39 44 2
39 45 18
39 46 109
39 47 241
39 48 17
39 49 54
39 50 182
39 51 64
39 52 35
39 53 26
39 54 69
39 55 6
39 56 114
39 57 24
39 58 33
39 59 24
39 60 21
39 61 18
39 62 47
39 63 34
39 64 10
39 65 199
39 66 45
39 67 12
39 68 92
39 69 43
39 71 5
39 72 29
39 73 18
39 74 63
39 75 9
39 79 13
39 83 2
39 85 1
39 86 52
39 87 91
39 88 7
39 92 9
39 93 14
39 95 1
39 96 1
39 97 7
40 0 14
40 1 3
40 2 3
40 5 7
40 6 22
40 7 18
40 9 331
40 10 277
40 11 226
40 12 172
40 13 409
40 14 91
40 15 252
40 16 514
40 17 624
40 18 373
40 19 921
40 20 167
40 21 1220
40 22 151
40 23 270
40 24 7
40 25 437
40 26 58
40 27 247
40 28 70
40 29 122
40 30 141
40 31 90
40 32 19
40 33 12
40 34 263
40 35 202
40 36 486
40 37 8
40 38 741
40 39 502
40 40 1031
40 41 8
40 43 30
40 44 2
40 45 78
40 46 394
40 47 491
40 48 56
40 49 158
40 50 366
40 51 36
40 52 30
40 53 70
40 54 47
40 55 12
40 56 55
40 57 14
40 58 24
40 59 30
40 60 4
40 61 12
40 62 46
40 63 56
40 64 16
40 65 580
40 66 53
40 67 11
40 68 74
40 69 37
40 71 2
40 72 132
40 73 53
40 74 162
40 75 13
40 76 1
40 78 1
40 79 31
40 85 2
40 86 72
40 87 251
40 88 18
40 89 1
40 92 3
40 93 4
40 94 1
40 96 6
40 97 1
41 0 3
41 4 1
41 6 4
41 7 5
41 9 74
41 10 62
41 11 8
41 12 19
41 13 78
41 14 2
41 15 18
41 16 31
41 17 33
41 18 30
41 19 138
41 20 15
41 21 73
41 22 22
41 23 32
41 24 3
41 25 247
41 26 26
41 27 42
41 28 9
41 29 58
41 30 120
41 31 30
41 32 3
41 33 28
41 34 36
41 35 21
41 36 18
41 37 1
41 38 133
41 39 69
41 40 20
41 41 303
41 42 6
41 43 46
41 45 4
41 46 14
41 47 42
41 48 2
41 49 7
41 50 24
41 51 34
41 52 10
41 53 14
41 54 159
41 55 1
41 56 158
41 57 44
41 58 39
41 59 4
41 60 6
41 62 7
41 63 14
41 64 3
41 65 19
41 66 7
41 67 226
41 68 18
41 69 5
41 71 1
41 72 4
41 73 11
41 74 22
41 75 2
41 79 3
41 81 1
41 85 1
41 86 12
41 87 27
41 88 6
41 92 8
41 93 7
41 96 1
41 97 1
42 1 1
42 9 2
42 10 2
42 12 1
42 13 4
42 16 1
42 18 1
42 19 3
42 21 4
42 22 1
42 25 5
42 27 1
42 30 5
42 31 2
42 34 2
42 35 1
42 37 1
42 38 3
42 39 3
42 41 2
42 42 3
42 43 6
42 47 1
42 50 1
42 51 3
42 53 1
42 54 4
42 56 8
42 57 1
42 58 1
42 67 8
42 68 3
42 69 1
42 72 1
42 87 1
42 88 1
42 92 2
43 0 6
43 1 6
43 2 1
43 4 1
43 5 1
43 6 2
43 7 16
43 8 1
43 9 97
43 10 81
43 11 18
43 12 19
43 13 112
43 14 13
43 15 34
43 16 49
43 17 62
43 18 47
43 19 164
43 20 18
43 21 167
43 22 46
43 23 110
43 24 3
43 25 302
43 26 21
43 27 106
43 28 47
43 29 55
43 30 226
43 31 80
43 32 19
43 33 12
43 34 62
43 35 25
43 36 29
43 37 3
43 38 279
43 39 167
43 40 50
43 41 44
43 42 5
43 43 691
43 45 5
43 46 27
43 47 62
43 48 7
43 49 11
43 50 35
43 51 49
43 52 8
43 53 12
43 54 80
43 55 3
43 56 133
43 57 69
43 58 222
43 59 7
43 60 8
43 61 4
43 62 12
43 63 17
43 65 39
43 66 7
43 67 8
43 68 81
43 69 33
43 72 8
43 73 8
43 74 17
43 75 3
43 79 7
43 82 1
43 83 1
43 85 1
43 86 11
43 87 28
43 88 5
43 92 53
43 93 80
43 96 4
43 97 3
44 6 7
44 7 1
44 9 14
44 10 3
44 11 3
44 12 8
44 13 20
44 14 2
44 15 5
44 16 6
44 17 8
44 18 12
44 19 27
44 20 6
44 21 45
44 22 5
44 23 2
44 25 8
44 26 4
44 27 6
44 28 4
44 29 3
44 30 3
44 31 2
44 34 15
44 35 12
44 36 19
44 38 19
44 39 4
44 40 21
44 43 1
44 44 1
44 45 4
44 46 31
44 47 42
44 48 10
44 49 5
44 50 4
44 51 6
44 52 2
44 53 3
44 54 1
44 56 1
44 58 2
44 59 2
44 61 1
44 62 1
44 63 4
44 65 31
44 66 1
44 67 3
44 69 1
44 72 17
44 73 6
44 74 10
44 75 3
44 78 2
44 79 50
44 87 10
44 88 2
44 89 5
44 90 3
44 92 2
44 97 1
45 0 9
45 1 3
45 5 2
45 6 121
45 7 32
45 9 121
45 10 80
45 11 70
45 12 72
45 13 180
45 14 32
45 15 121
45 16 116
45 17 215
45 18 157
45 19 345
45 20 55
45 21 401
45 22 65
45 23 147
45 24 9
45 25 151
45 26 23
45 27 104
45 28 46
45 29 46
45 30 65
45 31 29
45 32 10
45 33 7
45 34 122
45 35 64
45 36 164
45 37 2
45 38 298
45 39 224
45 40 253
45 41 9
45 42 1
45 43 10
45 44 2
45 45 213
45 46 248
45 47 219
45 48 36
45 49 107
45 50 118
45 51 36
45 52 10
45 53 26
45 54 14
45 55 1
45 56 16
45 57 6
45 58 12
45 59 7
45 60 1
45 61 10
45 62 41
45 63 40
45 64 3
45 65 309
45 66 34
45 67 14
45 68 55
45 69 17
45 71 8
45 72 40
45 73 32
45 74 69
45 75 5
45 76 2
45 78 1
45 79 33
45 85 2
45 86 47
45 87 116
45 88 5
45 89 1
45 92 3
45 93 4
45 94 1
45 96 2
45 97 1
46 0 25
46 1 6
46 2 6
46 3 2
46 5 15
46 6 65
46 7 63
46 8 2
46 9 627
46 10 275
46 11 193
46 12 198
46 13 749
46 14 60
46 15 253
46 16 477
46 17 639
46 18 737
46 19 1689
46 20 313
46 21 1799
46 22 244
46 23 421
46 24 25
46 25 748
46 26 124
46 27 340
46 28 113
46 29 275
46 30 300
46 31 139
46 32 23
46 33 22
46 34 568
46 35 377
46 36 1080
46 37 18
46 38 1132
46 39 597
46 40 1118
46 41 13
46 43 20
46 44 1
46 45 132
46 46 1824
46 47 1809
46 48 192
46 49 204
46 50 321
46 51 108
46 52 55
46 53 110
46 54 74
46 55 16
46 56 67
46 57 25
46 58 37
46 59 35
46 60 12
46 61 22
46 62 76
46 63 146
46 64 9
46 65 1229
46 66 36
46 67 35
46 68 182
46 69 40
46 70 2
46 71 18
46 72 355
46 73 232
46 74 594
46 75 48
46 76 1
46 78 10
46 79 126
46 85 8
46 86 210
46 87 696
46 88 32
46 89 3
46 90 3
46 92 6
46 93 8
46 94 2
46 95 1
46 96 7
46 97 13
47 0 10
47 1 8
47 2 1
47 5 7
47 6 19
47 7 39
47 9 430
47 10 184
47 11 145
47 12 132
47 13 437
47 14 42
47 15 140
47 16 327
47 17 415
47 18 561
47 19 1227
47 20 258
47 21 1201
47 22 105
47 23 206
47 24 7
47 25 485
47 26 107
47 27 164
47 28 38
47 29 163
47 30 178
47 31 76
47 32 14
47 33 13
47 34 575
47 35 308
47 36 908
47 37 7
47 38 739
47 39 345
47 40 570
47 41 12
47 43 15
47 45 73
47 46 748
47 47 2642
47 48 229
47 49 111
47 50 216
47 51 54
47 52 38
47 53 124
47 54 65
47 55 10
47 56 60
47 57 6
47 58 7
47 59 18
47 60 5
47 61 14
47 62 40
47 63 92
47 64 5
47 65 602
47 66 29
47 67 25
47 68 112
47 69 25
47 70 1
47 71 14
47 72 492
47 73 313
47 74 912
47 75 76
47 76 2
47 78 4
47 79 175
47 82 1
47 83 1
47 85 9
47 86 183
47 87 1019
47 88 29
47 89 3
47 90 2
47 92 1
47 93 4
47 94 1
47 95 1
47 96 6
47 97 6
48 0 2
48 1 5
48 4 1
48 5 3
48 6 22
48 7 23
48 8 1
48 9 184
48 10 74
48 11 47
48 12 60
48 13 240
48 14 12
48 15 73
48 16 132
48 17 189
48 18 269
48 19 524
48 20 116
48 21 554
48 22 29
48 23 123
48 24 5
48 25 189
48 26 53
48 27 131
48 28 30
48 29 81
48 30 66
48 31 29
48 32 7
48 33 7
48 34 277
48 35 147
48 36 388
48 37 3
48 38 301
48 39 133
48 40 244
48 41 6
48 43 14
48 44 3
48 45 38
48 46 398
48 47 917
48 48 507
48 49 72
48 50 73
48 51 32
48 52 14
48 53 66
48 54 26
48 55 7
48 56 29
48 57 8
48 58 13
48 59 6
48 60 1
48 61 11
48 62 12
48 63 30
48 64 3
48 65 313
48 66 24
48 67 18
48 68 52
48 69 12
48 71 26
48 72 336
48 73 156
48 74 459
48 75 59
48 76 1
48 77 1
48 78 7
48 79 186
48 83 1
48 85 7
48 86 75
48 87 420
48 88 19
48 89 1
48 90 8
48 92 1
48 93 3
48 96 3
48 97 5
49 0 8
49 1 1
49 2 1
49 4 1
49 5 1
49 6 12
49 7 6
49 9 133
49 10 109
49 11 94
49 12 68
49 13 199
49 14 53
49 15 200
49 16 125
49 17 259
49 18 98
49 19 309
49 20 52
49 21 340
49 22 77
49 23 168
49 24 9
49 25 145
49 26 31
49 27 117
49 28 42
49 29 36
49 30 67
49 31 32
49 32 11
49 33 4
49 34 84
49 35 71
49 36 121
49 37 2
49 38 305
49 39 260
49 40 187
49 41 10
49 43 21
49 45 39
49 46 142
49 47 159
49 48 16
49 49 164
49 50 227
49 51 44
49 52 19
49 53 24
49 54 36
49 55 2
49 56 20
49 57 3
49 58 17
49 59 22
49 60 4
49 61 11
49 62 48
49 63 89
49 64 15
49 65 238
49 66 35
49 67 3
49 68 37
49 69 9
49 71 4
49 72 28
49 73 25
49 74 58
49 75 3
49 79 12
49 82 1
49 85 3
49 86 19
49 87 80
49 88 3
49 93 10
49 95 1
49 96 3
49 97 4
50 0 9
50 1 2
50 5 5
50 6 9
50 7 16
50 9 288
50 10 285
50 11 208
50 12 174
50 13 479
50 14 97
50 15 403
50 16 242
50 17 336
50 18 185
50 19 546
50 20 79
50 21 600
50 22 137
50 23 191
50 24 5
50 25 363
50 26 43
50 27 210
50 28 60
50 29 73
50 30 137
50 31 64
50 32 22
50 33 6
50 34 118
50 35 107
50 36 148
50 37 8
50 38 1190
50 39 520
50 40 293
50 41 6
50 43 16
50 44 1
50 45 35
50 46 137
50 47 264
50 48 16
50 49 119
50 50 466
50 51 35
50 52 20
50 53 36
50 54 28
50 55 5
50 56 38
50 57 12
50 58 21
50 59 12
50 60 10
50 61 7
50 62 27
50 63 58
50 64 12
50 65 234
50 66 46
50 67 11
50 68 44
50 69 17
50 71 1
50 72 28
50 73 30
50 74 63
50 75 11
50 78 1
50 79 17
50 86 54
50 87 106
50 88 11
50 90 1
50 92 1
50 93 6
50 95 1
50 96 4
51 0 41
51 1 8
51 2 4
51 4 5
51 5 6
51 6 12
51 7 24
51 9 174
51 10 176
51 11 65
51 12 99
51 13 349
51 14 21
51 15 156
51 16 109
51 17 137
51 18 87
51 19 347
51 20 52
51 21 244
51 22 167
51 23 397
51 24 49
51 25 428
51 26 40
51 27 506
51 28 281
51 29 52
51 30 356
51 31 171
51 32 98
51 33 19
51 34 111
51 35 58
51 36 70
51 37 6
51 38 573
51 39 529
51 40 107
51 41 24
51 42 1
51 43 151
51 45 36
51 46 64
51 47 105
51 48 19
51 49 80
51 50 81
51 51 772
51 52 18
51 53 31
51 54 43
51 55 2
51 56 74
51 57 32
51 58 99
51 59 43
51 60 27
51 61 20
51 62 68
51 63 38
51 64 8
51 65 126
51 66 32
51 67 12
51 68 416
51 69 304
51 70 4
51 71 2
51 72 14
51 73 19
51 74 39
51 75 9
51 78 2
51 79 11
51 82 1
51 83 1
51 85 2
51 86 20
51 87 73
51 88 7
51 89 1
51 92 29
51 93 81
51 95 2
51 96 2
51 97 7
52 0 5
52 1 1
52 5 5
52 6 5
52 7 13
52 9 202
52 10 86
52 11 19
52 12 28
52 13 110
52 14 7
52 15 29
52 16 67
52 17 78
52 18 153
52 19 407
52 20 46
52 21 325
52 22 18
52 23 38
52 24 9
52 25 411
52 26 138
52 27 59
52 28 24
52 29 455
52 30 119
52 31 35
52 32 1
52 33 12
52 34 124
52 35 110
52 36 42
52 37 1
52 38 342
52 39 90
52 40 89
52 41 10
52 43 8
52 45 10
52 46 43
52 47 248
52 48 5
52 49 7
52 50 34
52 51 9
52 52 259
52 53 37
52 54 102
52 55 3
52 56 38
52 57 8
52 58 7
52 59 3
52 60 1
52 61 3
52 62 5
52 63 14
52 64 2
52 65 98
52 66 5
52 67 8
52 68 17
52 69 12
52 71 2
52 72 24
52 73 9
52 74 28
52 75 8
52 76 1
52 79 4
52 85 2
52 86 40
52 87 62
52 88 5
52 90 1
52 92 1
52 93 2
52 96 2
53 0 10
53 1 9
53 5 6
53 6 33
53 7 38
53 9 481
53 10 160
53 11 81
53 12 92
53 13 418
53 14 26
53 15 131
53 16 274
53 17 245
53 18 559
53 19 1442
53 20 347
53 21 1101
53 22 105
53 23 169
53 24 11
53 25 536
53 26 241
53 27 230
53 28 73
53 29 335
53 30 153
53 31 95
53 32 17
53 33 22
53 34 1779
53 35 554
53 36 360
53 37 4
53 38 653
53 39 279
53 40 390
53 41 34
53 42 1
53 43 30
53 45 44
53 46 281
53 47 891
53 48 80
53 49 67
53 50 121
53 51 57
53 52 93
53 53 1026
53 54 138
53 55 152
53 56 94
53 57 22
53 58 26
53 59 13
53 60 7
53 61 8
53 62 17
53 63 41
53 64 11
53 65 330
53 66 21
53 67 90
53 68 90
53 69 32
53 70 1
53 71 18
53 72 371
53 73 285
53 74 316
53 75 90
53 76 1
53 78 2
53 79 48
53 85 13
53 86 271
53 87 528
53 88 255
53 89 2
53 92 4
53 93 5
53 94 2
53 96 10
53 97 6
54 0 6
54 1 4
54 5 5
54 6 3
54 7 14
54 9 176
54 10 101
54 11 29
54 12 44
54 13 132
54 14 12
54 15 57
54 16 54
54 17 52
54 18 86
54 19 348
54 20 55
54 21 240
54 22 42
54 23 75
54 24 4
54 25 460
54 26 83
54 27 91
54 28 26
54 29 163
54 30 184
54 31 51
54 32 11
54 33 45
54 34 110
54 35 66
54 36 35
54 38 345
54 39 140
54 40 78
54 41 72
54 43 29
54 45 9
54 46 38
54 47 149
54 48 7
54 49 23
54 50 57
54 51 22
54 52 48
54 53 30
54 54 845
54 55 8
54 56 296
54 57 34
54 58 39
54 59 8
54 60 10
54 61 4
54 62 9
54 63 18
54 64 2
54 65 85
54 66 8
54 67 25
54 68 47
54 69 11
54 71 1
54 72 26
54 73 20
54 74 62
54 75 5
54 76 2
54 78 1
54 79 4
54 85 2
54 86 39
54 87 51
54 88 3
54 89 1
54 90 1
54 92 2
54 93 6
54 96 4
54 97 1
55 0 1
55 1 1
55 4 2
55 5 5
55 6 5
55 7 13
55 9 53
55 10 33
55 11 9
55 12 16
55 13 54
55 14 4
55 15 16
55 16 46
55 17 51
55 18 72
55 19 200
55 20 50
55 21 147
55 22 15
55 23 37
55 25 94
55 26 36
55 27 51
55 28 19
55 29 51
55 30 28
55 31 17
55 32 2
55 33 4
55 34 266
55 35 89
55 36 56
55 38 87
55 39 72
55 40 60
55 41 13
55 43 12
55 44 1
55 45 7
55 46 45
55 47 154
55 48 11
55 49 7
55 50 15
55 51 7
55 52 18
55 53 175
55 54 38
55 55 369
55 56 16
55 57 4
55 58 7
55 59 2
55 60 2
55 61 2
55 62 6
55 63 8
55 65 53
55 66 5
55 67 33
55 68 23
55 69 6
55 71 3
55 72 37
55 73 37
55 74 32
55 75 11
55 76 1
55 79 3
55 85 4
55 86 23
55 87 70
55 88 20
55 89 1
55 92 2
55 93 1
55 96 2
55 97 2
56 0 2
56 1 2
56 5 1
56 6 1
56 7 13
56 9 153
56 10 90
56 11 23
56 12 20
56 13 94
56 14 7
56 15 38
56 16 48
56 17 43
56 18 81
56 19 258
56 20 30
56 21 175
56 22 40
56 23 87
56 24 3
56 25 610
56 26 37
56 27 58
56 28 33
56 29 91
56 30 266
56 31 42
56 32 1
56 33 56
56 34 53
56 35 53
56 36 28
56 37 1
56 38 335
56 39 125
56 40 29
56 41 92
56 42 1
56 43 37
56 45 4
56 46 31
56 47 90
56 48 6
56 49 10
56 50 23
56 51 17
56 52 18
56 53 7
56 54 234
56 55 4
56 56 342
56 57 61
56 58 34
56 59 1
56 60 9
56 62 15
56 63 25
56 65 63
56 66 4
56 67 23
56 68 27
56 69 9
56 71 2
56 72 16
56 73 9
56 74 23
56 75 4
56 79 4
56 83 1
56 86 17
56 87 34
56 88 1
56 90 1
56 92 3
56 93 1
56 95 1
56 96 1
56 97 2
57 0 2
57 1 2
57 5 1
57 6 2
57 7 5
57 9 57
57 10 98
57 11 13
57 12 27
57 13 95
57 14 8
57 15 41
57 16 43
57 17 40
57 18 28
57 19 131
57 20 9
57 21 107
57 22 35
57 23 74
57 24 2
57 25 297
57 26 12
57 27 97
57 28 36
57 29 53
57 30 206
57 31 58
57 32 5
57 33 19
57 34 15
57 35 26
57 36 11
57 38 240
57 39 141
57 40 48
57 41 36
57 43 66
57 45 3
57 46 9
57 47 30
57 48 1
57 49 17
57 50 16
57 51 18
57 52 10
57 53 4
57 54 83
57 55 1
57 56 104
57 57 103
57 58 68
57 59 3
57 60 10
57 62 7
57 63 14
57 64 1
57 65 39
57 66 6
57 67 6
57 68 23
57 69 15
57 71 1
57 72 3
57 73 8
57 74 5
57 75 1
57 79 3
57 82 1
57 86 8
57 87 14
57 90 1
57 92 3
57 93 2
57 95 1
57 96 3
57 97 1
58 0 9
58 1 3
58 5 3
58 6 6
58 7 7
58 9 85
58 10 106
58 11 24
58 12 31
58 13 161
58 14 8
58 15 38
58 16 50
58 17 48
58 18 51
58 19 210
58 20 17
58 21 169
58 22 57
58 23 124
58 24 16
58 25 433
58 26 28
58 27 156
58 28 60
58 29 78
58 30 329
58 31 120
58 32 18
58 33 14
58 34 40
58 35 11
58 36 22
58 37 4
58 38 409
58 39 242
58 40 52
58 41 24
58 42 2
58 43 245
58 45 4
58 46 25
58 47 76
58 48 3
58 49 17
58 50 30
58 51 80
58 52 4
58 53 7
58 54 44
58 55 2
58 56 82
58 57 42
58 58 304
58 59 2
58 60 27
58 61 2
58 62 7
58 63 16
58 64 3
58 65 59
58 66 4
58 67 12
58 68 51
58 69 27
58 71 2
58 72 8
58 73 11
58 74 15
58 75 2
58 78 1
58 79 5
58 86 13
58 87 26
58 89 1
58 90 1
58 92 12
58 93 36
58 96 2
58 97 2
59 0 14
59 1 7
59 2 9
59 3 1
59 5 8
59 6 11
59 7 95
59 9 97
59 10 99
59 11 67
59 12 71
59 13 147
59 14 41
59 15 164
59 16 117
59 17 143
59 18 68
59 19 212
59 20 27
59 21 206
59 22 156
59 23 383
59 24 20
59 25 181
59 26 29
59 27 219
59 28 76
59 29 34
59 30 98
59 31 70
59 32 12
59 33 8
59 34 76
59 35 33
59 36 76
59 37 8
59 38 290
59 39 356
59 40 136
59 41 4
59 43 18
59 45 26
59 46 82
59 47 141
59 48 16
59 49 63
59 50 144
59 51 109
59 52 6
59 53 13
59 54 20
59 55 6
59 56 15
59 57 14
59 58 20
59 59 164
59 60 4
59 61 62
59 62 112
59 63 51
59 64 33
59 65 171
59 66 33
59 67 7
59 68 79
59 69 41
59 70 1
59 71 7
59 72 29
59 73 34
59 74 56
59 75 10
59 78 3
59 79 14
59 82 4
59 84 1
59 85 2
59 86 10
59 87 65
59 88 15
59 92 7
59 93 2
59 94 3
59 96 2
59 97 17
60 0 11
60 1 3
60 3 1
60 4 1
60 5 3
60 6 3
60 7 8
60 9 151
60 10 155
60 11 24
60 12 34
60 13 179
60 14 8
60 15 57
60 16 60
60 17 83
60 18 145
60 19 259
60 20 32
60 21 190
60 22 121
60 23 149
60 24 8
60 25 526
60 26 20
60 27 230
60 28 98
60 29 82
60 30 508
60 31 160
60 32 32
60 33 11
60 34 41
60 35 35
60 36 40
60 38 679
60 39 310
60 40 75
60 41 3
60 42 1
60 43 33
60 45 6
60 46 18
60 47 114
60 48 2
60 49 20
60 50 46
60 51 50
60 52 5
60 53 7
60 54 35
60 55 2
60 56 45
60 57 20
60 58 38
60 59 5
60 60 197
60 61 5
60 62 22
60 63 33
60 64 1
60 65 87
60 66 6
60 67 7
60 68 58
60 69 16
60 72 24
60 73 10
60 74 22
60 75 3
60 79 4
60 86 20
60 87 27
60 88 4
60 90 2
60 92 6
60 93 6
60 95 1
60 96 4
61 0 33
61 1 8
61 2 6
61 3 3
61 4 1
61 5 15
61 6 19
61 7 383
61 8 1
61 9 40
61 10 39
61 11 15
61 12 23
61 13 65
61 14 11
61 15 69
61 16 40
61 17 51
61 18 28
61 19 100
61 20 11
61 21 91
61 22 64
61 23 118
61 24 7
61 25 70
61 26 9
61 27 77
61 28 35
61 29 21
61 30 50
61 31 21
61 32 11
61 33 3
61 34 41
61 35 23
61 36 27
61 37 1
61 38 129
61 39 160
61 40 44
61 42 1
61 43 12
61 45 26
61 46 41
61 47 55
61 48 9
61 49 44
61 50 38
61 51 56
61 52 5
61 53 10
61 54 4
61 55 1
61 56 2
61 57 4
61 58 6
61 59 48
61 60 2
61 61 127
61 62 42
61 63 19
61 64 9
61 65 75
61 66 14
61 67 2
61 68 79
61 69 22
61 70 1
61 71 1
61 72 19
61 73 16
61 74 25
61 75 2
61 79 8
61 82 10
61 84 1
61 86 4
61 87 34
61 88 6
61 89 1
61 90 1
61 92 2
61 93 3
61 94 12
61 95 4
61 96 12
61 97 27
62 0 1
62 6 1
62 7 6
62 9 5
62 10 1
62 11 6
62 12 6
62 13 5
62 14 1
62 15 24
62 16 5
62 17 10
62 18 5
62 19 13
62 20 1
62 21 14
62 22 14
62 23 26
62 24 8
62 25 18
62 26 2
62 27 18
62 28 11
62 29 2
62 30 5
62 31 4
62 32 1
62 33 1
62 34 14
62 35 3
62 36 13
62 38 23
62 39 31
62 40 9
62 41 2
62 43 2
62 45 2
62 46 6
62 47 4
62 48 3
62 49 8
62 50 7
62 51 13
62 53 1
62 54 3
62 56 5
62 57 4
62 59 9
62 60 1
62 61 4
62 62 41
62 63 5
62 64 4
62 65 18
62 66 5
62 67 1
62 68 9
62 69 12
62 71 1
62 72 1
62 73 2
62 74 8
62 76 1
62 79 2
62 86 2
62 87 2
62 88 2
62 92 1
62 95 1
62 97 2
63 0 3
63 1 2
63 6 5
63 7 3
63 9 42
63 10 34
63 11 36
63 12 28
63 13 61
63 14 16
63 15 63
63 16 36
63 17 66
63 18 14
63 19 81
63 20 5
63 21 98
63 22 38
63 23 66
63 24 2
63 25 69
63 26 10
63 27 49
63 28 16
63 29 7
63 30 30
63 31 15
63 32 5
63 33 4
63 34 21
63 35 14
63 36 37
63 38 129
63 39 108
63 40 57
63 41 4
63 43 8
63 45 14
63 46 37
63 47 44
63 48 8
63 49 59
63 50 56
63 51 31
63 52 5
63 53 7
63 54 11
63 56 9
63 57 3
63 59 3
63 61 5
63 62 18
63 63 48
63 64 6
63 65 75
63 66 15
63 68 27
63 69 3
63 72 11
63 73 6
63 74 15
63 75 7
63 79 3
63 85 2
63 86 2
63 87 30
63 88 4
63 92 1
63 93 1
63 95 1
63 97 4
64 6 2
64 7 1
64 10 3
64 11 5
64 12 1
64 13 4
64 14 4
64 15 6
64 16 5
64 17 7
64 18 3
64 19 2
64 21 4
64 22 5
64 23 3
64 24 2
64 25 7
64 26 2
64 27 7
64 28 2
64 29 1
64 30 3
64 31 2
64 32 1
64 34 3
64 35 1
64 36 1
64 38 10
64 39 11
64 40 4
64 41 1
64 43 3
64 45 2
64 46 3
64 47 1
64 48 1
64 50 3
64 53 1
64 54 1
64 56 2
64 59 4
64 62 1
64 63 2
64 64 4
64 65 5
64 66 1
64 68 3
64 69 3
64 72 1
64 74 3
64 75 1
64 86 1
65 0 9
65 1 1
65 3 1
65 5 2
65 6 19
65 7 14
65 9 168
65 10 83
65 11 65
65 12 52
65 13 179
65 14 26
65 15 76
65 16 137
65 17 224
65 18 146
65 19 341
65 20 53
65 21 448
65 22 75
65 23 151
65 24 2
65 25 165
65 26 28
65 27 87
65 28 27
65 29 48
65 30 61
65 31 27
65 32 3
65 33 3
65 34 81
65 35 74
65 36 188
65 37 2
65 38 341
65 39 190
65 40 294
65 41 2
65 43 8
65 45 44
65 46 195
65 47 200
65 48 14
65 49 91
65 50 141
65 51 19
65 52 12
65 53 24
65 54 17
65 55 1
65 56 6
65 57 5
65 58 8
65 59 12
65 60 1
65 61 1
65 62 16
65 63 40
65 64 4
65 65 449
65 66 28
65 67 7
65 68 36
65 69 10
65 71 2
65 72 57
65 73 17
65 74 83
65 75 10
65 79 18
65 85 1
65 86 48
65 87 111
65 88 6
65 89 1
65 93 4
65 95 2
65 96 2
65 97 4
66 0 2
66 5 1
66 6 4
66 7 4
66 9 75
66 10 116
66 11 74
66 12 58
66 13 154
66 14 60
66 15 266
66 16 60
66 17 134
66 18 36
66 19 144
66 20 11
66 21 173
66 22 59
66 23 132
66 24 4
66 25 125
66 26 11
66 27 97
66 28 26
66 29 28
66 30 61
66 31 21
66 32 5
66 33 6
66 34 39
66 35 15
66 36 34
66 37 4
66 38 376
66 39 222
66 40 74
66 41 12
66 43 15
66 45 14
66 46 46
66 47 68
66 48 11
66 49 50
66 50 123
66 51 29
66 52 1
66 53 10
66 54 25
66 55 1
66 56 14
66 57 6
66 58 6
66 59 16
66 60 1
66 61 4
66 62 22
66 63 34
66 64 12
66 65 76
66 66 62
66 67 4
66 68 22
66 69 26
66 70 1
66 71 1
66 72 7
66 73 7
66 74 23
66 75 2
66 79 4
66 86 14
66 87 33
66 88 4
66 92 3
66 93 3
66 94 1
66 96 2
66 97 5
67 0 4
67 1 1
67 5 1
67 6 8
67 7 8
67 9 40
67 10 15
67 11 13
67 12 14
67 13 39
67 14 2
67 15 12
67 16 32
67 17 18
67 18 23
67 19 114
67 20 27
67 21 48
67 22 15
67 23 29
67 24 3
67 25 70
67 26 12
67 27 30
67 28 22
67 29 14
67 30 37
67 31 19
67 33 6
67 34 74
67 35 39
67 36 10
67 38 61
67 39 48
67 40 36
67 41 163
67 42 11
67 43 16
67 45 7
67 46 36
67 47 77
67 48 11
67 49 12
67 50 19
67 51 30
67 52 8
67 53 34
67 54 28
67 55 23
67 56 35
67 57 14
67 58 12
67 59 5
67 60 3
67 61 4
67 62 7
67 63 13
67 65 20
67 66 3
67 67 1582
67 68 38
67 69 8
67 70 1
67 71 2
67 72 40
67 73 32
67 74 27
67 75 14
67 79 10
67 81 1
67 83 1
67 85 11
67 86 12
67 87 33
67 88 23
67 92 1
67 93 2
67 94 1
67 95 1
67 96 5
67 97 9
68 0 116
68 1 59
68 2 9
68 4 70
68 5 13
68 6 19
68 7 63
68 9 125
68 10 97
68 11 42
68 12 70
68 13 171
68 14 16
68 15 163
68 16 118
68 17 161
68 18 85
68 19 278
68 20 44
68 21 265
68 22 102
68 23 314
68 24 32
68 25 272
68 26 43
68 27 367
68 28 193
68 29 50
68 30 137
68 31 79
68 32 41
68 33 8
68 34 141
68 35 96
68 36 77
68 37 4
68 38 318
68 39 361
68 40 168
68 41 23
68 42 2
68 43 110
68 44 2
68 45 27
68 46 86
68 47 167
68 48 27
68 49 32
68 50 102
68 51 397
68 52 11
68 53 46
68 54 60
68 55 7
68 56 66
68 57 22
68 58 55
68 59 20
68 60 15
68 61 22
68 62 39
68 63 27
68 64 9
68 65 153
68 66 21
68 67 31
68 68 6865
68 69 467
68 70 27
68 71 2
68 72 42
68 73 33
68 74 115
68 75 22
68 79 21
68 80 4
68 81 9
68 83 6
68 84 2
68 85 2
68 86 29
68 87 100
68 88 10
68 91 3
68 92 220
68 93 38
68 94 1
68 95 4
68 96 9
68 97 29
69 0 103
69 1 34
69 2 13
69 4 17
69 5 7
69 6 23
69 7 44
69 9 181
69 10 161
69 11 86
69 12 103
69 13 377
69 14 32
69 15 210
69 16 115
69 17 230
69 18 124
69 19 407
69 20 54
69 21 384
69 22 251
69 23 567
69 24 49
69 25 513
69 26 49
69 27 671
69 28 306
69 29 71
69 30 373
69 31 195
69 32 125
69 33 18
69 34 156
69 35 91
69 36 109
69 37 6
69 38 675
69 39 629
69 40 176
69 41 20
69 42 2
69 43 166
69 45 35
69 46 118
69 47 189
69 48 29
69 49 66
69 50 151
69 51 849
69 52 16
69 53 51
69 54 46
69 55 5
69 56 57
69 57 49
69 58 81
69 59 40
69 60 32
69 61 25
69 62 86
69 63 50
69 64 19
69 65 227
69 66 35
69 67 37
69 68 1512
69 69 1104
69 70 8
69 71 3
69 72 46
69 73 40
69 74 92
69 75 11
69 79 21
69 81 3
69 82 1
69 84 3
69 85 4
69 86 35
69 87 116
69 88 10
69 90 1
69 92 100
69 93 69
69 94 1
69 95 1
69 96 12
69 97 13
70 0 15
70 1 9
70 2 1
70 4 6
70 6 1
70 7 5
70 9 5
70 10 2
70 11 2
70 12 2
70 13 2
70 14 3
70 15 5
70 16 4
70 17 5
70 18 1
70 19 7
70 20 1
70 21 7
70 22 5
70 23 15
70 24 4
70 25 6
70 27 10
70 28 6
70 30 4
70 31 2
70 32 1
70 34 3
70 35 1
70 36 1
70 38 4
70 39 9
70 40 8
70 43 2
70 45 1
70 46 2
70 47 6
70 50 4
70 51 18
70 53 1
70 56 1
70 58 3
70 59 3
70 61 1
70 62 5
70 65 4
70 67 4
70 68 154
70 69 8
70 70 4
70 72 3
70 74 2
70 82 1
70 86 1
70 87 1
70 92 2
70 93 1
70 96 1
71 1 1
71 6 3
71 7 3
71 9 17
71 10 8
71 11 5
71 12 6
71 13 17
71 14 1
71 15 9
71 16 9
71 17 27
71 18 24
71 19 33
71 20 17
71 21 54
71 22 7
71 23 25
71 24 2
71 25 30
71 26 1
71 27 18
71 28 9
71 29 5
71 30 3
71 31 6
71 33 3
71 34 50
71 35 26
71 36 24
71 37 3
71 38 26
71 39 28
71 40 30
71 41 2
71 43 7
71 45 2
71 46 33
71 47 83
71 48 17
71 49 5
71 50 20
71 51 9
71 53 24
71 54 4
71 55 3
71 56 4
71 57 3
71 58 5
71 60 1
71 62 4
71 63 2
71 65 28
71 66 6
71 67 3
71 68 4
71 69 4
71 71 190
71 72 223
71 73 140
71 74 76
71 75 127
71 76 7
71 78 7
71 79 12
71 85 17
71 86 14
71 87 63
71 88 4
71 93 1
71 96 3
71 97 1
72 0 4
72 1 1
72 2 1
72 4 2
72 6 20
72 7 28
72 9 119
72 10 56
72 11 34
72 12 44
72 13 147
72 14 15
72 15 47
72 16 92
72 17 112
72 18 120
72 19 330
72 20 60
72 21 383
72 22 40
72 23 52
72 24 9
72 25 164
72 26 37
72 27 98
72 28 18
72 29 55
72 30 65
72 31 22
72 32 7
72 33 7
72 34 324
72 35 97
72 36 202
72 37 2
72 38 191
72 39 116
72 40 146
72 41 2
72 43 13
72 44 3
72 45 25
72 46 198
72 47 631
72 48 121
72 49 29
72 50 78
72 51 38
72 52 15
72 53 143
72 54 36
72 55 11
72 56 36
72 57 5
72 58 17
72 59 7
72 60 2
72 61 8
72 62 9
72 63 11
72 64 2
72 65 145
72 66 6
72 67 25
72 68 53
72 69 13
72 71 133
72 72 1510
72 73 738
72 74 385
72 75 231
72 76 5
72 78 7
72 79 80
72 82 1
72 84 1
72 85 19
72 86 71
72 87 301
72 88 50
72 89 1
72 92 2
72 93 7
72 94 2
72 95 2
72 96 6
72 97 9
73 0 5
73 1 3
73 4 1
73 5 2
73 6 16
73 7 23
73 8 1
73 9 147
73 10 45
73 11 33
73 12 50
73 13 144
73 14 10
73 15 39
73 16 127
73 17 109
73 18 141
73 19 442
73 20 94
73 21 340
73 22 36
73 23 80
73 24 17
73 25 178
73 26 49
73 27 74
73 28 35
73 29 52
73 30 67
73 31 31
73 32 9
73 33 8
73 34 303
73 35 132
73 36 199
73 37 2
73 38 205
73 39 101
73 40 160
73 41 4
73 42 1
73 43 19
73 44 1
73 45 19
73 46 145
73 47 600
73 48 70
73 49 25
73 50 49
73 51 36
73 52 14
73 53 144
73 54 19
73 55 16
73 56 37
73 57 10
73 58 7
73 59 1
73 60 1
73 61 5
73 62 14
73 63 16
73 64 1
73 65 177
73 66 9
73 67 21
73 68 43
73 69 9
73 71 61
73 72 943
73 73 909
73 74 273
73 75 249
73 76 4
73 78 1
73 79 64
73 85 17
73 86 55
73 87 273
73 88 91
73 89 1
73 92 3
73 93 2
73 94 1
73 96 2
73 97 6
74 0 6
74 1 6
74 5 9
74 6 15
74 7 24
74 8 1
74 9 309
74 10 130
74 11 68
74 12 90
74 13 388
74 14 31
74 15 81
74 16 212
74 17 248
74 18 411
74 19 993
74 20 196
74 21 841
74 22 72
74 23 153
74 24 6
74 25 369
74 26 88
74 27 133
74 28 35
74 29 156
74 30 101
74 31 38
74 32 6
74 33 6
74 34 355
74 35 218
74 36 526
74 37 1
74 38 557
74 39 195
74 40 443
74 41 7
74 42 1
74 43 13
74 44 3
74 45 35
74 46 379
74 47 1821
74 48 193
74 49 81
74 50 136
74 51 26
74 52 31
74 53 75
74 54 34
74 55 7
74 56 45
74 57 12
74 58 10
74 59 5
74 60 6
74 61 6
74 62 23
74 63 35
74 64 1
74 65 460
74 66 34
74 67 12
74 68 60
74 69 17
74 71 19
74 72 449
74 73 252
74 74 939
74 75 52
74 76 1
74 78 4
74 79 139
74 85 8
74 86 115
74 87 592
74 88 24
74 89 2
74 90 1
74 92 3
74 93 2
74 94 2
74 96 5
74 97 3
75 0 3
75 1 3
75 3 1
75 6 12
75 7 16
75 9 61
75 10 34
75 11 12
75 12 19
75 13 69
75 14 4
75 15 14
75 16 54
75 17 53
75 18 55
75 19 226
75 20 56
75 21 167
75 22 27
75 23 38
75 24 4
75 25 83
75 26 20
75 27 54
75 28 10
75 29 46
75 30 51
75 31 9
75 32 4
75 33 7
75 34 108
75 35 72
75 36 99
75 38 143
75 39 76
75 40 71
75 41 2
75 43 13
75 45 7
75 46 47
75 47 325
75 48 34
75 49 6
75 50 31
75 51 21
75 52 6
75 53 62
75 54 14
75 55 1
75 56 17
75 57 2
75 58 13
75 59 4
75 60 3
75 61 4
75 62 8
75 63 18
75 65 63
75 66 12
75 67 15
75 68 38
75 69 11
75 71 35
75 72 397
75 73 293
75 74 147
75 75 390
75 76 3
75 78 6
75 79 23
75 82 1
75 85 46
75 86 30
75 87 133
75 88 41
75 92 2
75 95 1
75 96 1
75 97 8
76 4 1
76 6 1
76 7 5
76 9 4
76 10 3
76 11 1
76 13 1
76 15 2
76 16 5
76 17 2
76 18 4
76 19 13
76 20 2
76 21 16
76 22 1
76 23 8
76 24 1
76 25 11
76 26 2
76 27 5
76 28 2
76 29 3
76 30 1
76 31 2
76 34 5
76 35 5
76 36 7
76 38 15
76 39 8
76 40 6
76 43 2
76 45 4
76 46 7
76 47 33
76 48 12
76 49 1
76 50 4
76 51 3
76 52 1
76 53 7
76 56 1
76 57 1
76 65 9
76 66 1
76 67 2
76 68 3
76 69 2
76 71 7
76 72 74
76 73 19
76 74 17
76 75 15
76 76 17
76 78 27
76 79 44
76 86 2
76 87 15
76 88 1
76 90 2
76 97 1
77 45 1
77 72 1
77 78 1
78 0 1
78 1 1
78 6 2
78 7 5
78 10 2
78 12 2
78 13 1
78 15 2
78 16 7
78 17 4
78 18 3
78 19 15
78 20 6
78 21 19
78 22 4
78 23 7
78 24 1
78 25 3
78 27 3
78 28 1
78 29 1
78 30 2
78 31 2
78 33 1
78 34 8
78 35 4
78 36 6
78 38 8
78 39 7
78 40 7
78 41 1
78 45 4
78 46 7
78 47 35
78 48 14
78 50 2
78 51 1
78 52 2
78 53 3
78 54 2
78 56 3
78 57 1
78 58 1
78 60 2
78 61 1
78 62 1
78 63 1
78 65 6
78 66 1
78 67 6
78 68 5
78 69 1
78 71 20
78 72 48
78 73 17
78 74 12
78 75 19
78 76 21
78 78 16
78 79 54
78 85 4
78 86 1
78 87 7
78 88 3
78 90 2
78 97 1
79 0 3
79 1 3
79 5 2
79 6 49
79 7 17
79 9 65
79 10 21
79 11 28
79 12 30
79 13 62
79 14 8
79 15 28
79 16 77
79 17 76
79 18 79
79 19 189
79 20 65
79 21 178
79 22 22
79 23 75
79 24 8
79 25 56
79 26 26
79 27 63
79 28 31
79 29 24
79 30 32
79 31 14
79 32 4
79 33 4
79 34 95
79 35 88
79 36 158
79 37 2
79 38 109
79 39 91
79 40 108
79 41 4
79 43 7
79 44 17
79 45 47
79 46 182
79 47 345
79 48 160
79 49 37
79 50 63
79 51 28
79 52 6
79 53 27
79 54 15
79 55 5
79 56 15
79 57 3
79 58 4
79 59 12
79 60 1
79 61 11
79 62 8
79 63 22
79 64 4
79 65 107
79 66 7
79 67 16
79 68 38
79 69 16
79 70 1
79 71 8
79 72 223
79 73 125
79 74 175
79 75 24
79 76 14
79 78 31
79 79 1306
79 83 1
79 85 4
79 86 26
79 87 181
79 88 14
79 89 43
79 90 17
79 92 3
79 93 1
79 94 3
79 96 3
79 97 7
80 0 2
80 1 1
80 4 1
80 15 1
80 16 1
80 18 2
80 19 2
80 21 4
80 22 1
80 23 3
80 24 1
80 29 1
80 32 2
80 34 2
80 35 1
80 38 1
80 39 1
80 40 2
80 46 1
80 47 1
80 49 2
80 50 1
80 51 5
80 68 24
80 69 2
80 70 2
80 75 1
80 81 2
81 0 1
81 1 2
81 4 1
81 7 1
81 19 1
81 21 2
81 22 1
81 23 1
81 24 1
81 25 2
81 27 1
81 32 2
81 34 1
81 39 1
81 46 1
81 47 1
81 50 1
81 51 4
81 68 27
81 69 2
81 72 2
81 92 2
82 0 29
82 1 3
82 2 4
82 4 1
82 5 2
82 6 3
82 7 43
82 9 12
82 10 10
82 11 2
82 12 7
82 13 12
82 14 1
82 15 7
82 16 10
82 17 7
82 18 6
82 19 20
82 21 26
82 22 5
82 23 28
82 24 1
82 25 19
82 26 1
82 27 15
82 28 7
82 29 5
82 30 8
82 31 3
82 34 6
82 35 2
82 36 4
82 38 24
82 39 27
82 40 8
82 41 1
82 43 4
82 45 2
82 46 8
82 47 11
82 48 2
82 49 9
82 50 6
82 51 13
82 53 1
82 54 3
82 55 1
82 56 6
82 57 2
82 59 5
82 61 17
82 62 10
82 63 5
82 64 1
82 65 13
82 66 4
82 67 1
82 68 21
82 69 4
82 72 5
82 73 3
82 74 5
82 75 1
82 79 1
82 82 9
82 85 1
82 86 1
82 87 6
82 92 1
82 93 2
82 94 6
82 95 1
82 96 3
82 97 7
83 0 5
83 1 16
83 5 1
83 12 1
83 16 1
83 17 2
83 19 1
83 21 2
83 22 1
83 23 3
83 24 1
83 27 8
83 30 1
83 34 1
83 39 4
83 40 1
83 46 1
83 47 1
83 49 1
83 50 1
83 51 3
83 52 1
83 60 2
83 65 2
83 68 8
83 69 3
83 83 47
83 84 6
83 87 1
83 92 1
83 95 39
83 96 2
83 97 1
84 0 8
84 1 17
84 2 1
84 5 1
84 6 1
84 7 4
84 12 1
84 13 5
84 16 2
84 19 4
84 21 1
84 22 2
84 23 1
84 25 3
84 27 3
84 30 1
84 32 1
84 34 1
84 35 1
84 37 1
84 38 1
84 39 5
84 40 1
84 50 3
84 51 3
84 56 2
84 62 2
84 65 1
84 67 1
84 68 10
84 73 1
84 74 1
84 79 1
84 83 12
84 84 5
84 95 7
84 96 1
84 97 2
85 0 2
85 1 1
85 6 1
85 7 2
85 9 14
85 10 5
85 11 2
85 12 2
85 13 15
85 14 3
85 15 4
85 16 10
85 17 9
85 18 22
85 19 51
85 20 11
85 21 55
85 22 4
85 23 9
85 24 4
85 25 24
85 26 5
85 27 25
85 28 4
85 29 10
85 30 9
85 31 5
85 32 1
85 34 38
85 35 18
85 36 18
85 38 18
85 39 17
85 40 11
85 41 1
85 45 2
85 46 20
85 47 56
85 48 5
85 49 4
85 50 6
85 51 6
85 52 3
85 53 36
85 54 5
85 56 8
85 58 2
85 60 2
85 62 1
85 63 2
85 65 19
85 66 1
85 67 4
85 68 5
85 69 1
85 71 23
85 72 95
85 73 71
85 74 47
85 75 93
85 78 3
85 79 5
85 85 82
85 86 7
85 87 30
85 88 44
85 92 1
85 94 1
85 97 1
86 0 2
86 1 3
86 5 1
86 6 13
86 7 10
86 9 240
86 10 118
86 11 58
86 12 53
86 13 232
86 14 14
86 15 55
86 16 118
86 17 158
86 18 445
86 19 1045
86 20 202
86 21 818
86 22 49
86 23 83
86 24 1
86 25 442
86 26 93
86 27 73
86 28 23
86 29 179
86 30 106
86 31 36
86 32 5
86 33 11
86 34 380
86 35 263
86 36 186
86 37 3
86 38 527
86 39 155
86 40 312
86 41 4
86 43 7
86 44 1
86 45 12
86 46 113
86 47 697
86 48 13
86 49 22
86 50 67
86 51 11
86 52 23
86 53 50
86 54 34
86 55 2
86 56 23
86 57 8
86 58 12
86 59 6
86 60 4
86 61 1
86 62 10
86 63 45
86 64 1
86 65 342
86 66 10
86 67 17
86 68 45
86 69 10
86 71 4
86 72 133
86 73 79
86 74 118
86 75 8
86 76 1
86 78 1
86 79 31
86 86 362
86 87 284
86 88 17
86 92 4
86 93 1
86 94 1
86 95 1
86 96 5
86 97 2
87 0 6
87 1 4
87 4 2
87 5 5
87 6 25
87 7 33
87 9 434
87 10 230
87 11 109
87 12 103
87 13 454
87 14 43
87 15 92
87 16 282
87 17 309
87 18 592
87 19 1597
87 20 313
87 21 1380
87 22 99
87 23 170
87 24 6
87 25 650
87 26 132
87 27 178
87 28 48
87 29 270
87 30 150
87 31 66
87 32 11
87 33 9
87 34 695
87 35 340
87 36 645
87 37 7
87 38 816
87 39 264
87 40 562
87 41 7
87 42 1
87 43 20
87 44 1
87 45 33
87 46 415
87 47 2171
87 48 101
87 49 103
87 50 182
87 51 31
87 52 71
87 53 150
87 54 67
87 55 12
87 56 66
87 57 12
87 58 19
87 59 6
87 60 5
87 61 8
87 62 25
87 63 50
87 64 4
87 65 599
87 66 15
87 67 27
87 68 85
87 69 21
87 71 17
87 72 434
87 73 309
87 74 593
87 75 90
87 76 2
87 78 6
87 79 98
87 85 9
87 86 237
87 87 1116
87 88 28
87 89 1
87 90 1
87 92 4
87 93 5
87 94 1
87 95 1
87 96 5
87 97 4
88 0 2
88 5 3
88 6 5
88 7 8
88 9 65
88 10 20
88 11 15
88 12 15
88 13 63
88 14 6
88 15 15
88 16 30
88 17 47
88 18 66
88 19 197
88 20 51
88 21 159
88 22 18
88 23 36
88 24 4
88 25 73
88 26 33
88 27 41
88 28 9
88 29 39
88 30 27
88 31 20
88 33 1
88 34 211
88 35 72
88 36 64
88 38 84
88 39 64
88 40 52
88 41 16
88 42 1
88 43 5
88 45 2
88 46 75
88 47 166
88 48 22
88 49 19
88 50 27
88 51 17
88 52 13
88 53 189
88 54 18
88 55 5
88 56 10
88 57 1
88 58 7
88 59 1
88 60 3
88 61 1
88 62 12
88 63 8
88 64 1
88 65 60
88 66 2
88 67 30
88 68 15
88 69 3
88 71 12
88 72 152
88 73 119
88 74 81
88 75 67
88 78 1
88 79 8
88 85 33
88 86 30
88 87 87
88 88 304
88 90 1
88 93 2
88 94 1
88 96 1
89 6 9
89 7 1
89 9 9
89 11 3
89 12 3
89 13 10
89 15 6
89 16 4
89 17 10
89 18 9
89 19 14
89 20 3
89 21 15
89 22 2
89 23 5
89 24 1
89 25 8
89 26 1
89 27 5
89 29 3
89 30 6
89 32 1
89 34 10
89 35 8
89 36 9
89 38 7
89 39 9
89 40 12
89 44 11
89 45 7
89 46 15
89 47 25
89 48 10
89 49 9
89 50 4
89 51 2
89 52 1
89 53 2
89 54 1
89 55 2
89 58 1
89 62 6
89 64 1
89 65 7
89 66 2
89 67 2
89 68 3
89 69 2
89 71 1
89 72 16
89 73 7
89 74 11
89 75 7
89 76 2
89 78 4
89 79 120
89 87 20
89 88 2
89 89 18
89 90 9
90 0 4
90 1 1
90 5 1
90 6 4
90 7 3
90 9 11
90 11 1
90 12 1
90 13 11
90 14 2
90 15 3
90 16 5
90 17 4
90 18 16
90 19 11
90 20 4
90 21 15
90 22 4
90 23 4
90 24 4
90 25 13
90 26 3
90 27 2
90 28 2
90 29 5
90 30 3
90 31 1
90 32 1
90 34 15
90 35 8
90 36 18
90 38 11
90 39 10
90 40 11
90 41 1
90 43 1
90 45 12
90 46 11
90 47 30
90 48 31
90 49 3
90 50 6
90 51 6
90 52 1
90 53 8
90 54 1
90 58 2
90 62 3
90 63 2
90 64 1
90 65 19
90 66 3
90 68 9
90 69 1
90 72 17
90 73 16
90 74 8
90 75 3
90 76 1
90 78 3
90 79 138
90 84 1
90 85 2
90 86 3
90 87 9
90 88 3
90 89 3
90 90 76
90 92 2
90 96 2
90 97 5
91 1 2
91 9 1
91 14 1
91 16 2
91 19 6
91 20 1
91 21 2
91 22 1
91 23 2
91 25 1
91 27 2
91 30 1
91 32 1
91 33 1
91 35 1
91 37 1
91 38 3
91 39 3
91 41 1
91 43 2
91 50 1
91 51 2
91 53 1
91 57 1
91 58 1
91 63 1
91 66 1
91 68 15
91 69 2
91 74 2
91 87 2
91 91 1
91 92 11
91 93 2
92 0 13
92 1 6
92 4 8
92 5 3
92 6 4
92 7 10
92 9 28
92 10 23
92 11 8
92 12 17
92 13 47
92 14 11
92 15 16
92 16 20
92 17 27
92 18 31
92 19 62
92 20 9
92 21 76
92 22 15
92 23 45
92 24 6
92 25 101
92 26 6
92 27 54
92 28 23
92 29 10
92 30 92
92 31 16
92 32 8
92 33 4
92 34 19
92 35 12
92 36 17
92 38 122
92 39 73
92 40 17
92 41 5
92 42 1
92 43 128
92 45 6
92 46 10
92 47 38
92 48 1
92 49 8
92 50 19
92 51 68
92 52 4
92 53 11
92 54 20
92 56 26
92 57 9
92 58 52
92 59 2
92 60 3
92 61 2
92 62 4
92 63 3
92 65 16
92 66 2
92 67 7
92 68 304
92 69 69
92 70 1
92 71 1
92 72 6
92 73 9
92 74 12
92 79 3
92 81 1
92 82 3
92 85 3
92 86 6
92 87 14
92 88 1
92 91 1
92 92 671
92 93 55
92 95 1
92 96 1
92 97 1
93 0 1
93 1 2
93 5 1
93 6 1
93 7 3
93 9 13
93 10 20
93 11 5
93 12 2
93 13 31
93 15 7
93 16 7
93 17 6
93 18 6
93 19 36
93 20 5
93 21 28
93 22 5
93 23 20
93 24 2
93 25 54
93 26 8
93 27 34
93 28 11
93 29 11
93 30 46
93 31 15
93 32 2
93 33 4
93 34 8
93 35 8
93 36 5
93 38 47
93 39 30
93 40 10
93 41 2
93 43 76
93 45 2
93 46 8
93 47 6
93 48 1
93 49 2
93 50 6
93 51 32
93 52 2
93 54 11
93 56 9
93 57 9
93 58 25
93 60 2
93 61 2
93 62 1
93 63 2
93 65 14
93 66 1
93 67 2
93 68 48
93 69 16
93 71 1
93 72 2
93 74 3
93 75 1
93 78 1
93 86 5
93 87 4
93 92 67
93 93 23
93 94 1
93 96 1
94 0 3
94 1 5
94 3 1
94 5 12
94 6 14
94 7 116
94 9 5
94 10 8
94 11 1
94 12 3
94 13 5
94 14 1
94 15 3
94 16 6
94 17 9
94 18 7
94 19 9
94 20 3
94 21 24
94 22 8
94 23 15
94 24 1
94 25 15
94 26 1
94 27 5
94 28 4
94 29 5
94 30 8
94 31 4
94 34 7
94 35 2
94 36 5
94 38 20
94 39 11
94 40 12
94 43 2
94 45 6
94 46 11
94 47 7
94 48 5
94 49 7
94 50 4
94 51 4
94 53 1
94 54 2
94 56 4
94 57 1
94 61 20
94 62 2
94 63 3
94 65 21
94 66 3
94 67 1
94 68 13
94 69 6
94 72 4
94 73 2
94 74 3
94 75 5
94 79 5
94 81 1
94 82 1
94 86 2
94 87 7
94 92 2
94 93 1
94 94 13
94 96 12
94 97 67
95 0 4
95 1 1
95 5 6
95 7 14
95 9 4
95 10 1
95 12 1
95 13 9
95 16 3
95 17 7
95 18 1
95 19 11
95 20 5
95 21 3
95 23 4
95 24 1
95 25 3
95 27 7
95 28 3
95 29 1
95 30 1
95 31 1
95 32 1
95 34 3
95 35 1
95 36 1
95 38 4
95 39 11
95 40 5
95 46 2
95 47 7
95 48 1
95 50 3
95 51 2
95 52 1
95 53 4
95 56 1
95 59 1
95 61 1
95 62 2
95 63 1
95 65 1
95 67 1
95 68 2
95 70 1
95 71 1
95 72 4
95 73 2
95 74 1
95 79 1
95 83 58
95 84 5
95 87 5
95 92 2
95 94 1
95 95 191
95 96 52
95 97 4
96 0 5
96 1 1
96 2 1
96 3 2
96 4 1
96 5 25
96 6 10
96 7 83
96 9 7
96 10 9
96 11 3
96 12 6
96 13 32
96 14 3
96 15 8
96 16 11
96 17 14
96 18 11
96 19 30
96 20 6
96 21 29
96 22 9
96 23 15
96 24 2
96 25 16
96 26 3
96 27 14
96 28 5
96 29 9
96 30 10
96 31 6
96 32 4
96 34 15
96 35 12
96 36 6
96 38 20
96 39 18
96 40 9
96 41 2
96 43 6
96 45 7
96 46 10
96 47 22
96 48 8
96 49 14
96 50 5
96 51 12
96 52 1
96 53 10
96 56 2
96 58 2
96 59 2
96 60 1
96 61 7
96 62 2
96 65 9
96 66 2
96 67 3
96 68 29
96 69 4
96 72 10
96 73 7
96 74 6
96 75 6
96 78 1
96 79 9
96 83 16
96 84 3
96 85 1
96 86 2
96 87 12
96 88 3
96 90 1
96 92 2
96 94 3
96 95 46
96 96 1161
96 97 110
97 0 4
97 1 4
97 3 2
97 5 18
97 6 30
97 7 67
97 9 22
97 10 6
97 11 7
97 12 9
97 13 11
97 14 2
97 15 11
97 16 11
97 17 9
97 18 7
97 19 21
97 20 2
97 21 24
97 22 7
97 23 15
97 25 5
97 26 5
97 27 16
97 28 2
97 29 4
97 30 4
97 31 3
97 32 3
97 33 2
97 34 14
97 35 3
97 36 5
97 37 1
97 38 11
97 39 8
97 40 32
97 41 1
97 43 3
97 45 3
97 46 10
97 47 22
97 48 6
97 49 7
97 50 4
97 51 6
97 52 1
97 53 8
97 55 1
97 56 1
97 57 1
97 59 3
97 60 2
97 61 12
97 63 4
97 65 13
97 66 3
97 67 4
97 68 30
97 69 5
97 72 9
97 73 7
97 74 5
97 75 4
97 78 1
97 79 13
97 83 1
97 84 2
97 86 6
97 87 5
97 88 2
97 90 2
97 92 2
97 93 1
97 94 5
97 96 114
97 97 1229
