0 0
1 1
2 2
3 3
4 4
5 5
6 6
7 7
8 7
9 8
10 9
11 10
12 7
13 11
14 12
15 11
16 13
17 14
18 15
19 16
20 17
21 18
22 19
23 20
24 21
25 22
26 23
27 12
28 8
29 24
30 24
31 6
32 25
33 26
34 27
35 28
36 26
37 29
38 11
39 8
40 8
41 30
42 31
43 32
44 33
45 34
46 15
47 15
48 35
49 36
50 37
51 38
52 39
53 40
54 41
55 42
56 34
57 34
58 43
59 44
60 45
61 46
62 47
63 7
64 7
65 48
66 7
67 49
68 50
69 51
70 51
71 52
72 51
73 53
74 54
75 55
76 56
77 57
78 58
79 59
80 59
81 59
82 56
83 60
84 61
85 62
86 63
87 64
88 65
89 66
90 67
91 63
92 62
93 68
94 69
95 62
96 66
97 70
98 66
99 71
100 72
101 73
102 74
103 71
104 75
105 71
106 76
107 76
108 70
109 77
110 78
111 74
112 72
113 79
114 80
115 81
116 82
117 83
118 69
119 69
120 84
121 30
122 69
123 85
124 30
125 56
126 83
127 86
128 87
129 88
130 64
131 64
132 59
133 56
134 76
135 73
136 89
137 52
138 90
139 91
140 92
141 90
142 93
143 94
144 95
145 96
146 96
147 96
148 97
149 98
150 96
151 99
152 100
153 101
154 102
155 103
156 104
157 105
158 93
159 106
160 107
161 108
162 109
163 107
164 110
165 109
166 109
167 97
168 106
169 97
170 43
171 97
172 111
173 97
174 112
175 113
176 114
177 115
178 116
179 97
180 117
181 118
182 119
183 120
184 121
185 122
186 123
187 124
188 125
189 126
190 127
191 128
192 129
193 130
194 131
195 132
196 133
197 134
198 135
199 136
200 137
201 138
202 139
203 140
204 132
205 135
206 141
207 142
208 143
209 144
210 97
211 97
212 97
213 97
214 97
215 97
216 97
217 97
218 97
219 97
220 97
221 97
222 97
223 97
224 97
225 97
226 97
227 97
228 97
229 97
230 97
231 97
