population	links	time	detected	infected	error_detected	error_infected
188361	2000	0	2.125	0	0.504865	0
188361	2000	1	2.70833	119.083	0.640559	43.6828
188361	2000	2	3.08333	96.2222	0.588907	35.2999
188361	2000	3	2.95833	102.715	0.75983	37.6958
188361	2000	4	3.5	103	0.906207	37.8042
188361	2000	5	5.16667	106.035	0.872294	38.9192
188361	2000	6	5.66667	109.299	1.46724	40.1349
188361	2000	7	7.33333	115.382	1.39926	42.3782
188361	2000	8	8.29167	121.188	1.74783	44.5463
188361	2000	9	11.5417	129.562	1.90957	47.6493
188361	2000	10	15.2083	138.868	2.54401	51.1181
188361	2000	11	18.875	152.194	4.2706	56.0738
188361	2000	12	22.625	168.188	4.77602	62.0339
188361	2000	13	31	190.674	6.49523	70.4039
188361	2000	14	42.2917	216.368	8.05323	79.9598
188361	2000	15	50.6667	248.403	10.8499	92.0526
188361	2000	16	68.4167	291.493	13.9184	108.142
188361	2000	17	95.25	343.333	20.1826	127.636
188361	2000	18	126	409.903	28.7043	152.885
188361	2000	19	163.917	495.868	34.8944	185.546
188361	2000	20	201.292	603.174	36.9822	226.444
188361	2000	21	238.208	734.819	39.3669	276.596
188361	2000	22	272.208	857.549	37.1071	321.811
188361	2000	23	294.625	991.049	38.6469	372.028
188361	2000	24	339.833	1110.09	40.4048	415.915
188361	2000	25	367.333	1202.51	42.0616	448.459
188361	2000	26	392.333	1310.12	44.4735	488.674
188361	2000	27	419.375	1391.72	46.9996	519.121
188361	2000	28	450.333	1467.92	45.8912	546.328
188361	2000	29	476.333	1550.1	47.454	576.507
188361	2000	30	505.292	1635.98	49.3891	608.6
188361	2000	31	528.125	1720.6	46.8414	641.257
188361	2000	32	547.5	1788.84	48.3106	666.214
188361	2000	33	574.583	1858.08	51.8507	692.293
188361	2000	34	582.167	1926.33	48.9886	717.564
188361	2000	35	592.5	1985.19	52.3678	740.067
188361	2000	36	587.958	2041.72	51.0531	761.36
188361	2000	37	601.833	2094.53	52.1894	781.552
188361	2000	38	608.083	2141.02	53.4408	799.486
188361	2000	39	611.792	2185.01	55.3158	816.499
188361	2000	40	611.708	2221.76	56.1512	830.78
188361	2000	41	597.958	2247.42	55.4988	840.791
188361	2000	42	587.458	2274.33	55.1073	850.965
188361	2000	43	582.167	2296.4	59.866	859.672
188361	2000	44	569.958	2311.64	57.7242	865.39
188361	2000	45	553.583	2324.47	57.8723	870.238
188361	2000	46	541.042	2325.5	60.798	870.553
188361	2000	47	528.417	2329.17	55.6408	871.46
188361	2000	48	505	2325.55	49.9197	869.29
188361	2000	49	490.625	2320.89	51.5417	867.035
188361	2000	50	475.5	2313.98	51.4447	863.485
188361	2000	51	456.208	2304.78	48.6639	859.094
188361	2000	52	444.125	2292.03	51.5031	853.889
188361	2000	53	425.917	2271.62	46.6128	845.425
188361	2000	54	406.792	2256.13	46.1658	838.628
188361	2000	55	396.292	2235.29	45.8729	829.986
188361	2000	56	374.25	2212.91	44.8825	821.153
188361	2000	57	360.167	2187.73	43.7103	810.651
188361	2000	58	350.375	2162.92	41.432	800.827
188361	2000	59	336.375	2134.81	37.6494	789.63
188361	2000	60	314.833	2109.08	38.7747	779.595
188361	2000	61	309.333	2084.19	37.0428	769.947
188361	2000	62	293	2057.58	38.4355	759.833
188361	2000	63	281.917	2027.88	39.5047	748.481
188361	2000	64	267.625	1997.95	37.5778	737.265
188361	2000	65	256	1967.92	37.5402	725.92
188361	2000	66	252.208	1936.37	38.2946	714.233
188361	2000	67	237.5	1909.99	37.8894	704.54
188361	2000	68	229.625	1879.24	40.1994	693.159
188361	2000	69	219.958	1847.01	42.4552	681.352
188361	2000	70	210.917	1815.74	41.7721	670.005
188361	2000	71	199.458	1781.5	42.0419	657.852
188361	2000	72	191.667	1748.62	39.6018	646.048
188361	2000	73	184	1715.49	41.5938	634.454
188361	2000	74	175.542	1681.2	40.6999	622.089
188361	2000	75	164.458	1649.1	40.1571	610.784
188361	2000	76	157.875	1619.18	39.6895	600.161
188361	2000	77	148.458	1585.05	38.7534	588.068
188361	2000	78	144.125	1551.46	38.9327	575.935
188361	2000	79	138.917	1521.34	37.8945	565.146
188361	2000	80	133.042	1489.31	38.8726	553.74
188361	2000	81	123.792	1456	37.8018	541.945
188361	2000	82	117.083	1424.48	34.5124	530.609
188361	2000	83	114.292	1393.92	35.2546	519.483
188361	2000	84	111.417	1363.49	33.1871	508.603
188361	2000	85	101.5	1333.12	31.0103	497.625
188361	2000	86	95.1667	1301.57	29.7466	486.189
188361	2000	87	94.625	1272.9	30.0137	475.509
188361	2000	88	83.875	1243.62	26.2984	464.747
188361	2000	89	81.0833	1214.78	24.3209	454.15
188361	2000	90	75.2917	1187.83	21.4829	443.945
188361	2000	91	68.5	1158.17	22.261	432.727
188361	2000	92	65.4167	1131.58	20.9991	423.02
188361	2000	93	65.5833	1099.99	19.3531	411.416
188361	2000	94	61.4583	1074.74	17.817	401.963
188361	2000	95	59	1047.48	17.888	391.79
188361	2000	96	53.9583	1019.78	15.5075	381.193
188361	2000	97	49.1667	995.694	13.4022	371.836
188361	2000	98	47.5417	971.847	12.7302	362.707
188361	2000	99	48	945.396	12.9658	352.871
188361	2000	100	45.625	922.069	12.19	344.176
188361	2000	101	42.4167	899.951	11.4396	335.726
188361	2000	102	40.5833	874.424	9.47131	326.236
188361	2000	103	38.875	853.146	9.27935	318.053
188361	2000	104	35.7083	830.951	8.5796	309.562
188361	2000	105	36	808.903	7.77761	301.228
188361	2000	106	32	786.326	7.20826	292.75
188361	2000	107	29.875	766.979	7.0524	285.491
188361	2000	108	28.2083	747.139	5.43338	278.172
188361	2000	109	27.7083	728.819	6.41489	271.378
188361	2000	110	27.3333	712.576	6.93333	265.06
188361	2000	111	25.5417	695.062	5.83483	258.556
188361	2000	112	27.1667	676.715	5.73945	251.548
188361	2000	113	24.8333	660.257	3.79858	245.554
188361	2000	114	23.6667	643.972	3.97057	239.356
188361	2000	115	21.375	627.174	4.22225	233.205
188361	2000	116	20.6667	610.826	3.46114	227.047
188361	2000	117	18.4167	596.438	3.0763	221.736
188361	2000	118	18.2917	583.361	4.05694	216.853
188361	2000	119	17.1667	568.618	3.57391	211.402
188361	2000	120	18.5417	553.201	3.31806	205.81
188361	2000	121	17.7917	537.257	2.62214	199.806
188361	2000	122	17.6667	523.396	2.58118	194.633
188361	2000	123	15.9583	511.556	2.69672	190.219
188361	2000	124	13.625	499.243	1.96288	185.512
188361	2000	125	14.7917	487.799	2.15606	181.362
188361	2000	126	14.125	476.549	2.19868	177.227
188361	2000	127	14.5417	466.479	2.0738	173.43
188361	2000	128	13.375	453.556	1.95933	168.649
188361	2000	129	13.4583	442.674	1.76565	164.566
188361	2000	130	12.7083	432.146	2.03484	160.759
188361	2000	131	12.375	420.264	1.9126	156.283
188361	2000	132	11.9583	410.188	1.71568	152.589
188361	2000	133	11.6667	400.174	1.69604	148.7
188361	2000	134	11.5417	389.882	1.88388	144.983
188361	2000	135	11.25	380.479	1.76672	141.437
188361	2000	136	10.7083	373.097	1.75973	138.685
188361	2000	137	10.5833	364.618	1.54689	135.673
188361	2000	138	10.4167	355.618	1.70116	132.408
188361	2000	139	10.75	347.701	1.77065	129.46
188361	2000	140	9.75	340.764	1.5166	126.966
188361	2000	141	9.04167	332.764	1.53135	123.944
188361	2000	142	9.875	324.458	1.98579	120.915
188361	2000	143	9.375	315.194	1.5732	117.505
188361	2000	144	7.95833	309.292	1.5268	115.408
188361	2000	145	8.70833	302.09	1.39832	112.733
188361	2000	146	7.375	294.257	1.57761	109.814
188361	2000	147	8.20833	288.021	1.61755	107.604
188361	2000	148	7.79167	280.75	1.73383	104.91
188361	2000	149	7.75	275.188	1.61871	102.863
188361	2000	150	7.95833	269.507	1.32156	100.801
188361	2000	151	6.83333	263.972	1.38927	98.9188
188361	2000	152	7.41667	256.132	1.46367	96.1019
188361	2000	153	7.875	251.757	1.98579	94.4979
188361	2000	154	7.45833	246.521	1.91684	92.6612
188361	2000	155	6.54167	240.264	1.60024	90.3456
188361	2000	156	6.16667	233.958	1.6587	87.9959
188361	2000	157	6.20833	227.549	1.48286	85.7264
188361	2000	158	5.375	222.625	1.17867	83.8843
188361	2000	159	5.70833	216.549	1.29496	81.7874
188361	2000	160	4.91667	213	0.928336	80.4244
188361	2000	161	5.66667	210.076	1.29059	79.3073
188361	2000	162	5	205.458	1.28157	77.8129
188361	2000	163	5.83333	200.076	1.2467	75.8744
188361	2000	164	4.70833	196.167	1.09077	74.4567
188361	2000	165	4.91667	192.188	1.2481	73.2088
188361	2000	166	4.66667	188.618	1.21275	71.8422
188361	2000	167	4.5	183.701	1.14991	70.1087
188361	2000	168	5.41667	179.16	1.3186	68.3536
188361	2000	169	5.20833	176.035	1.03511	67.2286
188361	2000	170	4.875	172.014	1.57982	65.7095
188361	2000	171	5.29167	168.444	1.08437	64.5278
188361	2000	172	5.04167	164.465	1.21167	63.0882
188361	2000	173	3.625	160.993	0.992788	61.7741
188361	2000	174	4.20833	156.319	1.46872	60.1628
188361	2000	175	4.33333	153.132	0.839775	58.9935
188361	2000	176	4.83333	150.764	1.30667	58.1575
188361	2000	177	3.66667	146.854	0.839775	56.6709
188361	2000	178	4.66667	144.292	1.08557	55.7487
188361	2000	179	4.58333	141.181	1.36016	54.566
365657	4000	0	1.66667	0	0.561688	0
365657	4000	1	2.16667	119.771	0.495883	43.9226
365657	4000	2	2.625	94.6667	0.686025	34.7239
365657	4000	3	3.375	102.861	0.72547	37.7348
365657	4000	4	3.66667	104.215	0.6639	38.2401
365657	4000	5	4	107.979	0.800167	39.6335
365657	4000	6	4.58333	111.597	0.88221	40.9907
365657	4000	7	5.45833	117.903	1.20303	43.3301
365657	4000	8	7.04167	125.347	1.31099	46.0847
365657	4000	9	8.33333	135.229	1.57255	49.766
365657	4000	10	12.4167	145.701	2.59261	53.6405
365657	4000	11	15.8333	161	2.82327	59.3478
365657	4000	12	19.8333	178.236	3.78389	65.7484
365657	4000	13	25.5833	201.757	4.58283	74.4968
365657	4000	14	34.5417	231.611	6.89741	85.7298
365657	4000	15	42.25	268.875	7.21622	99.8123
365657	4000	16	55.2917	316.049	10.9297	117.694
365657	4000	17	74.7083	375.507	13.7886	140.259
365657	4000	18	99.2917	451.306	17.8703	169.036
365657	4000	19	122.083	547.438	20.521	205.519
365657	4000	20	160.417	669.424	24.4021	252.088
365657	4000	21	197.375	810	24.3298	302.807
365657	4000	22	242.625	988.396	25.0971	368.744
365657	4000	23	271.167	1186.79	18.6146	440.345
365657	4000	24	296.667	1375.08	16.7174	508.79
365657	4000	25	316.458	1548.51	13.4986	572.942
365657	4000	26	339.917	1649.08	15.194	608.237
365657	4000	27	354.25	1726.99	16.3608	637.267
365657	4000	28	375.708	1811.77	17.5975	668.811
365657	4000	29	393.708	1895.01	15.9399	699.735
365657	4000	30	405.458	1978.9	18.5582	731.179
365657	4000	31	419	2052.19	18.7192	758.832
365657	4000	32	431.333	2124.6	23.5501	785.99
365657	4000	33	432.958	2190.61	23.4024	811.38
365657	4000	34	444.708	2250.14	25.8869	834.475
365657	4000	35	445.5	2305.19	29.1745	855.67
365657	4000	36	443.125	2356.71	26.0503	875.837
365657	4000	37	444.125	2393.29	31.6206	890.221
365657	4000	38	452.833	2432.05	31.2661	905.59
365657	4000	39	444.208	2464.51	35.5416	918.311
365657	4000	40	434.958	2485.65	32.7664	926.933
365657	4000	41	431	2504.74	35.0863	934.504
365657	4000	42	431.833	2510.03	35.0694	937.156
365657	4000	43	416.667	2513.26	35.9635	938.3
365657	4000	44	406.042	2514.84	35.1916	938.97
365657	4000	45	403.708	2507.19	35.9434	936.055
365657	4000	46	391.333	2497.6	34.6462	932.137
365657	4000	47	375.5	2486.17	35.3281	927.595
365657	4000	48	366.5	2469.39	30.4436	920.557
365657	4000	49	353.958	2447.64	32.2658	911.856
365657	4000	50	338.167	2422.92	31.6935	901.756
365657	4000	51	331.125	2397.6	31.9556	891.434
365657	4000	52	323.167	2363.71	26.2683	878.111
365657	4000	53	305.125	2332.43	26.7692	865.334
365657	4000	54	294.667	2303.42	23.865	853.856
365657	4000	55	283.75	2263.44	22.7203	837.985
365657	4000	56	272.542	2230.17	22.2109	824.893
365657	4000	57	256.667	2193.15	19.6056	810.255
365657	4000	58	250.792	2155.19	16.7221	795.54
365657	4000	59	237.208	2119.23	13.8437	781.412
365657	4000	60	234.917	2081.56	14.1819	766.854
365657	4000	61	218	2044.78	13.5885	752.805
365657	4000	62	208.708	2004.95	10.819	737.68
365657	4000	63	201.792	1968.97	10.502	724.027
365657	4000	64	191	1934.65	10.4775	711.363
365657	4000	65	184.125	1896.35	11.9696	697.207
365657	4000	66	176.833	1859.69	11.5164	683.805
365657	4000	67	171.375	1825.24	11.1966	671.127
365657	4000	68	161.083	1789.54	11.5226	658.165
365657	4000	69	158.917	1752.3	12.3201	644.857
365657	4000	70	144.042	1721.22	12.6685	633.743
365657	4000	71	147.875	1682.77	14.0172	619.929
365657	4000	72	138.042	1651.18	15.2765	608.817
365657	4000	73	132.542	1618.39	16.5821	597.108
365657	4000	74	127.333	1587.14	15.3551	586.09
365657	4000	75	117.375	1553.92	14.3986	574.238
365657	4000	76	120.167	1521.74	15.1112	562.939
365657	4000	77	109.333	1490.84	13.7031	552.074
365657	4000	78	109	1461.98	15.4745	541.918
365657	4000	79	106.917	1431.6	15.0101	531.157
365657	4000	80	102.333	1398.85	16.6966	519.71
365657	4000	81	99.125	1369.78	15.2134	509.416
365657	4000	82	94.7917	1338.65	15.5744	498.272
365657	4000	83	91.8333	1308.3	17.5802	487.463
365657	4000	84	86.375	1280.98	16.3547	477.972
365657	4000	85	87.4583	1252.47	15.377	467.815
365657	4000	86	86.4583	1220.19	17.1612	456.189
365657	4000	87	78.2917	1191.62	15.8409	445.937
365657	4000	88	75.2917	1165.19	15.1139	436.412
365657	4000	89	72.375	1138.43	13.9986	426.882
365657	4000	90	71.5833	1108.32	15.4803	415.947
365657	4000	91	65.7917	1081.59	14.0716	406.465
365657	4000	92	61.2917	1054.49	13.9641	396.425
365657	4000	93	61.375	1027.2	12.2849	386.382
365657	4000	94	56.6667	1000.5	13.3449	376.553
365657	4000	95	58.2083	975.361	11.5069	367.512
365657	4000	96	54.125	950.035	10.6379	358.013
365657	4000	97	54.9583	926.535	12.9408	349.169
365657	4000	98	52.3333	902.326	11.968	339.835
365657	4000	99	48.1667	879.194	10.3085	331.07
365657	4000	100	48.1667	856.347	11.143	322.651
365657	4000	101	44	834.174	9.83403	314.014
365657	4000	102	39.5	814.458	7.8062	306.395
365657	4000	103	40.7917	792.028	8.64545	297.688
365657	4000	104	40.125	772.382	9.59933	290.2
365657	4000	105	37.625	752.049	6.5992	282.305
365657	4000	106	36.125	731.5	5.88628	274.462
365657	4000	107	34.0417	711.521	6.96619	266.859
365657	4000	108	33.625	693.396	5.83224	259.877
365657	4000	109	30.7083	675.396	5.41091	253.01
365657	4000	110	30.9167	657.653	6.31697	246.187
365657	4000	111	30.7917	640.201	5.63088	239.567
365657	4000	112	28.75	624.715	6.36454	233.589
365657	4000	113	24.9583	609.09	4.34038	227.707
365657	4000	114	24.7083	593.806	3.61421	221.779
365657	4000	115	26.2083	580.069	4.52486	216.353
365657	4000	116	23.5833	564.181	3.11899	210.194
365657	4000	117	24.0417	551.66	3.99296	205.304
365657	4000	118	21.6667	536.694	3.16935	199.824
365657	4000	119	20.625	522.542	3.15205	194.539
365657	4000	120	18.4167	509.431	2.96338	189.643
365657	4000	121	20.4583	497.688	3.53537	185.059
365657	4000	122	18.5417	484.743	3.11467	180.072
365657	4000	123	16.25	471.951	2.41855	175.384
365657	4000	124	17.5833	461.139	3.0146	171.348
365657	4000	125	16.6667	451.639	1.95882	167.78
365657	4000	126	15.5833	440.222	2.20375	163.649
365657	4000	127	15.4583	429.632	2.10709	159.683
365657	4000	128	16	418.861	2.28768	155.547
365657	4000	129	14.7083	409.646	1.97231	152.104
365657	4000	130	14.7083	399.472	1.95459	148.313
365657	4000	131	12.875	390.167	2.16036	144.884
365657	4000	132	13.4583	381.257	1.91321	141.545
365657	4000	133	13.2083	372.722	2.19445	138.412
365657	4000	134	12.3333	362.549	1.52765	134.634
365657	4000	135	12.8333	351.903	1.6162	130.713
365657	4000	136	11.125	344.236	1.29407	127.939
365657	4000	137	10.625	336.319	1.4961	124.93
365657	4000	138	11.25	328.653	1.79796	122.023
365657	4000	139	11	321.292	1.49232	119.4
365657	4000	140	11.0833	313.618	1.2592	116.537
365657	4000	141	10.375	304.132	1.75313	113.018
365657	4000	142	9.04167	297.444	1.35792	110.631
365657	4000	143	8.95833	290.826	1.46635	108.176
365657	4000	144	9.54167	284.903	1.46872	106.084
365657	4000	145	8.33333	278.694	1.44814	103.862
365657	4000	146	8.45833	272.083	1.5695	101.476
365657	4000	147	7	266.257	1.49232	99.3159
365657	4000	148	7.33333	260.597	1.207	97.1557
365657	4000	149	8.20833	254.417	1.23725	94.9236
365657	4000	150	7.54167	248.417	1.11911	92.6726
365657	4000	151	7.91667	242.542	1.2481	90.4632
365657	4000	152	7	236.771	1.37585	88.4875
365657	4000	153	6.625	231.778	1.48677	86.7676
365657	4000	154	6.33333	228.514	1.68369	85.4636
365657	4000	155	6.41667	224.59	1.14333	83.993
365657	4000	156	5.95833	219.639	1.02498	82.2714
365657	4000	157	6.20833	215.104	1.45921	80.5875
365657	4000	158	5.5	211.681	1.28157	79.3924
365657	4000	159	6.33333	206.66	1.12338	77.4415
365657	4000	160	6.25	203.361	1.58833	76.3081
365657	4000	161	5.95833	197.896	1.1528	74.4381
365657	4000	162	5.45833	193.681	1.1066	72.9217
365657	4000	163	5.125	190.215	1.1875	71.6106
365657	4000	164	5.54167	186.639	1.28146	70.2585
365657	4000	165	4.83333	183.028	0.895909	69.0203
365657	4000	166	4.54167	179.424	0.979852	67.6808
365657	4000	167	4.54167	175.375	1.1914	66.1633
365657	4000	168	4.54167	171.097	0.913696	64.6428
365657	4000	169	4.91667	166.924	1.19686	62.976
365657	4000	170	3.75	163.931	0.827951	61.9079
365657	4000	171	4.375	160.444	0.949797	60.5973
365657	4000	172	4.70833	157.007	0.862768	59.4514
365657	4000	173	3.29167	152.583	0.886637	57.8911
365657	4000	174	3.875	149.736	0.893154	56.7959
365657	4000	175	3.70833	146.243	0.777933	55.5811
365657	4000	176	3.66667	143.91	0.880236	54.6887
365657	4000	177	4.20833	141.562	0.993956	53.8708
365657	4000	178	4.20833	138.431	0.943671	52.6671
365657	4000	179	3.375	135.646	0.706023	51.5425
606459	6000	0	2.04167	0	0.607091	0
606459	6000	1	2.41667	117.146	0.655991	42.9725
606459	6000	2	2.70833	94.8819	0.722265	34.8096
606459	6000	3	3.20833	102.035	0.755237	37.4364
606459	6000	4	3.58333	102.861	0.655991	37.7622
606459	6000	5	3.83333	107	0.743044	39.2909
606459	6000	6	4.79167	109.632	0.764396	40.2501
606459	6000	7	5.75	116.646	1.05027	42.8284
606459	6000	8	7.33333	123.854	1.24111	45.4937
606459	6000	9	8.45833	132.361	1.70551	48.621
606459	6000	10	10.25	141.347	1.53485	51.9329
606459	6000	11	11.4167	154.868	2.01917	56.8927
606459	6000	12	16.9167	173.083	1.99141	63.6495
606459	6000	13	19.8333	194.722	2.58657	71.6796
606459	6000	14	27.25	222.778	3.60606	82.0922
606459	6000	15	34.125	259.486	3.42607	95.7471
606459	6000	16	44.7083	302.194	5.63521	111.64
606459	6000	17	58.125	359.5	7.89688	133.064
606459	6000	18	75.7917	429.424	8.40463	159.203
606459	6000	19	100.167	519.354	11.3882	192.889
606459	6000	20	123.625	632.049	14.8211	235.074
606459	6000	21	168.208	778.125	16.3198	289.77
606459	6000	22	203.458	957.451	21.1227	356.792
606459	6000	23	239.542	1180.92	17.5526	440.503
606459	6000	24	266.292	1441.76	16.03	536.397
606459	6000	25	281.208	1628.56	11.193	600.908
606459	6000	26	298.958	1787.12	13.8856	658.015
606459	6000	27	326.667	1882.5	15.5926	692.894
606459	6000	28	334.458	1964.76	15.1169	723.242
606459	6000	29	341.667	2045.47	18.6818	753.247
606459	6000	30	356.583	2122.29	17.0648	782.108
606459	6000	31	360.667	2195.26	18.3605	809.842
606459	6000	32	362.583	2262.19	22.4973	835.035
606459	6000	33	383.833	2323.25	22.2781	858.227
606459	6000	34	384.542	2379.06	24.0447	879.514
606459	6000	35	390.708	2424.28	26.4901	897.239
606459	6000	36	389.042	2468.12	29.7058	914.448
606459	6000	37	386.125	2498.43	30.3046	926.38
606459	6000	38	390.25	2525.87	29.8089	937.231
606459	6000	39	383.833	2550.69	29.7966	947.196
606459	6000	40	382.958	2567.46	30.7474	954.174
606459	6000	41	376.375	2576.92	30.7207	958.053
606459	6000	42	376.042	2585.44	29.2132	961.536
606459	6000	43	368.917	2583	27.5387	960.902
606459	6000	44	358.708	2579.92	29.9217	959.612
606459	6000	45	357.75	2572.74	26.1684	957.056
606459	6000	46	349.5	2556.12	26.475	950.721
606459	6000	47	338.792	2541.58	26.1188	945.213
606459	6000	48	334.958	2520.06	26.7942	937.141
606459	6000	49	320.25	2498.74	26.6015	928.599
606459	6000	50	320.5	2470.2	25.103	917.822
606459	6000	51	307.083	2443.64	22.3807	907.422
606459	6000	52	296.125	2415.92	21.8955	896.618
606459	6000	53	290.292	2380.72	18.2243	882.964
606459	6000	54	279.292	2351.35	21.0079	871.121
606459	6000	55	273.833	2312.58	20.468	856.034
606459	6000	56	263.792	2274.6	18.5079	841.407
606459	6000	57	254.875	2238.28	18.2624	827.378
606459	6000	58	243.083	2199.06	15.9981	812.478
606459	6000	59	236.708	2163.21	12.117	798.531
606459	6000	60	233.333	2120.07	12.0671	782.255
606459	6000	61	220.083	2080.6	11.9839	767.068
606459	6000	62	213.458	2039.97	11.0541	751.735
606459	6000	63	208.5	1999.54	11.6554	736.401
606459	6000	64	196.667	1961.96	11.936	722.248
606459	6000	65	189.792	1922.97	9.78791	707.773
606459	6000	66	185.792	1880.74	10.0807	692.087
606459	6000	67	179.167	1843.9	9.87828	678.246
606459	6000	68	172.375	1803.1	10.4334	663.057
606459	6000	69	171.958	1764.92	12.3795	648.906
606459	6000	70	164.25	1723.64	10.8098	633.712
606459	6000	71	156.208	1686.77	10.3592	620.18
606459	6000	72	154.958	1650.45	10.542	606.843
606459	6000	73	149.167	1614.69	10.0991	593.735
606459	6000	74	140.333	1578.51	12.5122	580.745
606459	6000	75	135.958	1543.6	12.7931	568.209
606459	6000	76	131.917	1505.21	12.6341	554.385
606459	6000	77	127	1472.83	14.116	542.73
606459	6000	78	123.625	1438.47	13.4131	530.376
606459	6000	79	117.042	1406.59	14.1123	518.967
606459	6000	80	114.417	1374.83	13.5001	507.606
606459	6000	81	110.375	1341.88	13.1538	495.818
606459	6000	82	107.958	1311.56	14.9732	485.031
606459	6000	83	104.167	1279.38	15.1195	473.628
606459	6000	84	99.5833	1249.34	14.518	462.844
606459	6000	85	99.7083	1218.44	15.0275	451.891
606459	6000	86	96.1667	1186.99	16.1904	440.579
606459	6000	87	86.5	1160.03	14.7237	430.972
606459	6000	88	86.375	1130.21	14.5146	420.304
606459	6000	89	84.9583	1104.06	14.3921	410.968
606459	6000	90	85.5	1077.76	13.6763	401.391
606459	6000	91	79.25	1054.15	13.7191	392.922
606459	6000	92	76.5417	1030.94	13.4769	384.592
606459	6000	93	71.5	1005.12	11.6087	375.293
606459	6000	94	71.625	981.458	12.7721	366.539
606459	6000	95	70.0833	959.965	12.7143	358.705
606459	6000	96	64.1667	935.84	12.1057	349.752
606459	6000	97	61.5	912.049	10.8084	340.999
606459	6000	98	60.9583	886.854	10.9925	331.631
606459	6000	99	60.7083	863.375	10.759	322.938
606459	6000	100	57.625	841.5	10.9477	314.891
606459	6000	101	52.6667	818.306	10.0161	306.279
606459	6000	102	52.4583	796.729	8.6543	298.292
606459	6000	103	52	777.764	8.15245	291.276
606459	6000	104	46.4583	757.521	8.30132	283.74
606459	6000	105	44.4583	736.653	8.10792	275.935
606459	6000	106	42.3333	717.576	7.39194	268.858
606459	6000	107	45.2917	698.562	6.88074	261.736
606459	6000	108	40.25	679.618	5.90392	254.339
606459	6000	109	38.6667	660.604	6.18758	247.226
606459	6000	110	39.1667	646.083	6.26803	241.479
606459	6000	111	36.0417	628.271	5.14996	234.774
606459	6000	112	35.4167	610.764	5.50961	228.026
606459	6000	113	33.9167	598.16	5.12345	223.42
606459	6000	114	31.2917	582.431	4.26761	217.551
606459	6000	115	29.75	568.083	4.35761	212.248
606459	6000	116	31.5833	551.319	4.38732	206.026
606459	6000	117	29.3333	538.451	3.92296	201.206
606459	6000	118	27.8333	524.181	3.13624	195.793
606459	6000	119	27.2083	511.236	4.2668	190.929
606459	6000	120	28.3333	498.347	3.68135	186.149
606459	6000	121	27.0833	487.701	4.01111	182.291
606459	6000	122	23.875	476.118	3.32714	177.901
606459	6000	123	24.5833	464.66	3.91096	173.735
606459	6000	124	21.5	453.688	2.74664	169.6
606459	6000	125	23.0417	445.389	3.34001	166.36
606459	6000	126	22.7083	433.278	3.73728	161.803
606459	6000	127	20.625	422.66	3.10534	157.822
606459	6000	128	20.375	411.993	3.21761	153.778
606459	6000	129	19.5	401.319	3.27163	149.931
606459	6000	130	18.75	390.299	2.59619	145.782
606459	6000	131	17.625	381.5	2.39415	142.546
606459	6000	132	16.5417	372.042	2.09051	139.061
606459	6000	133	15.625	361.757	2.57077	135.366
606459	6000	134	16.4583	354.861	2.78933	132.721
606459	6000	135	15.2083	345.618	2.34471	129.426
606459	6000	136	15.1667	337.215	2.97452	126.281
606459	6000	137	14.4583	330.257	1.97408	123.687
606459	6000	138	13.3333	322.931	2.20296	121.143
606459	6000	139	14.2083	315.542	2.46904	118.414
606459	6000	140	13.4583	306.965	2.40334	115.184
606459	6000	141	12.75	300.514	1.94664	112.767
606459	6000	142	13.1667	292.778	2.42262	109.901
606459	6000	143	10.7917	284.681	2.10378	106.946
606459	6000	144	11.3333	276.826	1.72453	104.061
606459	6000	145	10.9167	269.778	1.9597	101.616
606459	6000	146	12.2083	262.465	2.51927	99.0376
606459	6000	147	9.875	256.146	2.11807	96.742
606459	6000	148	9.41667	250.354	1.78501	94.6295
606459	6000	149	10.25	245.444	1.93588	92.8233
606459	6000	150	9.29167	238.861	1.73584	90.3212
606459	6000	151	8.375	233.625	1.49144	88.4372
606459	6000	152	8.20833	227.549	1.94924	86.1285
606459	6000	153	8.33333	222.354	1.87903	84.3541
606459	6000	154	8.625	216.917	1.45363	82.4502
606459	6000	155	8.54167	212.521	1.58714	80.7745
606459	6000	156	8.20833	206.799	1.33466	78.6458
606459	6000	157	8.125	202.146	1.30478	77.0299
606459	6000	158	7.41667	197.632	1.45891	75.269
606459	6000	159	6.875	191.556	1.34677	73.0261
606459	6000	160	7.29167	187.674	1.55838	71.6758
606459	6000	161	6.25	182.611	1.53485	69.6731
606459	6000	162	7	178.611	1.33477	68.1429
606459	6000	163	7.20833	175.715	1.44001	67.0934
606459	6000	164	5.58333	171.611	1.0414	65.6777
606459	6000	165	6.04167	167.625	1.31099	64.2402
606459	6000	166	5.875	162.924	1.28327	62.4335
606459	6000	167	5.20833	159.215	1.09395	61.1953
606459	6000	168	5.33333	155.674	1.0126	59.9184
606459	6000	169	5	150.681	1.13161	57.9291
606459	6000	170	4.95833	147.271	1.31099	56.722
606459	6000	171	5.125	143.812	1.16978	55.4682
606459	6000	172	4.875	140.618	1.16978	54.1767
606459	6000	173	4.29167	136.896	1.07793	52.7751
606459	6000	174	4.04167	133.556	0.932544	51.5688
606459	6000	175	4.58333	131.812	1.13723	50.9497
606459	6000	176	3.91667	128.896	0.965092	49.9339
606459	6000	177	4.16667	126.278	1.0464	48.9977
606459	6000	178	4.75	122.826	1.11457	47.7535
606459	6000	179	3.79167	119.542	0.69776	46.6893
1.12458e+06	10000	0	1.75	0	0.604458	0
1.12458e+06	10000	1	2.45833	119.028	0.565547	43.648
1.12458e+06	10000	2	2.58333	95.2708	0.564777	34.9452
1.12458e+06	10000	3	2.70833	102.042	0.571667	37.4303
1.12458e+06	10000	4	2.45833	102.521	0.635103	37.6066
1.12458e+06	10000	5	3.41667	106.41	0.841844	39.0486
1.12458e+06	10000	6	3.125	109.576	0.64955	40.2268
1.12458e+06	10000	7	4.33333	114.229	1.0464	41.9719
1.12458e+06	10000	8	5.04167	120.493	0.786828	44.2888
1.12458e+06	10000	9	5.75	129.938	1.0166	47.8032
1.12458e+06	10000	10	8.625	139.993	1.17867	51.5705
1.12458e+06	10000	11	10.0417	154.382	1.26231	56.947
1.12458e+06	10000	12	13.5833	171.347	1.68885	63.3118
1.12458e+06	10000	13	15.0417	191.479	1.9403	70.8261
1.12458e+06	10000	14	19.375	219.146	2.74616	81.1659
1.12458e+06	10000	15	24.0417	253.097	2.91021	93.9861
1.12458e+06	10000	16	30.4583	297.701	4.29768	110.802
1.12458e+06	10000	17	39.9583	354.174	5.131	132.071
1.12458e+06	10000	18	50.2917	423.792	5.20507	158.245
1.12458e+06	10000	19	66.5	511.903	7.63675	191.504
1.12458e+06	10000	20	80.2083	624.062	8.957	233.986
1.12458e+06	10000	21	108.167	766.674	13.1124	287.89
1.12458e+06	10000	22	136.208	945.674	16.1419	355.673
1.12458e+06	10000	23	177.5	1168.94	20.6576	440.49
1.12458e+06	10000	24	204.375	1440.88	19.2885	543.102
1.12458e+06	10000	25	224.5	1778.21	16.9322	670.441
1.12458e+06	10000	26	239.625	2070.22	13.9493	771.735
1.12458e+06	10000	27	252.167	2268.83	15.4496	841.663
1.12458e+06	10000	28	258.417	2393.81	14.8577	884.514
1.12458e+06	10000	29	272.333	2479.01	13.5689	914.831
1.12458e+06	10000	30	272.75	2564.94	12.9847	945.187
1.12458e+06	10000	31	286.792	2649.17	15.1825	975.812
1.12458e+06	10000	32	281.875	2705.72	14.2916	997.366
1.12458e+06	10000	33	289.167	2761.46	18.0721	1018.3
1.12458e+06	10000	34	292.042	2804.47	16.9184	1034.94
1.12458e+06	10000	35	285.292	2839.03	17.5979	1048.39
1.12458e+06	10000	36	290.917	2864.32	16.7682	1058.52
1.12458e+06	10000	37	291.333	2883.24	17.8103	1066.29
1.12458e+06	10000	38	291.292	2893.03	18.2834	1070.55
1.12458e+06	10000	39	286.958	2898.8	17.5028	1073.02
1.12458e+06	10000	40	285.5	2895.96	14.6673	1071.94
1.12458e+06	10000	41	272.625	2893.51	15.0087	1071.25
1.12458e+06	10000	42	277.167	2881.74	20.0388	1066.73
1.12458e+06	10000	43	273.625	2865.97	17.9144	1060.99
1.12458e+06	10000	44	268.125	2849.45	16.2627	1054.85
1.12458e+06	10000	45	262.125	2830.14	16.314	1047.74
1.12458e+06	10000	46	259.875	2803.9	15.2111	1037.64
1.12458e+06	10000	47	253.417	2779.79	15.6924	1028.35
1.12458e+06	10000	48	250.583	2748.37	13.7007	1016.39
1.12458e+06	10000	49	244.042	2715.53	10.9691	1003.72
1.12458e+06	10000	50	247.667	2685.33	14.5538	992.389
1.12458e+06	10000	51	233.583	2647	10.756	977.71
1.12458e+06	10000	52	227.958	2605.08	11.7709	962.204
1.12458e+06	10000	53	221.375	2568.75	11.9163	948.444
1.12458e+06	10000	54	223.458	2528.13	12.456	933.346
1.12458e+06	10000	55	212.333	2486.39	12.2553	918.018
1.12458e+06	10000	56	209.75	2440.78	10.3594	901.017
1.12458e+06	10000	57	204.583	2397.27	10.4148	884.808
1.12458e+06	10000	58	193.208	2352.12	10.6449	868.152
1.12458e+06	10000	59	189.375	2304.78	10.5936	850.773
1.12458e+06	10000	60	185.292	2253.49	10.5315	831.897
1.12458e+06	10000	61	177.917	2204.24	10.5357	814.022
1.12458e+06	10000	62	172.625	2156.99	11.5756	796.453
1.12458e+06	10000	63	167.333	2106.05	10.5342	777.888
1.12458e+06	10000	64	162.208	2055.47	9.78008	759.22
1.12458e+06	10000	65	155.083	2009.12	10.1433	742.216
1.12458e+06	10000	66	148.833	1962.69	11.4205	725.154
1.12458e+06	10000	67	145.042	1911.88	13.2737	706.542
1.12458e+06	10000	68	144.625	1861.91	11.3571	688.112
1.12458e+06	10000	69	131.5	1810.89	10.3418	669.374
1.12458e+06	10000	70	130.833	1759.9	10.0029	650.612
1.12458e+06	10000	71	120.458	1713.97	9.02435	633.701
1.12458e+06	10000	72	122.875	1666.97	8.94871	616.582
1.12458e+06	10000	73	114.208	1620.58	9.57295	599.39
1.12458e+06	10000	74	110.292	1578.28	10.6452	583.838
1.12458e+06	10000	75	109.083	1534.56	8.51727	567.789
1.12458e+06	10000	76	106.167	1489.74	10.359	551.34
1.12458e+06	10000	77	100.417	1448.83	10.4021	536.397
1.12458e+06	10000	78	97.0833	1408.48	8.87813	521.744
1.12458e+06	10000	79	93.25	1367.73	8.103	506.632
1.12458e+06	10000	80	88.5	1330.08	9.46108	492.745
1.12458e+06	10000	81	84.75	1293.22	9.1395	479.399
1.12458e+06	10000	82	80.875	1254.78	8.49222	465.257
1.12458e+06	10000	83	78.3333	1220.22	9.14286	452.396
1.12458e+06	10000	84	72.7083	1188.43	9.45702	440.893
1.12458e+06	10000	85	70.75	1154.9	7.67516	428.656
1.12458e+06	10000	86	68.625	1121.61	8.98248	416.492
1.12458e+06	10000	87	69.7917	1092.98	8.44346	405.906
1.12458e+06	10000	88	65.375	1060.56	7.35999	394.217
1.12458e+06	10000	89	59.3333	1033.87	7.26468	384.537
1.12458e+06	10000	90	61.3333	1003.81	8.1248	373.554
1.12458e+06	10000	91	55.2917	976.646	8.05323	363.561
1.12458e+06	10000	92	52.8333	948.028	5.80695	353.142
1.12458e+06	10000	93	52.75	919.799	6.58594	342.631
1.12458e+06	10000	94	52.4167	896.069	6.7029	333.869
1.12458e+06	10000	95	49.3333	872.576	5.70783	325.008
1.12458e+06	10000	96	49.25	846.611	6.98491	315.306
1.12458e+06	10000	97	46	820.514	6.67385	305.62
1.12458e+06	10000	98	41.1667	798.264	5.32298	297.297
1.12458e+06	10000	99	41.4167	774.951	6.34555	288.763
1.12458e+06	10000	100	40.75	753.16	5.97656	280.637
1.12458e+06	10000	101	38.2917	733.521	4.81617	273.162
1.12458e+06	10000	102	38.125	711.833	5.52651	264.987
1.12458e+06	10000	103	36	692.993	5.45386	257.979
1.12458e+06	10000	104	33.8333	672.757	4.6293	250.319
1.12458e+06	10000	105	33.875	654.729	4.77092	243.624
1.12458e+06	10000	106	31.75	637.826	4.64518	237.495
1.12458e+06	10000	107	31.6667	622.757	4.78454	231.877
1.12458e+06	10000	108	29.625	604.069	4.17251	224.839
1.12458e+06	10000	109	31.0833	586.597	4.17935	218.292
1.12458e+06	10000	110	26.7917	572.333	3.59006	212.854
1.12458e+06	10000	111	26.125	558.556	3.02474	207.822
1.12458e+06	10000	112	25.75	544.09	3.04751	202.4
1.12458e+06	10000	113	25.7917	529.201	3.90395	196.695
1.12458e+06	10000	114	23.375	513.465	2.72836	190.828
1.12458e+06	10000	115	22.8333	499.097	2.77855	185.443
1.12458e+06	10000	116	22.5417	485.111	2.49428	180.261
1.12458e+06	10000	117	23.3333	472.875	3.20212	175.692
1.12458e+06	10000	118	20.7917	463.438	3.25025	172.195
1.12458e+06	10000	119	18.5417	452.299	2.47748	168.098
1.12458e+06	10000	120	19.9583	441.847	2.71216	164.065
1.12458e+06	10000	121	18.5	429.569	2.71606	159.449
1.12458e+06	10000	122	18.4167	418.486	2.91126	155.333
1.12458e+06	10000	123	19.2917	409.083	2.59144	151.863
1.12458e+06	10000	124	15.9167	401.299	2.64838	149.048
1.12458e+06	10000	125	16.9167	392.938	2.5411	145.878
1.12458e+06	10000	126	15.875	383.639	2.33976	142.494
1.12458e+06	10000	127	15.5417	374.764	2.28153	139.121
1.12458e+06	10000	128	13.9583	366.312	2.25545	135.999
1.12458e+06	10000	129	15.3333	356.757	1.93738	132.527
1.12458e+06	10000	130	14.6667	350.507	2.43695	130.2
1.12458e+06	10000	131	12.4167	341.618	1.84634	126.984
1.12458e+06	10000	132	14	334.514	2.14318	124.418
1.12458e+06	10000	133	13.625	326.493	2.11971	121.457
1.12458e+06	10000	134	12.2917	321.319	1.92951	119.506
1.12458e+06	10000	135	13.2917	314.444	1.81809	117.012
1.12458e+06	10000	136	13.5	306.882	2.20717	114.321
1.12458e+06	10000	137	11.8333	298.965	2.29881	111.433
1.12458e+06	10000	138	11.0417	290.708	1.71973	108.461
1.12458e+06	10000	139	9.79167	286.486	1.60459	107.034
1.12458e+06	10000	140	11.0417	277.479	1.95815	103.599
1.12458e+06	10000	141	10.25	271.882	1.82103	101.667
1.12458e+06	10000	142	9.58333	264.326	1.31331	98.988
1.12458e+06	10000	143	9.875	257.812	1.87401	96.6521
1.12458e+06	10000	144	8.66667	252.542	1.39926	94.6365
1.12458e+06	10000	145	9.25	246.257	1.4605	92.46
1.12458e+06	10000	146	8.29167	241.417	2.06202	90.5827
1.12458e+06	10000	147	7.66667	235.181	1.54577	88.3326
1.12458e+06	10000	148	8.875	228.958	1.41235	86.0227
1.12458e+06	10000	149	8.20833	222.472	1.50615	83.5932
1.12458e+06	10000	150	8.20833	218.174	1.39583	82.0073
1.12458e+06	10000	151	7.95833	212.632	1.38833	80.0259
1.12458e+06	10000	152	7.45833	208.444	1.35536	78.546
1.12458e+06	10000	153	6.91667	203.333	1.2199	76.6728
1.12458e+06	10000	154	7.79167	198.583	1.42054	74.8488
1.12458e+06	10000	155	6.83333	193.111	1.58138	72.7992
1.12458e+06	10000	156	6.16667	189.472	1.17781	71.42
1.12458e+06	10000	157	5.83333	185.771	0.956035	70.0662
1.12458e+06	10000	158	6.45833	182.403	1.39583	68.9962
1.12458e+06	10000	159	7.125	178.583	1.43193	67.7281
1.12458e+06	10000	160	6.08333	173.812	1.11248	65.9937
1.12458e+06	10000	161	6.375	169.056	1.51918	64.2185
1.12458e+06	10000	162	5.70833	165.181	1.05838	62.7668
1.12458e+06	10000	163	5.54167	161.979	1.22595	61.6485
1.12458e+06	10000	164	5.70833	158.181	1.26231	60.3548
1.12458e+06	10000	165	4.875	154.333	0.931299	58.9363
1.12458e+06	10000	166	5.08333	150.778	0.979408	57.5617
1.12458e+06	10000	167	5.375	147.729	1.36474	56.463
1.12458e+06	10000	168	5	144.035	1.113	55.0687
1.12458e+06	10000	169	4.54167	140.833	1.13148	53.95
1.12458e+06	10000	170	4.66667	137.278	0.956035	52.5864
1.12458e+06	10000	171	4.54167	134.035	1.19723	51.3872
1.12458e+06	10000	172	4.25	130.861	1.26655	50.3266
1.12458e+06	10000	173	3.95833	127.035	1.07793	48.887
1.12458e+06	10000	174	3.91667	123.667	0.833536	47.7016
1.12458e+06	10000	175	4	120.368	0.646193	46.3439
1.12458e+06	10000	176	4.04167	117.125	0.795624	45.1556
1.12458e+06	10000	177	3.75	114.688	0.827951	44.2216
1.12458e+06	10000	178	4.29167	111.993	0.99745	43.1934
1.12458e+06	10000	179	3.33333	108.139	0.733618	41.7938
2.19783e+06	20000	0	2.5	0	0.717633	0
2.19783e+06	20000	1	2.08333	118.764	0.53957	43.5616
2.19783e+06	20000	2	2.58333	95.4444	0.600608	35.0187
2.19783e+06	20000	3	2.83333	103.153	0.694636	37.8598
2.19783e+06	20000	4	2.625	104.236	0.538225	38.2459
2.19783e+06	20000	5	2.75	107.319	0.720053	39.3704
2.19783e+06	20000	6	3.625	112.278	0.912426	41.2091
2.19783e+06	20000	7	4.66667	118.424	1.17189	43.5
2.19783e+06	20000	8	4.875	126.069	1.14574	46.3132
2.19783e+06	20000	9	5.29167	134.84	0.795624	49.6201
2.19783e+06	20000	10	7.16667	146.34	1.18957	53.9115
2.19783e+06	20000	11	8.04167	161.188	1.1284	59.42
2.19783e+06	20000	12	10.1667	178.84	1.99054	66.0167
2.19783e+06	20000	13	10.6667	201.694	1.60323	74.5766
2.19783e+06	20000	14	13.7083	231.84	1.65791	85.8935
2.19783e+06	20000	15	16.5417	269.84	2.30278	100.124
2.19783e+06	20000	16	21.625	317.535	2.58427	118.198
2.19783e+06	20000	17	25.9167	378.139	2.66149	141.318
2.19783e+06	20000	18	32.3333	453.812	5.13803	170.136
2.19783e+06	20000	19	45.9583	552.035	5.65985	207.835
2.19783e+06	20000	20	52.0833	673.5	6.72984	254.232
2.19783e+06	20000	21	69.9583	830.944	9.46952	314.787
2.19783e+06	20000	22	85.9583	1026.34	10.1004	389.594
2.19783e+06	20000	23	104.542	1264.4	12.0603	480.434
2.19783e+06	20000	24	130.375	1560.3	13.9163	592.783
2.19783e+06	20000	25	160.083	1908.62	18.2934	724.861
2.19783e+06	20000	26	182.083	2317.14	14.0938	877.253
2.19783e+06	20000	27	192.833	2781.69	11.1511	1049.97
2.19783e+06	20000	28	199.292	3116.42	8.32936	1161.48
2.19783e+06	20000	29	205.708	3344.45	8.87152	1233.68
2.19783e+06	20000	30	214.667	3505.66	8.53747	1288.44
2.19783e+06	20000	31	210.875	3608.08	6.84508	1326.14
2.19783e+06	20000	32	209.833	3631.9	7.89367	1335.41
2.19783e+06	20000	33	212.208	3659.95	9.07434	1346.49
2.19783e+06	20000	34	210.583	3668.82	10.224	1350.63
2.19783e+06	20000	35	211.167	3665.24	9.56836	1350.49
2.19783e+06	20000	36	206.083	3646.98	9.69714	1344.84
2.19783e+06	20000	37	209.833	3626.03	11.4722	1337.81
2.19783e+06	20000	38	199.542	3600.99	11.963	1329.11
2.19783e+06	20000	39	196.917	3561.99	10.4068	1315.54
2.19783e+06	20000	40	194.458	3518.3	11.7718	1299.79
2.19783e+06	20000	41	181.417	3463.52	10.977	1279.91
2.19783e+06	20000	42	184.5	3414.06	10.6658	1261.76
2.19783e+06	20000	43	179.417	3345.92	9.04664	1236.31
2.19783e+06	20000	44	173.708	3285.51	10.9208	1214.19
2.19783e+06	20000	45	172.917	3219.94	10.1406	1189.81
2.19783e+06	20000	46	166.333	3151.64	9.26686	1164.66
2.19783e+06	20000	47	166.333	3082.06	10.7811	1138.85
2.19783e+06	20000	48	156.667	3006.51	7.73784	1110.95
2.19783e+06	20000	49	150.625	2934.59	7.72357	1084.39
2.19783e+06	20000	50	148.042	2862.33	9.45039	1057.59
2.19783e+06	20000	51	148.25	2787.49	8.66497	1030.07
2.19783e+06	20000	52	140.375	2715.19	8.59284	1003.31
2.19783e+06	20000	53	135.333	2643.33	8.12737	976.673
2.19783e+06	20000	54	127.375	2570.21	8.40367	949.592
2.19783e+06	20000	55	129.25	2499.97	7.43473	923.409
2.19783e+06	20000	56	121.625	2429.65	7.84959	897.265
2.19783e+06	20000	57	120.75	2359.29	8.48233	871.131
2.19783e+06	20000	58	113.625	2292.21	7.77834	846.356
2.19783e+06	20000	59	109.375	2222.98	6.7349	820.535
2.19783e+06	20000	60	109.917	2155.17	6.88725	795.419
2.19783e+06	20000	61	102.583	2091.24	6.36964	771.64
2.19783e+06	20000	62	99.4167	2027.83	6.45322	748.247
2.19783e+06	20000	63	98.2083	1966.37	5.92478	725.573
2.19783e+06	20000	64	90.5	1910.45	5.42699	704.632
2.19783e+06	20000	65	89.25	1852.25	4.92161	683.086
2.19783e+06	20000	66	84.4167	1796.44	5.64562	662.408
2.19783e+06	20000	67	86.3333	1745.85	5.00214	643.71
2.19783e+06	20000	68	83.0833	1688.09	5.61471	622.535
2.19783e+06	20000	69	75.6667	1637.9	4.15556	603.965
2.19783e+06	20000	70	79.4583	1591.19	5.16008	586.812
2.19783e+06	20000	71	74.375	1544.66	4.29741	569.736
2.19783e+06	20000	72	71.125	1498.96	4.90754	552.886
2.19783e+06	20000	73	68.7917	1457.04	4.95646	537.496
2.19783e+06	20000	74	67.875	1419.05	4.85908	523.585
2.19783e+06	20000	75	68.125	1379.06	4.57279	508.92
2.19783e+06	20000	76	64.125	1340.14	5.12127	494.653
2.19783e+06	20000	77	63.625	1304.16	4.3633	481.336
2.19783e+06	20000	78	58.875	1270.73	4.50996	469.076
2.19783e+06	20000	79	58.375	1236.66	5.70313	456.703
2.19783e+06	20000	80	58.625	1203.3	4.59178	444.525
2.19783e+06	20000	81	54.875	1171.77	5.65719	433.054
2.19783e+06	20000	82	51.125	1141.55	4.74899	422.027
2.19783e+06	20000	83	51.5	1111.41	4.71913	411.106
2.19783e+06	20000	84	49.75	1082.87	4.72392	400.697
2.19783e+06	20000	85	51.0417	1054.15	3.75956	390.344
2.19783e+06	20000	86	51.0833	1027.23	5.22567	380.552
2.19783e+06	20000	87	46.875	1000.53	4.46499	370.715
2.19783e+06	20000	88	46.5417	975.375	4.87862	361.536
2.19783e+06	20000	89	45.7917	951.118	5.15603	352.487
2.19783e+06	20000	90	43	929.271	3.87177	344.435
2.19783e+06	20000	91	41.5833	906.229	4.22737	336.182
2.19783e+06	20000	92	42.4167	886.396	3.73437	328.903
2.19783e+06	20000	93	42.6667	863.514	4.59913	320.417
2.19783e+06	20000	94	38.875	841.868	2.72964	312.415
2.19783e+06	20000	95	38.7917	822.785	3.4698	305.334
2.19783e+06	20000	96	38.4167	801.59	3.66287	297.471
2.19783e+06	20000	97	37.5833	781.861	3.69503	290.229
2.19783e+06	20000	98	35.5	763.403	3.02632	283.469
2.19783e+06	20000	99	33.6667	743.167	3.3404	276.033
2.19783e+06	20000	100	34.3333	724.264	2.71264	269.111
2.19783e+06	20000	101	33.5417	708.104	2.39463	263.063
2.19783e+06	20000	102	32.7917	688.25	2.45207	255.64
2.19783e+06	20000	103	30.125	672.111	2.86401	249.749
2.19783e+06	20000	104	32.4167	655.34	3.43338	243.422
2.19783e+06	20000	105	28.2917	637.625	2.76552	236.713
2.19783e+06	20000	106	27.625	622.056	2.44307	231.013
2.19783e+06	20000	107	28.0833	604.75	2.54657	224.581
2.19783e+06	20000	108	28.7917	590.09	3.78447	219.071
2.19783e+06	20000	109	26.5417	574.403	2.8632	213.311
2.19783e+06	20000	110	24.4583	559.854	2.76929	207.944
2.19783e+06	20000	111	25.1667	543.66	2.89868	201.889
2.19783e+06	20000	112	24.875	528.847	2.57482	196.429
2.19783e+06	20000	113	25.375	515.347	3.14985	191.447
2.19783e+06	20000	114	23.75	501.444	2.58544	186.234
2.19783e+06	20000	115	22.2083	487.792	2.36833	181.294
2.19783e+06	20000	116	23	474.639	2.68254	176.308
2.19783e+06	20000	117	21.0833	462.451	2.61134	171.758
2.19783e+06	20000	118	20	447.035	2.10054	166.01
2.19783e+06	20000	119	19.7083	435.743	2.00382	161.95
2.19783e+06	20000	120	20.9583	422.868	2.34619	157.232
2.19783e+06	20000	121	19.2083	411.681	1.91321	153.172
2.19783e+06	20000	122	18.4583	401.417	1.57393	149.386
2.19783e+06	20000	123	18.0417	390.667	2.23686	145.475
2.19783e+06	20000	124	18.375	380.583	2.4966	141.649
2.19783e+06	20000	125	17.4583	369.868	2.16251	137.719
2.19783e+06	20000	126	17.0833	358.104	1.88734	133.272
2.19783e+06	20000	127	16.4583	349.694	1.98463	130.298
2.19783e+06	20000	128	16.0833	339.597	1.20266	126.624
2.19783e+06	20000	129	16.625	330.278	1.97701	123.153
2.19783e+06	20000	130	13.9583	319.618	1.88942	119.268
2.19783e+06	20000	131	15.7083	311.931	1.92228	116.423
2.19783e+06	20000	132	14.0417	301.882	1.92951	112.777
2.19783e+06	20000	133	14.375	294.549	1.77679	110.102
2.19783e+06	20000	134	12.5417	286.292	2.29975	107.107
2.19783e+06	20000	135	12.375	279.535	1.59952	104.61
2.19783e+06	20000	136	13.5	272.014	1.54727	101.885
2.19783e+06	20000	137	12.5	265.493	1.97415	99.5061
2.19783e+06	20000	138	12.0417	257.444	1.55391	96.5063
2.19783e+06	20000	139	11.3333	250.986	1.47197	94.1102
2.19783e+06	20000	140	11.25	243.576	1.81721	91.3301
2.19783e+06	20000	141	11.1667	236.847	1.43365	88.9015
2.19783e+06	20000	142	9.70833	231.361	1.36814	86.9349
2.19783e+06	20000	143	11.4167	223.75	1.62157	84.0269
2.19783e+06	20000	144	10.125	218.299	1.44644	82.0348
2.19783e+06	20000	145	10.3333	211.938	1.53674	79.7705
2.19783e+06	20000	146	8.75	206.812	1.31507	77.8329
2.19783e+06	20000	147	8.16667	201.264	1.35375	75.8065
2.19783e+06	20000	148	9.04167	195.868	1.7833	73.811
2.19783e+06	20000	149	8.16667	190.819	1.6754	71.8833
2.19783e+06	20000	150	9.45833	184.931	1.74583	69.6426
2.19783e+06	20000	151	7.625	180.396	1.46793	67.933
2.19783e+06	20000	152	8.75	176.368	1.57954	66.553
2.19783e+06	20000	153	8.41667	172.014	1.42513	64.9559
2.19783e+06	20000	154	6.45833	168.944	1.06167	63.8367
2.19783e+06	20000	155	6.83333	163.5	1.37416	61.8041
2.19783e+06	20000	156	6.25	159.132	1.36187	60.2377
2.19783e+06	20000	157	8.04167	156.049	1.48521	59.1093
2.19783e+06	20000	158	6.5	151.486	0.928961	57.3898
2.19783e+06	20000	159	6.375	148.069	1.16083	56.2144
2.19783e+06	20000	160	7	144.16	1.06834	54.8283
2.19783e+06	20000	161	6.45833	140.576	0.986929	53.4939
2.19783e+06	20000	162	6	137.146	1.29776	52.1959
2.19783e+06	20000	163	5.625	132.924	1.31805	50.703
2.19783e+06	20000	164	5.79167	129.868	1.2088	49.5674
2.19783e+06	20000	165	5.58333	126.264	1.08075	48.2584
2.19783e+06	20000	166	6.08333	123.25	1.27567	47.1855
2.19783e+06	20000	167	5.70833	119.708	0.95467	45.8296
2.19783e+06	20000	168	5.33333	116.979	0.970485	44.9228
2.19783e+06	20000	169	6	114.062	1.15594	43.8787
2.19783e+06	20000	170	5.375	111.028	1.09289	42.8204
2.19783e+06	20000	171	4.95833	108.264	0.886637	41.7869
2.19783e+06	20000	172	4.25	105.986	1.0166	40.9827
2.19783e+06	20000	173	5.5	102.535	1.61763	39.5109
2.19783e+06	20000	174	4.75	101.069	1.22748	39.1506
2.19783e+06	20000	175	4.25	98.1944	0.908125	38.1187
2.19783e+06	20000	176	3.95833	95.2708	0.976294	37.0419
2.19783e+06	20000	177	3.83333	92.7708	0.752352	36.2026
2.19783e+06	20000	178	4.45833	90.4861	1.19723	35.27
2.19783e+06	20000	179	4.125	87.6875	0.64955	34.4324
5.45286e+06	45000	0	2.08333	0	0.763827	0
5.45286e+06	45000	1	2.20833	118.882	0.612796	43.6022
5.45286e+06	45000	2	2.45833	94.5764	0.577722	34.6862
5.45286e+06	45000	3	2.20833	102.312	0.553104	37.5245
5.45286e+06	45000	4	2.08333	102.479	0.513126	37.5982
5.45286e+06	45000	5	2.45833	106.688	0.687714	39.1452
5.45286e+06	45000	6	2.83333	109.722	0.366809	40.2829
5.45286e+06	45000	7	2.95833	115.632	0.607091	42.4454
5.45286e+06	45000	8	2.95833	121.424	0.672363	44.6233
5.45286e+06	45000	9	2.41667	129.465	0.576968	47.6081
5.45286e+06	45000	10	3.125	138.819	0.605177	51.0998
5.45286e+06	45000	11	4.45833	151.646	0.799985	55.8454
5.45286e+06	45000	12	5.04167	166.681	0.838219	61.4465
5.45286e+06	45000	13	6.70833	186.278	1.2231	68.7402
5.45286e+06	45000	14	6.875	212.146	1.21071	78.4671
5.45286e+06	45000	15	8.33333	242.5	1.2467	89.8207
5.45286e+06	45000	16	9.54167	283.847	1.56506	105.483
5.45286e+06	45000	17	11.7083	334.507	1.53589	124.485
5.45286e+06	45000	18	13.625	398.451	2.23789	148.681
5.45286e+06	45000	19	16.125	480.236	1.85534	179.725
5.45286e+06	45000	20	22.125	583.118	2.18598	218.996
5.45286e+06	45000	21	25.9583	713.021	3.51662	268.203
5.45286e+06	45000	22	35.5833	876.597	3.02613	330.839
5.45286e+06	45000	23	39.1667	1081.14	3.97757	408.242
5.45286e+06	45000	24	49.2083	1330.78	4.74703	503.161
5.45286e+06	45000	25	60.375	1642.33	6.65172	621.067
5.45286e+06	45000	26	73.7083	2006.26	8.18183	758.753
5.45286e+06	45000	27	85.8333	2437.97	8.64198	921.345
5.45286e+06	45000	28	104.958	2928.66	10.3529	1104.94
5.45286e+06	45000	29	119.583	3485.8	11.5299	1313.1
5.45286e+06	45000	30	132.875	4095.44	10.4504	1539.77
5.45286e+06	45000	31	152.625	4739.79	10.2246	1778.61
5.45286e+06	45000	32	155.208	5371.99	10.1014	2007.52
5.45286e+06	45000	33	152.75	5933.97	6.73329	2205.64
5.45286e+06	45000	34	155.708	6066.88	6.36916	2239.54
5.45286e+06	45000	35	151.5	6113.6	8.10193	2250.73
5.45286e+06	45000	36	148.917	6010.35	7.55789	2210.73
5.45286e+06	45000	37	140.583	5881.07	7.02333	2164.63
5.45286e+06	45000	38	137.083	5697.03	7.15585	2097.23
5.45286e+06	45000	39	134.167	5526.51	5.04371	2035.04
5.45286e+06	45000	40	127.167	5341.25	7.50221	1967.47
5.45286e+06	45000	41	120.792	5155.92	5.47039	1899.51
5.45286e+06	45000	42	118.833	4970.37	7.13126	1831.53
5.45286e+06	45000	43	116.792	4790.16	6.95369	1765.29
5.45286e+06	45000	44	112.792	4613.37	5.51979	1700.17
5.45286e+06	45000	45	104.5	4441.6	5.22311	1636.77
5.45286e+06	45000	46	99.9167	4273.56	6.493	1575.05
5.45286e+06	45000	47	98.5	4106.51	5.4103	1513.42
5.45286e+06	45000	48	92.4167	3952.22	4.67901	1456.6
5.45286e+06	45000	49	89.4167	3791.26	4.90981	1397.28
5.45286e+06	45000	50	83.7917	3642.83	4.38742	1342.49
5.45286e+06	45000	51	82.4167	3505.06	5.38311	1291.64
5.45286e+06	45000	52	80.9583	3363.95	4.30172	1239.7
5.45286e+06	45000	53	76.0833	3230.89	4.26996	1190.6
5.45286e+06	45000	54	72.5417	3104.83	4.20601	1144.32
5.45286e+06	45000	55	71.9583	2978.58	3.38554	1097.8
5.45286e+06	45000	56	65.9583	2868.26	4.64103	1057.26
5.45286e+06	45000	57	64.1667	2757.28	4.29879	1016.17
5.45286e+06	45000	58	63.25	2648.29	4.22297	976.044
5.45286e+06	45000	59	60.2083	2543.84	3.43958	937.639
5.45286e+06	45000	60	58.75	2450.45	3.67677	903.459
5.45286e+06	45000	61	54.5833	2358.81	3.27995	869.957
5.45286e+06	45000	62	56.0833	2268.58	3.89134	837.156
5.45286e+06	45000	63	50	2187.22	3.83202	807.46
5.45286e+06	45000	64	51.0417	2106.4	4.51947	777.794
5.45286e+06	45000	65	47.875	2030.67	3.41997	750.432
5.45286e+06	45000	66	46.5417	1955.28	2.92333	722.97
5.45286e+06	45000	67	45.9583	1884.67	4.05694	697.559
5.45286e+06	45000	68	40.75	1817.16	2.60422	673.11
5.45286e+06	45000	69	41.0833	1747.82	3.64764	647.83
5.45286e+06	45000	70	40.4167	1687.67	3.41916	625.996
5.45286e+06	45000	71	39.125	1624.27	2.997	602.855
5.45286e+06	45000	72	38.0833	1567.03	3.52933	582.043
5.45286e+06	45000	73	32.6667	1509.91	3.30479	561.212
5.45286e+06	45000	74	33.375	1454.36	2.93482	541.059
5.45286e+06	45000	75	30.9583	1407.81	2.77808	523.947
5.45286e+06	45000	76	31.9167	1360.53	3.32212	506.703
5.45286e+06	45000	77	32.8333	1310.81	3.60879	488.536
5.45286e+06	45000	78	29.7083	1265.91	2.30127	471.615
5.45286e+06	45000	79	28.4167	1222.91	3.01691	455.655
5.45286e+06	45000	80	24.75	1178.9	2.6202	439.344
5.45286e+06	45000	81	24.875	1137.23	2.936	423.893
5.45286e+06	45000	82	27.9583	1097.24	3.7909	409.038
5.45286e+06	45000	83	24.8333	1056.62	3.04847	393.901
5.45286e+06	45000	84	23.375	1020.08	2.61106	380.316
5.45286e+06	45000	85	23.5	985.847	2.70579	367.586
5.45286e+06	45000	86	24.2917	952.194	3.2556	355.007
5.45286e+06	45000	87	21.6667	917.472	2.18073	341.975
5.45286e+06	45000	88	21.875	889.333	2.55038	331.347
5.45286e+06	45000	89	21.0417	859.646	2.59948	320.298
5.45286e+06	45000	90	18.875	832.688	2.17	310.288
5.45286e+06	45000	91	19.9167	804.299	1.74957	299.684
5.45286e+06	45000	92	19	777.354	2.4691	289.771
5.45286e+06	45000	93	17.6667	751.819	1.70831	280.097
5.45286e+06	45000	94	15.2917	724.569	1.53135	269.857
5.45286e+06	45000	95	15.7917	702.118	1.95993	261.428
5.45286e+06	45000	96	15.875	678.194	1.51689	252.484
5.45286e+06	45000	97	15.1667	658.139	1.66707	244.913
5.45286e+06	45000	98	15.875	635.347	1.87772	236.353
5.45286e+06	45000	99	16.625	614.25	1.53286	228.465
5.45286e+06	45000	100	13.5833	593.188	1.62157	220.544
5.45286e+06	45000	101	12.875	573.715	1.91442	213.099
5.45286e+06	45000	102	13.4167	557.312	1.76146	207.016
5.45286e+06	45000	103	12.6667	540.34	1.43365	200.554
5.45286e+06	45000	104	12.4583	521.417	1.42054	193.656
5.45286e+06	45000	105	11.1667	506.271	1.83784	188.075
5.45286e+06	45000	106	12.4167	489.125	1.49659	181.694
5.45286e+06	45000	107	11.2083	474.208	1.89493	176.154
5.45286e+06	45000	108	10.2917	460.035	1.30567	170.859
5.45286e+06	45000	109	11.25	444.451	1.23314	164.975
5.45286e+06	45000	110	9.875	432.16	1.16978	160.535
5.45286e+06	45000	111	9.58333	419.34	1.33954	155.646
5.45286e+06	45000	112	9.29167	404.979	1.64527	150.271
5.45286e+06	45000	113	8.95833	391.312	1.58495	145.346
5.45286e+06	45000	114	9.29167	379.354	1.46635	140.921
5.45286e+06	45000	115	8.70833	368.736	1.17671	137.051
5.45286e+06	45000	116	7.125	357.021	1.18162	132.715
5.45286e+06	45000	117	7.5	343.743	1.33477	127.791
5.45286e+06	45000	118	8.125	334.007	1.28327	124.297
5.45286e+06	45000	119	8.45833	324.278	1.35536	120.764
5.45286e+06	45000	120	8.33333	314.931	1.43849	117.327
5.45286e+06	45000	121	7	307.056	1.28699	114.492
5.45286e+06	45000	122	7.20833	297.042	0.84236	110.749
5.45286e+06	45000	123	6.875	287.076	1.1875	107.081
5.45286e+06	45000	124	6.70833	278.958	1.16482	104.032
5.45286e+06	45000	125	5.79167	271.535	1.03511	101.284
5.45286e+06	45000	126	5.75	264.257	0.819502	98.6164
5.45286e+06	45000	127	5.66667	256.368	0.903644	95.7175
5.45286e+06	45000	128	5.875	249.736	1.1518	93.263
5.45286e+06	45000	129	4.79167	241.806	0.921281	90.4253
5.45286e+06	45000	130	5.08333	234.667	0.754661	87.6796
5.45286e+06	45000	131	5.25	228.174	1.04362	85.4203
5.45286e+06	45000	132	4.58333	220.507	0.920809	82.6523
5.45286e+06	45000	133	4.70833	214.292	0.90988	80.3795
5.45286e+06	45000	134	5	207.16	0.646193	77.6267
5.45286e+06	45000	135	4.5	202.333	0.825847	75.9218
5.45286e+06	45000	136	4.45833	195.132	0.687714	73.1983
5.45286e+06	45000	137	4.33333	188.951	0.831446	70.9714
5.45286e+06	45000	138	4.33333	183.167	1.0126	68.7419
5.45286e+06	45000	139	4.33333	177.882	0.724069	66.847
5.45286e+06	45000	140	3.70833	172.59	0.722265	64.9225
5.45286e+06	45000	141	3.54167	167.111	0.972724	62.9188
5.45286e+06	45000	142	3.125	163.062	0.758302	61.3534
5.45286e+06	45000	143	4.08333	158.944	0.979408	59.7967
5.45286e+06	45000	144	4	154.243	0.936422	58.0543
5.45286e+06	45000	145	3.66667	150.042	0.814533	56.5442
5.45286e+06	45000	146	2.91667	146.042	0.781837	55.1162
5.45286e+06	45000	147	3.45833	141.757	0.825671	53.4063
5.45286e+06	45000	148	3.875	138.646	0.960725	52.3785
5.45286e+06	45000	149	3.04167	135.417	0.661932	51.1769
5.45286e+06	45000	150	2.33333	130.931	0.674301	49.551
5.45286e+06	45000	151	3.08333	126.924	0.928336	48.0599
5.45286e+06	45000	152	2.58333	123.083	0.600608	46.6991
5.45286e+06	45000	153	2	120.236	0.553367	45.5508
5.45286e+06	45000	154	2.54167	116.028	0.906047	43.9608
5.45286e+06	45000	155	2.95833	112.604	0.651333	42.6529
5.45286e+06	45000	156	2.66667	109.438	0.549158	41.5166
5.45286e+06	45000	157	2.5	105.792	0.646193	40.1596
5.45286e+06	45000	158	2	102.743	0.577972	38.9604
5.45286e+06	45000	159	2.625	100.16	0.497925	38.1001
5.45286e+06	45000	160	2.625	96.9861	0.696096	36.8682
5.45286e+06	45000	161	2.04167	94.1667	0.731837	35.8569
5.45286e+06	45000	162	2.29167	91.6458	0.651333	34.9261
5.45286e+06	45000	163	2.70833	88.9653	0.607091	33.9232
5.45286e+06	45000	164	1.54167	86.1181	0.471605	32.8869
5.45286e+06	45000	165	2	83.4028	0.589891	31.8483
5.45286e+06	45000	166	2.08333	80.6736	0.564777	30.8819
5.45286e+06	45000	167	2.33333	78.4792	0.814533	30.0916
5.45286e+06	45000	168	1.83333	76.4444	0.63167	29.3069
5.45286e+06	45000	169	1.875	74.4306	0.581723	28.6221
5.45286e+06	45000	170	1.45833	72.2708	0.425035	27.886
5.45286e+06	45000	171	1.54167	70.4375	0.408333	27.1737
5.45286e+06	45000	172	1.54167	68.6528	0.45661	26.4915
5.45286e+06	45000	173	1.70833	67.2569	0.571667	26.0324
5.45286e+06	45000	174	2.08333	65.5764	0.716824	25.3511
5.45286e+06	45000	175	1.375	63.6181	0.57571	24.7464
5.45286e+06	45000	176	1.45833	61.6111	0.500249	23.9984
5.45286e+06	45000	177	0.958333	59.9375	0.399721	23.3761
5.45286e+06	45000	178	0.75	58.0625	0.317666	22.6356
5.45286e+06	45000	179	1.45833	56.8819	0.500249	22.2502
