0 0
1 1
2 2
3 3
4 4
5 5
6 6
7 7
8 8
9 9
10 10
11 11
12 11
13 12
14 13
15 14
16 15
17 5
18 16
19 17
20 18
21 19
22 20
23 17
24 17
25 21
26 22
27 23
28 24
29 25
30 26
31 27
32 28
33 29
34 30
35 20
36 20
37 20
38 31
39 31
40 20
41 32
42 20
43 33
44 3
45 3
46 34
47 35
48 36
49 37
50 37
51 38
52 39
53 40
54 40
55 41
56 10
57 36
58 10
59 36
60 37
61 36
62 42
63 36
64 43
65 44
66 45
67 46
68 47
69 48
70 49
71 48
72 43
73 43
74 50
75 48
76 51
77 5
78 5
79 52
80 53
81 53
82 53
83 54
84 55
85 53
86 53
87 53
88 56
89 56
90 56
91 56
92 56
93 57
94 53
95 53
96 42
97 53
98 58
99 52
100 59
101 52
102 60
103 61
104 62
105 52
106 62
107 52
108 63
109 64
110 65
111 66
112 67
113 42
114 52
115 68
116 59
117 69
118 70
119 69
120 71
121 72
122 73
123 74
124 75
125 30
126 76
127 76
128 74
129 77
130 3
131 72
132 78
133 31
134 79
135 30
136 34
137 31
138 80
139 34
140 3
141 31
142 34
143 30
144 32
145 3
146 3
147 33
148 81
149 81
150 3
151 3
152 81
153 82
154 83
155 81
156 84
157 85
158 86
159 87
160 88
161 89
162 90
163 91
164 92
165 93
166 93
167 94
168 93
169 30
170 93
171 5
172 95
173 95
174 91
175 30
176 34
177 17
178 96
179 30
180 5
181 97
182 1
183 98
184 99
185 100
186 101
187 102
188 103
189 102
190 104
191 105
192 106
193 102
194 107
195 42
196 4
197 107
198 108
199 109
200 5
201 110
202 111
203 112
204 111
205 113
206 110
207 110
208 111
209 1
210 114
211 115
212 67
213 116
214 117
215 117
216 118
217 112
218 28
219 28
220 28
221 119
222 120
223 120
224 119
225 13
226 121
227 122
228 123
229 28
230 1
231 124
232 42
233 125
234 4
235 2
236 126
237 127
238 128
239 42
240 129
241 130
242 28
243 131
244 13
245 42
246 42
247 42
248 42
249 132
250 42
251 42
252 133
253 134
254 42
255 42
256 135
257 136
258 137
259 138
260 139
261 140
262 141
263 142
264 143
265 144
266 145
267 42
268 42
269 42
270 146
271 2
272 147
273 148
274 2
275 149
276 150
277 151
278 152
279 153
280 122
281 136
282 125
283 154
284 154
285 42
286 155
287 155
288 156
289 156
290 42
291 42
292 42
293 42
294 156
295 42
296 42
297 42
298 42
299 157
300 125
301 139
302 156
303 156
304 42
305 158
306 42
307 5
308 42
309 42
310 42
311 42
312 42
313 42
314 42
315 42
316 42
317 42
318 42
319 42
320 42
321 42
322 42
323 42
324 42
325 42
326 42
327 42
328 159
329 42
330 42
331 42
332 42
333 42
334 42
335 42
336 42
337 160
338 42
339 42
340 42
341 42
342 42
343 42
344 152
345 129
346 42
347 42
348 42
349 58
350 161
351 58
352 162
353 163
354 162
355 164
356 164
357 163
358 165
359 58
360 166
361 167
362 162
363 168
364 152
365 169
366 170
367 171
368 172
369 173
370 169
371 162
372 174
373 169
374 175
375 176
376 177
377 5
378 178
379 5
380 5
381 5
382 5
383 2
384 2
385 179
