beta	population	links	attackRate	error
1	227777	428	789.292	10.9195
1	293962	642	805.917	10.7145
1	320204	856	795.5	9.90384
1	402023	1070	775.375	11.335
1	465950	1284	794.333	11.3766
1	507084	1499	800.25	15.6232
1	557901	1713	790.708	10.6373
1	603725	1927	799.792	12.3308
1	650583	2141	793.5	11.2092
1	688611	2355	806.667	14.1434
1	766163	2569	793.167	10.1473
1	846916	2783	800.25	10.764
1	890901	2998	791.917	11.5576
1	940105	3212	794.125	16.1795
1	994632	3426	798.292	10.5585
1	1.05384e+06	3640	808.5	17.7438
1	1.1196e+06	3854	804.708	10.7285
1	1.16856e+06	4068	822.583	19.5488
1	1.24958e+06	4282	812.375	14.6582
1	1.32232e+06	4497	826.667	11.5971
1	1.35854e+06	4711	810.958	16.1033
1	1.42464e+06	4925	820.208	14.0002
1	1.4743e+06	5139	818.958	17.5861
1	1.50976e+06	5353	833.292	13.0767
1	1.53881e+06	5567	826.292	16.4492
1	1.56119e+06	5781	831.708	20.1768
1	1.59147e+06	5996	846	13.5639
1	1.62367e+06	6210	844.875	15.4922
1	1.70295e+06	6424	842.542	17.1365
1	1.73222e+06	6638	842.458	15.9816
1	1.74288e+06	6852	848.708	18.5434
1	1.75661e+06	7066	851.125	19.4608
1	1.77198e+06	7281	847.125	21.9735
1.25	227777	428	827.083	13.6253
1.25	293962	642	821.833	14.7414
1.25	320204	856	825.25	14.2555
1.25	402023	1070	825.375	15.3611
1.25	465950	1284	826.708	13.7906
1.25	507084	1499	810.458	12.3065
1.25	557901	1713	815.583	11.2438
1.25	603725	1927	833.583	12.2162
1.25	650583	2141	826.375	11.7065
1.25	688611	2355	832.458	14.9623
1.25	766163	2569	831.875	14.5799
1.25	846916	2783	830.417	13.6309
1.25	890901	2998	832.5	15.1766
1.25	940105	3212	815.042	14.2663
1.25	994632	3426	835.333	10.7908
1.25	1.05384e+06	3640	840.125	17.9076
1.25	1.1196e+06	3854	864.875	15.8856
1.25	1.16856e+06	4068	860.958	16.9452
1.25	1.24958e+06	4282	872.208	15.4628
1.25	1.32232e+06	4497	877.917	20.2362
1.25	1.35854e+06	4711	871.208	15.8977
1.25	1.42464e+06	4925	870.708	15.3718
1.25	1.4743e+06	5139	902.375	21.369
1.25	1.50976e+06	5353	887.708	23.6688
1.25	1.53881e+06	5567	892.958	22.787
1.25	1.56119e+06	5781	893.5	24.3518
1.25	1.59147e+06	5996	897.458	19.7105
1.25	1.62367e+06	6210	892.792	17.9641
1.25	1.70295e+06	6424	891.083	20.932
1.25	1.73222e+06	6638	941	28.3825
1.25	1.74288e+06	6852	935.875	19.1279
1.25	1.75661e+06	7066	925.375	28.6186
1.25	1.77198e+06	7281	939.875	23.8013
1.5	227777	428	839.792	13.2251
1.5	293962	642	850.167	10.6362
1.5	320204	856	845.958	14.6
1.5	402023	1070	847.583	10.996
1.5	465950	1284	848.333	15.4644
1.5	507084	1499	840.75	15.8895
1.5	557901	1713	845.292	15.4495
1.5	603725	1927	833.375	12.3115
1.5	650583	2141	841.667	16.0084
1.5	688611	2355	866.917	13.1697
1.5	766163	2569	872.458	16.7687
1.5	846916	2783	860.042	13.0682
1.5	890901	2998	879.042	22.36
1.5	940105	3212	900.625	15.6688
1.5	994632	3426	888.75	14.0048
1.5	1.05384e+06	3640	892.833	19.4623
1.5	1.1196e+06	3854	897.25	23.5059
1.5	1.16856e+06	4068	897.875	17.3064
1.5	1.24958e+06	4282	960.833	28.0995
1.5	1.32232e+06	4497	931.292	22.4956
1.5	1.35854e+06	4711	955.458	25.3455
1.5	1.42464e+06	4925	957.083	23.9129
1.5	1.4743e+06	5139	1012.96	35.833
1.5	1.50976e+06	5353	1000.42	37.4203
1.5	1.53881e+06	5567	993.333	30.032
1.5	1.56119e+06	5781	1028.67	47.4625
1.5	1.59147e+06	5996	1007.58	37.7323
1.5	1.62367e+06	6210	1027.5	52.3473
1.5	1.70295e+06	6424	1056.5	41.6687
1.5	1.73222e+06	6638	1039.83	43.2371
1.5	1.74288e+06	6852	1070.25	45.0346
1.5	1.75661e+06	7066	1092.25	63.906
1.5	1.77198e+06	7281	1115.54	49.7761
1.75	227777	428	878.917	17.9993
1.75	293962	642	855.667	16.7781
1.75	320204	856	874.417	14.8493
1.75	402023	1070	879.458	15.0129
1.75	465950	1284	869.75	11.2904
1.75	507084	1499	884.917	15.3466
1.75	557901	1713	883.917	20.0875
1.75	603725	1927	896.542	17.6455
1.75	650583	2141	887.375	16.6662
1.75	688611	2355	898.875	20.4876
1.75	766163	2569	908.583	17.3126
1.75	846916	2783	904.417	18.9221
1.75	890901	2998	934.375	22.3168
1.75	940105	3212	937.083	22.7024
1.75	994632	3426	942.25	20.8939
1.75	1.05384e+06	3640	953.375	24.4766
1.75	1.1196e+06	3854	1004.08	26.8093
1.75	1.16856e+06	4068	990	41.0554
1.75	1.24958e+06	4282	1039.62	49.9417
1.75	1.32232e+06	4497	1065.96	38.4698
1.75	1.35854e+06	4711	1112.67	57.2852
1.75	1.42464e+06	4925	1189.33	68.5172
1.75	1.4743e+06	5139	1222.54	54.6223
1.75	1.50976e+06	5353	1200.46	83.8585
1.75	1.53881e+06	5567	1307.25	128.463
1.75	1.56119e+06	5781	1376.71	148.195
1.75	1.59147e+06	5996	1377.92	119.383
1.75	1.62367e+06	6210	1424.96	130.85
1.75	1.70295e+06	6424	1691.25	193.919
1.75	1.73222e+06	6638	1652.67	186.771
1.75	1.74288e+06	6852	1627.17	158.347
1.75	1.75661e+06	7066	1945.75	371.774
1.75	1.77198e+06	7281	1862.33	273.368
2	227777	428	901.917	18.8041
2	293962	642	914.458	16.3356
2	320204	856	903.333	14.2107
2	402023	1070	896.458	14.8521
2	465950	1284	916.917	21.3853
2	507084	1499	904.833	20.0638
2	557901	1713	913.792	19.7905
2	603725	1927	912.458	17.8327
2	650583	2141	916.417	20.0438
2	688611	2355	925.583	13.0257
2	766163	2569	964.75	17.5456
2	846916	2783	993.958	28.2558
2	890901	2998	982.083	21.5896
2	940105	3212	1005.21	27.5109
2	994632	3426	1032.75	42.1968
2	1.05384e+06	3640	1065.88	42.9485
2	1.1196e+06	3854	1146.62	60.2098
2	1.16856e+06	4068	1189.04	69.0992
2	1.24958e+06	4282	1288.25	109.329
2	1.32232e+06	4497	1672.67	174.401
2	1.35854e+06	4711	1638.29	158.991
2	1.42464e+06	4925	2164.5	316.702
2	1.4743e+06	5139	2334.54	388.911
2	1.50976e+06	5353	3103.96	517.579
2	1.53881e+06	5567	3041.29	614.613
2	1.56119e+06	5781	4864.21	916.162
2	1.59147e+06	5996	4988.5	1197.45
2	1.62367e+06	6210	6340	1259.26
2	1.70295e+06	6424	13170.9	1238.48
2	1.73222e+06	6638	14754.4	1933.43
2	1.74288e+06	6852	17053.5	1208.78
2	1.75661e+06	7066	19618.2	1276.74
2	1.77198e+06	7281	18931.2	2184.39
2.25	227777	428	944.417	17.2215
2.25	293962	642	928.167	17.4071
2.25	320204	856	940.792	19.0347
2.25	402023	1070	946.167	15.9618
2.25	465950	1284	924.25	15.6054
2.25	507084	1499	935.083	16.3441
2.25	557901	1713	945.417	19.8452
2.25	603725	1927	945.042	17.9045
2.25	650583	2141	962.125	25.9258
2.25	688611	2355	983.875	21.3463
2.25	766163	2569	999.458	29.8827
2.25	846916	2783	1042.62	31.3903
2.25	890901	2998	1080.5	34.5249
2.25	940105	3212	1135.04	51.1901
2.25	994632	3426	1230.92	54.8892
2.25	1.05384e+06	3640	1273.67	106.405
2.25	1.1196e+06	3854	1439.96	114.804
2.25	1.16856e+06	4068	1816.21	176.611
2.25	1.24958e+06	4282	2179.79	416.824
2.25	1.32232e+06	4497	4463.88	763.957
2.25	1.35854e+06	4711	7552.21	1409.06
2.25	1.42464e+06	4925	13940.2	1458.9
2.25	1.4743e+06	5139	20004	1733.23
2.25	1.50976e+06	5353	24172.8	1553.03
2.25	1.53881e+06	5567	29224.2	703.633
2.25	1.56119e+06	5781	29897.7	2477.46
2.25	1.59147e+06	5996	34046.7	655.8
2.25	1.62367e+06	6210	36725.6	691.378
2.25	1.70295e+06	6424	42602	648.036
2.25	1.73222e+06	6638	44818.8	641.429
2.25	1.74288e+06	6852	45182.3	609.959
2.25	1.75661e+06	7066	46042.9	458.373
2.25	1.77198e+06	7281	46838.1	612.994
2.5	227777	428	978.125	20.4437
2.5	293962	642	955.958	20.8519
2.5	320204	856	958.5	17.6837
2.5	402023	1070	959.625	19.4477
2.5	465950	1284	968.958	20.4944
2.5	507084	1499	985.542	17.2498
2.5	557901	1713	991.625	21.0414
2.5	603725	1927	1000.04	20.1855
2.5	650583	2141	1028.29	17.1898
2.5	688611	2355	1038.71	15.9338
2.5	766163	2569	1061.25	29.7946
2.5	846916	2783	1171.29	47.7974
2.5	890901	2998	1223.62	64.1803
2.5	940105	3212	1306.62	80.7137
2.5	994632	3426	1567.5	140.044
2.5	1.05384e+06	3640	2126.96	333.667
2.5	1.1196e+06	3854	3708.67	863.384
2.5	1.16856e+06	4068	6566.25	1511.47
2.5	1.24958e+06	4282	17062.5	1568.6
2.5	1.32232e+06	4497	29685.8	1001.21
2.5	1.35854e+06	4711	32966.9	906.679
2.5	1.42464e+06	4925	41086.4	554.365
2.5	1.4743e+06	5139	45709.8	641.118
2.5	1.50976e+06	5353	48822.5	478.039
2.5	1.53881e+06	5567	50973.7	557.159
2.5	1.56119e+06	5781	53053.8	429.172
2.5	1.59147e+06	5996	55369.5	470.027
2.5	1.62367e+06	6210	56853.5	429.441
2.5	1.70295e+06	6424	62574.4	379.872
2.5	1.73222e+06	6638	64032.4	458.043
2.5	1.74288e+06	6852	64844.2	489.038
2.5	1.75661e+06	7066	65688.6	435.966
2.5	1.77198e+06	7281	66342	330.437
2.75	227777	428	1012.88	30.5227
2.75	293962	642	1017.79	25.4786
2.75	320204	856	998.208	20.3474
2.75	402023	1070	992.5	17.1341
2.75	465950	1284	1015.54	20.6448
2.75	507084	1499	1031.5	20.6893
2.75	557901	1713	1043.75	16.4618
2.75	603725	1927	1053.79	26.668
2.75	650583	2141	1068.46	23.5632
2.75	688611	2355	1095.71	29.6265
2.75	766163	2569	1210.92	50.5954
2.75	846916	2783	1294.21	57.1287
2.75	890901	2998	1361.5	100.773
2.75	940105	3212	1882.42	245.95
2.75	994632	3426	3294.71	595.421
2.75	1.05384e+06	3640	7488.12	1552.93
2.75	1.1196e+06	3854	21099.6	1169.01
2.75	1.16856e+06	4068	29190.2	774.737
2.75	1.24958e+06	4282	41193.1	600.385
2.75	1.32232e+06	4497	49296.3	462.985
2.75	1.35854e+06	4711	52941.8	390.365
2.75	1.42464e+06	4925	59634.2	530.073
2.75	1.4743e+06	5139	63563.9	467.672
2.75	1.50976e+06	5353	65968.9	428.478
2.75	1.53881e+06	5567	68232.2	385.963
2.75	1.56119e+06	5781	69386	366.839
2.75	1.59147e+06	5996	71572.7	366.574
2.75	1.62367e+06	6210	73318.7	438.485
2.75	1.70295e+06	6424	78024.3	336.552
2.75	1.73222e+06	6638	79339.2	237.197
2.75	1.74288e+06	6852	79307	330.018
2.75	1.75661e+06	7066	80311	333.212
2.75	1.77198e+06	7281	81284.9	267.548
3	227777	428	1062.12	21.9193
3	293962	642	1045.25	22.2773
3	320204	856	1059.46	18.7882
3	402023	1070	1039.17	18.2583
3	465950	1284	1052.62	26.4439
3	507084	1499	1093.83	35.0853
3	557901	1713	1095.42	20.6067
3	603725	1927	1093.83	24.5833
3	650583	2141	1121.17	32.2973
3	688611	2355	1160.25	40.4371
3	766163	2569	1260.62	68.0626
3	846916	2783	1703.67	138.547
3	890901	2998	2323.46	431.747
3	940105	3212	4107.96	805.975
3	994632	3426	16285.9	1354.63
3	1.05384e+06	3640	29687.1	669.455
3	1.1196e+06	3854	40878	567.466
3	1.16856e+06	4068	47787.5	646.149
3	1.24958e+06	4282	58058.7	421.129
3	1.32232e+06	4497	65391.9	504.208
3	1.35854e+06	4711	68721.5	458.022
3	1.42464e+06	4925	74049.6	384.17
3	1.4743e+06	5139	77641.7	325.576
3	1.50976e+06	5353	79927.8	272.035
3	1.53881e+06	5567	81564.2	287.425
3	1.56119e+06	5781	83000.3	311.35
3	1.59147e+06	5996	84344.2	264.874
3	1.62367e+06	6210	86159.2	261.05
3	1.70295e+06	6424	90170.7	281.363
3	1.73222e+06	6638	91251.4	193.283
3	1.74288e+06	6852	91875.8	224.839
3	1.75661e+06	7066	92231.6	224.952
3	1.77198e+06	7281	93099.1	304.117
3.25	227777	428	1146.83	35.7833
3.25	293962	642	1100.79	38.697
3.25	320204	856	1089.08	27.9035
3.25	402023	1070	1095.5	23.5141
3.25	465950	1284	1114.46	22.5286
3.25	507084	1499	1108.38	30.0726
3.25	557901	1713	1149.79	26.1874
3.25	603725	1927	1159.33	30.8261
3.25	650583	2141	1194.46	34.7837
3.25	688611	2355	1317.46	71.2554
3.25	766163	2569	1546.29	135.531
3.25	846916	2783	3645.21	705.403
3.25	890901	2998	7424.92	1561.13
3.25	940105	3212	23349.8	1234.94
3.25	994632	3426	35152.5	662.432
3.25	1.05384e+06	3640	46896.5	543.147
3.25	1.1196e+06	3854	56429.8	514.749
3.25	1.16856e+06	4068	63081.2	611.036
3.25	1.24958e+06	4282	71327.5	438.144
3.25	1.32232e+06	4497	78109	305.136
3.25	1.35854e+06	4711	80880.2	271.08
3.25	1.42464e+06	4925	85548	297.914
3.25	1.4743e+06	5139	88773.9	292.366
3.25	1.50976e+06	5353	90723.9	338.323
3.25	1.53881e+06	5567	92586.2	165.425
3.25	1.56119e+06	5781	93353.9	199.215
3.25	1.59147e+06	5996	94941.1	170.877
3.25	1.62367e+06	6210	96695.8	279.593
3.25	1.70295e+06	6424	100036	233.469
3.25	1.73222e+06	6638	100984	245.467
3.25	1.74288e+06	6852	101481	221.981
3.25	1.75661e+06	7066	101925	268.49
3.25	1.77198e+06	7281	102520	262.815
3.5	227777	428	1286.08	82.3652
3.5	293962	642	1164.71	43.159
3.5	320204	856	1169.54	26.6087
3.5	402023	1070	1152.33	27.446
3.5	465950	1284	1171.67	35.9821
3.5	507084	1499	1221.62	34.0601
3.5	557901	1713	1202.79	37.6877
3.5	603725	1927	1282.42	37.17
3.5	650583	2141	1386.29	85.6198
3.5	688611	2355	1435.5	71.897
3.5	766163	2569	2348.17	234.365
3.5	846916	2783	14227.5	1649.68
3.5	890901	2998	28100.3	1179.36
3.5	940105	3212	39079.6	799.439
3.5	994632	3426	50843.9	544.779
3.5	1.05384e+06	3640	59854.6	465.518
3.5	1.1196e+06	3854	69224.3	355.558
3.5	1.16856e+06	4068	75037.5	275.069
3.5	1.24958e+06	4282	82753.2	304.431
3.5	1.32232e+06	4497	88896.3	383.33
3.5	1.35854e+06	4711	91321.8	255.779
3.5	1.42464e+06	4925	95370	280.391
3.5	1.4743e+06	5139	98084.9	251.578
3.5	1.50976e+06	5353	99981.3	274.431
3.5	1.53881e+06	5567	101312	233.792
3.5	1.56119e+06	5781	102355	234.811
3.5	1.59147e+06	5996	103717	251.203
3.5	1.62367e+06	6210	104941	232.762
3.5	1.70295e+06	6424	108037	206.293
3.5	1.73222e+06	6638	109033	222.769
3.5	1.74288e+06	6852	109387	224.913
3.5	1.75661e+06	7066	110084	225.678
3.5	1.77198e+06	7281	110418	170.101
3.75	227777	428	1470.33	130.349
3.75	293962	642	1268.21	54.2254
3.75	320204	856	1201.25	31.5891
3.75	402023	1070	1200.79	29.3588
3.75	465950	1284	1218.46	26.2485
3.75	507084	1499	1250.04	30.5906
3.75	557901	1713	1290.92	26.5115
3.75	603725	1927	1345.25	45.126
3.75	650583	2141	1593.54	84.5789
3.75	688611	2355	1766.88	160.867
3.75	766163	2569	5957.29	936.263
3.75	846916	2783	30532.8	898.951
3.75	890901	2998	42364.5	603
3.75	940105	3212	53410.2	492.973
3.75	994632	3426	63077.8	438.415
3.75	1.05384e+06	3640	71808.3	339.592
3.75	1.1196e+06	3854	80372.2	315.889
3.75	1.16856e+06	4068	85143.4	437.947
3.75	1.24958e+06	4282	92046.4	245.795
3.75	1.32232e+06	4497	97378.8	323.189
3.75	1.35854e+06	4711	99661.3	246.046
3.75	1.42464e+06	4925	103544	140.4
3.75	1.4743e+06	5139	105932	201.828
3.75	1.50976e+06	5353	107578	174.028
3.75	1.53881e+06	5567	108850	227.396
3.75	1.56119e+06	5781	109861	179.723
3.75	1.59147e+06	5996	111045	190.615
3.75	1.62367e+06	6210	112030	186.08
3.75	1.70295e+06	6424	115080	200.655
3.75	1.73222e+06	6638	115908	232.016
3.75	1.74288e+06	6852	116101	141.029
3.75	1.75661e+06	7066	116730	171.11
3.75	1.77198e+06	7281	116903	185.658
4	227777	428	2344.33	416.9
4	293962	642	1323.58	60.3165
4	320204	856	1357.67	52.9147
4	402023	1070	1277.12	37.6933
4	465950	1284	1320.54	37.5614
4	507084	1499	1322.17	35.2009
4	557901	1713	1381.38	42.1454
4	603725	1927	1487.33	61.6285
4	650583	2141	1850.88	122.943
4	688611	2355	2347.42	342.816
4	766163	2569	19919.2	1844.02
4	846916	2783	44443.8	587.301
4	890901	2998	55341.3	421.048
4	940105	3212	64981.3	348.651
4	994632	3426	73904.3	416.193
4	1.05384e+06	3640	81811.2	357.767
4	1.1196e+06	3854	88909.2	292.688
4	1.16856e+06	4068	93948.5	244.565
4	1.24958e+06	4282	100067	285.167
4	1.32232e+06	4497	104879	260.922
4	1.35854e+06	4711	106889	193.296
4	1.42464e+06	4925	110421	177.96
4	1.4743e+06	5139	112565	168.564
4	1.50976e+06	5353	114093	179.563
4	1.53881e+06	5567	115392	146.692
4	1.56119e+06	5781	116187	180.428
4	1.59147e+06	5996	117270	174.088
4	1.62367e+06	6210	118352	175.432
4	1.70295e+06	6424	120973	114.996
4	1.73222e+06	6638	121806	171.908
4	1.74288e+06	6852	122135	162.963
4	1.75661e+06	7066	122666	139.494
4	1.77198e+06	7281	122819	153.219
