beta	population	links	attackRate	error
1	311489	3228	3909.75	37.6031
1	464692	4843	3874	40.7705
1	648186	6457	3820.71	32.5
1	854108	8072	3770.67	39.2207
1	1.08123e+06	9686	3782.38	34.4443
1	1.25862e+06	11300	3762.96	31.0575
1	1.46489e+06	12915	3775.46	33.8149
1	1.66283e+06	14529	3804	37.4926
1	1.85503e+06	16144	3768.33	29.6103
1	2.00387e+06	17758	3777.38	30.6747
1	2.18957e+06	19372	3773.08	37.3583
1	2.35983e+06	20987	3774.96	34.53
1	2.506e+06	22601	3776.38	29.9933
1	2.65109e+06	24216	3788.38	39.181
1	2.83137e+06	25830	3736.54	44.2846
1	3.00554e+06	27445	3785.96	35.1641
1	3.17104e+06	29059	3785.75	41.0084
1	3.35167e+06	30673	3785.83	40.5211
1	3.56092e+06	32288	3761.5	23.5372
1	3.78967e+06	33902	3747.08	39.4932
1	3.98623e+06	35517	3783.29	25.2061
1	4.19123e+06	37131	3761.5	33.6171
1	4.38526e+06	38745	3759.42	33.9227
1	4.61479e+06	40360	3776.83	44.5407
1	4.83266e+06	41974	3800.5	37.3249
1	5.08978e+06	43589	3784.67	34.6452
1	5.31637e+06	45203	3783.33	29.8409
1	5.56707e+06	46817	3813.46	34.7915
1	5.83522e+06	48432	3782.5	42.4074
1	6.11206e+06	50046	3759.58	37.1238
1	6.38326e+06	51661	3780.54	35.0917
1	6.76343e+06	53275	3822.83	36.6551
1	7.1025e+06	54890	3823.58	43.7516
1.25	311489	3228	4358.58	43.4211
1.25	464692	4843	4289.58	36.5119
1.25	648186	6457	4225.62	39.5768
1.25	854108	8072	4163.71	42.7121
1.25	1.08123e+06	9686	4105.25	38.3828
1.25	1.25862e+06	11300	4158.75	38.2375
1.25	1.46489e+06	12915	4107.17	45.8267
1.25	1.66283e+06	14529	4110.04	49.4368
1.25	1.85503e+06	16144	4120.88	36.3436
1.25	2.00387e+06	17758	4103.08	47.1229
1.25	2.18957e+06	19372	4115.75	28.1487
1.25	2.35983e+06	20987	4094.46	39.8897
1.25	2.506e+06	22601	4136.79	50.9213
1.25	2.65109e+06	24216	4112.58	36.201
1.25	2.83137e+06	25830	4091.62	38.4731
1.25	3.00554e+06	27445	4133.58	41.7626
1.25	3.17104e+06	29059	4122.54	53.0536
1.25	3.35167e+06	30673	4128.62	39.586
1.25	3.56092e+06	32288	4143.62	39.6762
1.25	3.78967e+06	33902	4106.96	39.8933
1.25	3.98623e+06	35517	4144.38	50.0654
1.25	4.19123e+06	37131	4162.21	42.9325
1.25	4.38526e+06	38745	4156.33	39.6818
1.25	4.61479e+06	40360	4198.83	40.5049
1.25	4.83266e+06	41974	4153.04	52.0203
1.25	5.08978e+06	43589	4225.5	36.2671
1.25	5.31637e+06	45203	4221.79	60.8182
1.25	5.56707e+06	46817	4185.04	31.8542
1.25	5.83522e+06	48432	4154.33	48.2418
1.25	6.11206e+06	50046	4247.83	48.6187
1.25	6.38326e+06	51661	4208.29	57.2612
1.25	6.76343e+06	53275	4299.54	50.4068
1.25	7.1025e+06	54890	4243.54	72.5375
1.5	311489	3228	5076.88	104.897
1.5	464692	4843	4870.12	69.0741
1.5	648186	6457	4726.21	58.9829
1.5	854108	8072	4671.79	65.5837
1.5	1.08123e+06	9686	4666.33	51.7446
1.5	1.25862e+06	11300	4570.42	50.4127
1.5	1.46489e+06	12915	4622.38	40.9484
1.5	1.66283e+06	14529	4609.04	44.007
1.5	1.85503e+06	16144	4544.04	46.0741
1.5	2.00387e+06	17758	4611.88	54.8353
1.5	2.18957e+06	19372	4572.25	57.9465
1.5	2.35983e+06	20987	4556.25	57.2684
1.5	2.506e+06	22601	4601.88	57.8836
1.5	2.65109e+06	24216	4544.08	55.2233
1.5	2.83137e+06	25830	4637.29	74.8061
1.5	3.00554e+06	27445	4659.46	53.1358
1.5	3.17104e+06	29059	4637.79	91.1263
1.5	3.35167e+06	30673	4656.58	92.5468
1.5	3.56092e+06	32288	4760.25	100.935
1.5	3.78967e+06	33902	4628	86.0299
1.5	3.98623e+06	35517	4812.08	97.1464
1.5	4.19123e+06	37131	4791.58	136.192
1.5	4.38526e+06	38745	4662.21	66.8468
1.5	4.61479e+06	40360	4800.42	85.8565
1.5	4.83266e+06	41974	4759.29	135.289
1.5	5.08978e+06	43589	4837.38	149.643
1.5	5.31637e+06	45203	4890.21	178.88
1.5	5.56707e+06	46817	4978.58	256.405
1.5	5.83522e+06	48432	5053.88	201.823
1.5	6.11206e+06	50046	5245.67	246.708
1.5	6.38326e+06	51661	5100.67	195.682
1.5	6.76343e+06	53275	5383.08	334.073
1.5	7.1025e+06	54890	5514.75	395.3
1.75	311489	3228	8612.04	836.722
1.75	464692	4843	5678.62	85.052
1.75	648186	6457	5328	82.6676
1.75	854108	8072	5300.17	60.8292
1.75	1.08123e+06	9686	5247.96	75.356
1.75	1.25862e+06	11300	5189.25	49.6526
1.75	1.46489e+06	12915	5190.46	68.0872
1.75	1.66283e+06	14529	5263.58	56.0884
1.75	1.85503e+06	16144	5130.17	54.0802
1.75	2.00387e+06	17758	5194.75	50.8107
1.75	2.18957e+06	19372	5212.96	75.4244
1.75	2.35983e+06	20987	5232.58	111.045
1.75	2.506e+06	22601	5290.75	90.1837
1.75	2.65109e+06	24216	5441.04	196.736
1.75	2.83137e+06	25830	5341.92	155.684
1.75	3.00554e+06	27445	5438.92	218.255
1.75	3.17104e+06	29059	5462.62	146.333
1.75	3.35167e+06	30673	5871.62	367.465
1.75	3.56092e+06	32288	6219.88	419.063
1.75	3.78967e+06	33902	7118.96	721.168
1.75	3.98623e+06	35517	6620.62	646.261
1.75	4.19123e+06	37131	7515.21	686.684
1.75	4.38526e+06	38745	7933.58	793.615
1.75	4.61479e+06	40360	8507.54	979.296
1.75	4.83266e+06	41974	9391.08	971.627
1.75	5.08978e+06	43589	9925	1196.84
1.75	5.31637e+06	45203	10757.8	1046.99
1.75	5.56707e+06	46817	11004.7	1201.96
1.75	5.83522e+06	48432	11503.8	1319.08
1.75	6.11206e+06	50046	12083.1	1229.87
1.75	6.38326e+06	51661	13074.4	1539.57
1.75	6.76343e+06	53275	14587.2	1438.09
1.75	7.1025e+06	54890	14444.6	1373.61
2	311489	3228	22325.7	1673.15
2	464692	4843	7335.17	369.719
2	648186	6457	6733.75	185.35
2	854108	8072	6395	184.998
2	1.08123e+06	9686	6232.62	103.809
2	1.25862e+06	11300	6051.17	83.0972
2	1.46489e+06	12915	6030.58	113.171
2	1.66283e+06	14529	6105.25	113.97
2	1.85503e+06	16144	6102.42	88.7832
2	2.00387e+06	17758	6039.46	130.816
2	2.18957e+06	19372	6472.46	356.83
2	2.35983e+06	20987	6564.71	244.099
2	2.506e+06	22601	7149	506.165
2	2.65109e+06	24216	6911.21	627.505
2	2.83137e+06	25830	9118.92	893.962
2	3.00554e+06	27445	10294	1117.64
2	3.17104e+06	29059	10655.4	1182.38
2	3.35167e+06	30673	12703.6	1354.69
2	3.56092e+06	32288	12800.6	1617.91
2	3.78967e+06	33902	15686.6	1123.89
2	3.98623e+06	35517	16323.7	1517.03
2	4.19123e+06	37131	18610.8	1426
2	4.38526e+06	38745	18938.4	1682.88
2	4.61479e+06	40360	20698	1672.55
2	4.83266e+06	41974	22792.2	1376.06
2	5.08978e+06	43589	25158.1	1998.18
2	5.31637e+06	45203	26793	1365.05
2	5.56707e+06	46817	29543.5	1497.64
2	5.83522e+06	48432	30913.2	2196.56
2	6.11206e+06	50046	34091.1	1624.81
2	6.38326e+06	51661	35547.3	1566.17
2	6.76343e+06	53275	37504.1	1663.07
2	7.1025e+06	54890	39221.9	1710.56
2.25	311489	3228	72121.3	1929.97
2.25	464692	4843	19299.8	1826.8
2.25	648186	6457	10962.5	1006.66
2.25	854108	8072	9784.42	663.419
2.25	1.08123e+06	9686	8060.75	380.384
2.25	1.25862e+06	11300	7656.08	185.016
2.25	1.46489e+06	12915	7611.25	233.683
2.25	1.66283e+06	14529	7645.62	251.99
2.25	1.85503e+06	16144	8371.88	522.214
2.25	2.00387e+06	17758	9106.62	725.407
2.25	2.18957e+06	19372	10853.3	858.342
2.25	2.35983e+06	20987	13550.8	1001.97
2.25	2.506e+06	22601	14841	1506.04
2.25	2.65109e+06	24216	16475.4	1258.66
2.25	2.83137e+06	25830	20009.1	708.751
2.25	3.00554e+06	27445	22000	1705.91
2.25	3.17104e+06	29059	25577.5	2023.06
2.25	3.35167e+06	30673	29387.5	1088.12
2.25	3.56092e+06	32288	33038.9	1470.39
2.25	3.78967e+06	33902	38093.4	1340.35
2.25	3.98623e+06	35517	43445.5	1358.66
2.25	4.19123e+06	37131	47362.8	1775.6
2.25	4.38526e+06	38745	48765.8	1730.1
2.25	4.61479e+06	40360	54036.3	1767.59
2.25	4.83266e+06	41974	58984.2	1247.46
2.25	5.08978e+06	43589	63492.7	2115.37
2.25	5.31637e+06	45203	65149.5	1763.45
2.25	5.56707e+06	46817	69000.2	1427.22
2.25	5.83522e+06	48432	73890.8	1001.83
2.25	6.11206e+06	50046	77862.6	1411.41
2.25	6.38326e+06	51661	83021.8	1328.76
2.25	6.76343e+06	53275	86973.5	912.95
2.25	7.1025e+06	54890	87398	1205.77
2.5	311489	3228	153728	1313.82
2.5	464692	4843	74715.1	1993.87
2.5	648186	6457	39812.5	2151.46
2.5	854108	8072	29112.8	1814.53
2.5	1.08123e+06	9686	18817	1498.67
2.5	1.25862e+06	11300	11431.1	789.842
2.5	1.46489e+06	12915	12255.2	809.384
2.5	1.66283e+06	14529	14605.5	1558.06
2.5	1.85503e+06	16144	15879.3	1061.98
2.5	2.00387e+06	17758	17218.6	1724.97
2.5	2.18957e+06	19372	21536.1	1696.79
2.5	2.35983e+06	20987	27382.9	1401.13
2.5	2.506e+06	22601	34125.8	1352.08
2.5	2.65109e+06	24216	38028.2	1733.03
2.5	2.83137e+06	25830	46417.4	1949.93
2.5	3.00554e+06	27445	52049	1935.54
2.5	3.17104e+06	29059	57988.9	1750.84
2.5	3.35167e+06	30673	64599.9	1358.4
2.5	3.56092e+06	32288	72650.9	980.564
2.5	3.78967e+06	33902	80025.3	1252.67
2.5	3.98623e+06	35517	86303	1309.88
2.5	4.19123e+06	37131	92030.5	1711.89
2.5	4.38526e+06	38745	97344.7	1067.76
2.5	4.61479e+06	40360	104434	1161.83
2.5	4.83266e+06	41974	107544	1019.29
2.5	5.08978e+06	43589	114087	1163.49
2.5	5.31637e+06	45203	118932	1325.29
2.5	5.56707e+06	46817	123147	1307.25
2.5	5.83522e+06	48432	127987	1263.24
2.5	6.11206e+06	50046	132847	1302.21
2.5	6.38326e+06	51661	136862	833.977
2.5	6.76343e+06	53275	143407	920.388
2.5	7.1025e+06	54890	145122	966.562
2.75	311489	3228	256146	1180.31
2.75	464692	4843	169686	2103.99
2.75	648186	6457	101078	2078.01
2.75	854108	8072	85021.2	2874.48
2.75	1.08123e+06	9686	50209.6	1919.09
2.75	1.25862e+06	11300	30511.1	2803.71
2.75	1.46489e+06	12915	35585.8	2450.82
2.75	1.66283e+06	14529	47000.8	2753.59
2.75	1.85503e+06	16144	40329.3	1808.21
2.75	2.00387e+06	17758	35863.6	1442.25
2.75	2.18957e+06	19372	50494.8	1831.11
2.75	2.35983e+06	20987	60584.7	1806.43
2.75	2.506e+06	22601	71681.2	1223.19
2.75	2.65109e+06	24216	78873.9	1663.69
2.75	2.83137e+06	25830	89171.5	1338.63
2.75	3.00554e+06	27445	98250.9	1078.47
2.75	3.17104e+06	29059	106986	1178.61
2.75	3.35167e+06	30673	113855	1071.15
2.75	3.56092e+06	32288	122436	1427.68
2.75	3.78967e+06	33902	131890	943.342
2.75	3.98623e+06	35517	140438	1293.14
2.75	4.19123e+06	37131	146262	1064.15
2.75	4.38526e+06	38745	153327	1088.98
2.75	4.61479e+06	40360	162613	1176.25
2.75	4.83266e+06	41974	166933	1281.84
2.75	5.08978e+06	43589	173873	1241.26
2.75	5.31637e+06	45203	181989	1100.85
2.75	5.56707e+06	46817	188626	1180.49
2.75	5.83522e+06	48432	194442	1014.95
2.75	6.11206e+06	50046	201577	1529.56
2.75	6.38326e+06	51661	207508	1380
2.75	6.76343e+06	53275	214711	1323.7
2.75	7.1025e+06	54890	216627	1235.57
3	311489	3228	402966	1521.16
3	464692	4843	310006	2079.82
3	648186	6457	208577	2291
3	854108	8072	178981	3137.36
3	1.08123e+06	9686	122898	2572.68
3	1.25862e+06	11300	91137.7	2357.09
3	1.46489e+06	12915	101732	2604.71
3	1.66283e+06	14529	117901	4244.15
3	1.85503e+06	16144	105357	3037.46
3	2.00387e+06	17758	89882.8	1894.48
3	2.18957e+06	19372	110182	2654.42
3	2.35983e+06	20987	124664	2298.48
3	2.506e+06	22601	134497	2372.97
3	2.65109e+06	24216	140133	1727.5
3	2.83137e+06	25830	152774	1485.74
3	3.00554e+06	27445	161626	1747.21
3	3.17104e+06	29059	171909	1180.92
3	3.35167e+06	30673	177049	1536.2
3	3.56092e+06	32288	187903	1439.44
3	3.78967e+06	33902	198228	1084.34
3	3.98623e+06	35517	208388	1301.4
3	4.19123e+06	37131	217971	1270.04
3	4.38526e+06	38745	226570	1206.61
3	4.61479e+06	40360	236512	1335.71
3	4.83266e+06	41974	243515	1557.89
3	5.08978e+06	43589	253760	1552.71
3	5.31637e+06	45203	260972	1186.78
3	5.56707e+06	46817	269199	1712.88
3	5.83522e+06	48432	275697	1433.36
3	6.11206e+06	50046	285763	1532.13
3	6.38326e+06	51661	293429	1404.9
3	6.76343e+06	53275	302893	1504.76
3	7.1025e+06	54890	307061	1177.41
3.25	311489	3228	606084	2137.55
3.25	464692	4843	507321	1977.07
3.25	648186	6457	384296	3181.24
3.25	854108	8072	345812	2092.64
3.25	1.08123e+06	9686	265074	3663.54
3.25	1.25862e+06	11300	223399	2800.05
3.25	1.46489e+06	12915	235764	3512.55
3.25	1.66283e+06	14529	262715	3827.29
3.25	1.85503e+06	16144	231724	2663.57
3.25	2.00387e+06	17758	203239	2540.48
3.25	2.18957e+06	19372	224010	2733.96
3.25	2.35983e+06	20987	235710	2982.85
3.25	2.506e+06	22601	241473	3892.99
3.25	2.65109e+06	24216	242885	2242.67
3.25	2.83137e+06	25830	250995	2334.39
3.25	3.00554e+06	27445	260518	1888.04
3.25	3.17104e+06	29059	269332	1915.36
3.25	3.35167e+06	30673	271572	2390.96
3.25	3.56092e+06	32288	279349	1960.78
3.25	3.78967e+06	33902	290309	1794.75
3.25	3.98623e+06	35517	301877	1822.52
3.25	4.19123e+06	37131	313968	1202.89
3.25	4.38526e+06	38745	324643	2062.72
3.25	4.61479e+06	40360	336566	1864.11
3.25	4.83266e+06	41974	342519	1808.4
3.25	5.08978e+06	43589	351410	1383.89
3.25	5.31637e+06	45203	361394	1908.68
3.25	5.56707e+06	46817	372988	1657.42
3.25	5.83522e+06	48432	383228	1182.15
3.25	6.11206e+06	50046	394581	1613.99
3.25	6.38326e+06	51661	403685	2347.04
3.25	6.76343e+06	53275	417232	1762.12
3.25	7.1025e+06	54890	422529	2078.47
3.5	311489	3228	862658	2454.68
3.5	464692	4843	762792	2431.32
3.5	648186	6457	625420	2934.87
3.5	854108	8072	572171	2638.22
3.5	1.08123e+06	9686	491100	3503.79
3.5	1.25862e+06	11300	440569	4551.82
3.5	1.46489e+06	12915	449994	3130.36
3.5	1.66283e+06	14529	467171	3266.29
3.5	1.85503e+06	16144	439814	3176.58
3.5	2.00387e+06	17758	401336	3423.35
3.5	2.18957e+06	19372	414967	2964.33
3.5	2.35983e+06	20987	415109	2981.31
3.5	2.506e+06	22601	409888	2011.78
3.5	2.65109e+06	24216	404505	3098.71
3.5	2.83137e+06	25830	402437	3133.95
3.5	3.00554e+06	27445	412190	2537.53
3.5	3.17104e+06	29059	418549	2276.34
3.5	3.35167e+06	30673	410539	2517.14
3.5	3.56092e+06	32288	413831	2334.3
3.5	3.78967e+06	33902	418644	1893.52
3.5	3.98623e+06	35517	431484	2005.38
3.5	4.19123e+06	37131	444379	2285.61
3.5	4.38526e+06	38745	456866	2179.32
3.5	4.61479e+06	40360	470151	2057.82
3.5	4.83266e+06	41974	474360	1912.9
3.5	5.08978e+06	43589	484601	1642.02
3.5	5.31637e+06	45203	496578	1879.39
3.5	5.56707e+06	46817	509122	2194.72
3.5	5.83522e+06	48432	521428	1515.43
3.5	6.11206e+06	50046	534192	1729.86
3.5	6.38326e+06	51661	548481	2068.42
3.5	6.76343e+06	53275	565535	1763.66
3.5	7.1025e+06	54890	568814	2169.97
3.75	311489	3228	1.16056e+06	2509.18
3.75	464692	4843	1.05872e+06	3068.71
3.75	648186	6457	910809	3558.33
3.75	854108	8072	853698	2647.08
3.75	1.08123e+06	9686	777413	3835.71
3.75	1.25862e+06	11300	718513	2309.11
3.75	1.46489e+06	12915	718627	2644.44
3.75	1.66283e+06	14529	729402	2778.48
3.75	1.85503e+06	16144	699304	2629.67
3.75	2.00387e+06	17758	659454	3473.32
3.75	2.18957e+06	19372	664432	2662.62
3.75	2.35983e+06	20987	653588	2960.67
3.75	2.506e+06	22601	634289	3110.46
3.75	2.65109e+06	24216	624260	2737.29
3.75	2.83137e+06	25830	611065	2924.07
3.75	3.00554e+06	27445	619673	2230.87
3.75	3.17104e+06	29059	618790	3223.58
3.75	3.35167e+06	30673	604058	2738.78
3.75	3.56092e+06	32288	599313	2144.45
3.75	3.78967e+06	33902	590740	2316.4
3.75	3.98623e+06	35517	605804	2319.26
3.75	4.19123e+06	37131	620625	2001.03
3.75	4.38526e+06	38745	633208	2572.46
3.75	4.61479e+06	40360	648209	3249.7
3.75	4.83266e+06	41974	651668	2358.61
3.75	5.08978e+06	43589	659214	2928.73
3.75	5.31637e+06	45203	671745	2254.29
3.75	5.56707e+06	46817	687162	2184.2
3.75	5.83522e+06	48432	698997	2256.85
3.75	6.11206e+06	50046	714156	2456.62
3.75	6.38326e+06	51661	730813	1367.45
3.75	6.76343e+06	53275	748973	2016.81
3.75	7.1025e+06	54890	754953	1963.29
4	311489	3228	1.49213e+06	2269.89
4	464692	4843	1.38499e+06	2543.06
4	648186	6457	1.23616e+06	2840.45
4	854108	8072	1.17395e+06	2846.24
4	1.08123e+06	9686	1.09506e+06	3631.11
4	1.25862e+06	11300	1.04118e+06	2721.35
4	1.46489e+06	12915	1.02713e+06	2989.96
4	1.66283e+06	14529	1.03244e+06	3155.04
4	1.85503e+06	16144	999061	2969.7
4	2.00387e+06	17758	960802	3432.28
4	2.18957e+06	19372	952742	3122.22
4	2.35983e+06	20987	938030	2351.34
4	2.506e+06	22601	907497	4009.07
4	2.65109e+06	24216	889308	2637.14
4	2.83137e+06	25830	871745	2130.55
4	3.00554e+06	27445	874053	3327.24
4	3.17104e+06	29059	867610	3523.25
4	3.35167e+06	30673	847073	2947.95
4	3.56092e+06	32288	830880	2373.82
4	3.78967e+06	33902	818405	2261.74
4	3.98623e+06	35517	826044	2832.82
4	4.19123e+06	37131	839837	2268.71
4	4.38526e+06	38745	855559	2129.84
4	4.61479e+06	40360	865396	2276.93
4	4.83266e+06	41974	872060	2266.25
4	5.08978e+06	43589	875723	2525.61
4	5.31637e+06	45203	891710	2006.78
4	5.56707e+06	46817	906998	2315.84
4	5.83522e+06	48432	918017	2672.83
4	6.11206e+06	50046	932851	1812.17
4	6.38326e+06	51661	945072	2718.38
4	6.76343e+06	53275	972285	2129.46
4	7.1025e+06	54890	978577	2005
