1	1663	4026.42	40.0496
1	3326	4014	35.6428
1	4990	4014.54	53.625
1	6653	4006.21	53.2642
1	8316	4032.25	52.1259
1	9980	3993.29	43.4552
1	11643	4021.33	47.2118
1	13306	4020.83	49.4157
1	14970	4046.04	52.2091
1	16633	4073.88	44.6909
1	18296	4066.54	55.458
1	19960	4071.04	72.2866
1	21623	4021.12	47.8343
1	23286	4043.92	65.3579
1	24950	4108.71	69.3978
1	26613	4160.5	85.6059
1	28276	4119.12	69.3921
1	29940	4067.33	66.952
1	31603	4141.67	82.2706
1	33266	4124.83	72.5712
1	34930	4185.46	58.3923
1	36593	4144.46	76.4794
1	38256	4171.58	100.754
1	39920	4113.42	92.8146
1	41583	4272.67	128.447
1	43246	4237	129.403
1	44910	4191.12	92.4863
1	46573	4287.38	125.061
1	48236	4192.38	76.0353
1	49900	4270.25	121.3
1	51563	4236.04	70.4606
1	53226	4223.25	100.965
1	54890	4235.88	123.624
1.21875	1663	4965.38	217.223
1.21875	3326	4601.58	90.729
1.21875	4990	4556.54	64.7384
1.21875	6653	4471.21	55.7941
1.21875	8316	4514.92	82.0251
1.21875	9980	4632.21	127.996
1.21875	11643	4766.75	195.132
1.21875	13306	5001.38	195.216
1.21875	14970	5128.33	351.202
1.21875	16633	5104.62	352.692
1.21875	18296	6175.58	562.524
1.21875	19960	5970.04	719.493
1.21875	21623	6519.25	706.491
1.21875	23286	6383.08	694.03
1.21875	24950	6919	688.373
1.21875	26613	7235.88	786.641
1.21875	28276	7073.79	841.528
1.21875	29940	8431.29	959.002
1.21875	31603	8259.42	1018.42
1.21875	33266	8690	942.369
1.21875	34930	8384.25	999.898
1.21875	36593	9228.96	932.273
1.21875	38256	8399.38	1227.9
1.21875	39920	9060	1271.77
1.21875	41583	9555.29	943.71
1.21875	43246	9110.79	1037.54
1.21875	44910	9706.42	838.354
1.21875	46573	9818.62	1188.89
1.21875	48236	9917.25	1079.3
1.21875	49900	9747.83	1130.05
1.21875	51563	9192.71	1254.92
1.21875	53226	11152.9	1160.17
1.21875	54890	10973.4	1029.48
1.4375	1663	13520.5	1584.66
1.4375	3326	7318.88	601.192
1.4375	4990	5826.29	301.899
1.4375	6653	5615.71	179.037
1.4375	8316	6666.96	523.562
1.4375	9980	8199.5	946.503
1.4375	11643	10977.9	952.708
1.4375	13306	12327.5	1176.61
1.4375	14970	13149.5	1312.79
1.4375	16633	13606.9	1741.48
1.4375	18296	16165.9	1229.28
1.4375	19960	16317.8	1736.31
1.4375	21623	16810.9	1468.61
1.4375	23286	18411.4	1238.69
1.4375	24950	20583.7	1102.76
1.4375	26613	20687.3	1860.84
1.4375	28276	22307.1	1045.24
1.4375	29940	22783.7	1950.58
1.4375	31603	23814.9	1752.46
1.4375	33266	23749.4	2134.01
1.4375	34930	24931.9	924.759
1.4375	36593	25968	2230.56
1.4375	38256	26014.4	1939.35
1.4375	39920	27036	2180.95
1.4375	41583	28551.3	1515.19
1.4375	43246	29385.9	1977.53
1.4375	44910	30486.8	1097.5
1.4375	46573	28844.1	2108
1.4375	48236	30967	1639.78
1.4375	49900	29716.1	1647.4
1.4375	51563	31603.6	1742.86
1.4375	53226	29500.4	2454.92
1.4375	54890	30845.5	2333.39
1.65625	1663	50674.5	1932.86
1.65625	3326	30528.9	3063.03
1.65625	4990	18242	1842.23
1.65625	6653	12804.1	1561.55
1.65625	8316	19394.8	1606.89
1.65625	9980	21573.2	1213.79
1.65625	11643	28579.8	1129.79
1.65625	13306	33722.9	1499.63
1.65625	14970	37273.6	1928.05
1.65625	16633	42325.8	1472.39
1.65625	18296	44816.1	1341.61
1.65625	19960	48320.2	1948.66
1.65625	21623	51138.2	1551.58
1.65625	23286	53259.8	1741.89
1.65625	24950	56133.1	1102.93
1.65625	26613	58609.1	2081.19
1.65625	28276	62170.5	1327.47
1.65625	29940	63749.5	1426.02
1.65625	31603	65802.9	1532.28
1.65625	33266	65201.7	2382.14
1.65625	34930	66979.6	2165.04
1.65625	36593	68226.4	1633.77
1.65625	38256	72204.3	1248.18
1.65625	39920	72519.1	1304.18
1.65625	41583	73474	1486.84
1.65625	43246	73894.1	1503.27
1.65625	44910	76312.8	1422.39
1.65625	46573	76522.3	1676.31
1.65625	48236	76251.8	1722.76
1.65625	49900	80046	1124.92
1.65625	51563	78919.9	1589.92
1.65625	53226	80231	1000.58
1.65625	54890	81429.1	1045.41
1.875	1663	100331	997.94
1.875	3326	81705.4	1688.83
1.875	4990	57066	1903.21
1.875	6653	52416	1685.38
1.875	8316	61558.4	2077.46
1.875	9980	60054.1	1960.9
1.875	11643	71604.2	1712.48
1.875	13306	82216.1	1757.96
1.875	14970	87777.5	2217.83
1.875	16633	93311.3	1183.34
1.875	18296	94932.6	1256.48
1.875	19960	96457.6	899.195
1.875	21623	99491.2	836.719
1.875	23286	102153	996.537
1.875	24950	105462	1287.92
1.875	26613	107597	1030.55
1.875	28276	111503	1226.71
1.875	29940	113837	1068.19
1.875	31603	116524	859.797
1.875	33266	116978	981.108
1.875	34930	120447	872.071
1.875	36593	121281	856.045
1.875	38256	123710	997.528
1.875	39920	125525	1163.91
1.875	41583	126271	912.634
1.875	43246	127568	1182.01
1.875	44910	128508	1176.15
1.875	46573	130559	1080.54
1.875	48236	131565	1076.71
1.875	49900	132148	1110.96
1.875	51563	132482	909.506
1.875	53226	134651	1239.2
1.875	54890	135036	1325.76
2.09375	1663	167656	1259.61
2.09375	3326	149153	1325.22
2.09375	4990	122482	1744.87
2.09375	6653	124274	2206.08
2.09375	8316	134888	1587.07
2.09375	9980	129344	1530.34
2.09375	11643	144885	1342.69
2.09375	13306	155388	1594.65
2.09375	14970	158794	1369.13
2.09375	16633	153347	1220.6
2.09375	18296	155087	1312.32
2.09375	19960	152200	1341.63
2.09375	21623	154377	1697.75
2.09375	23286	159384	1230.99
2.09375	24950	162307	888.948
2.09375	26613	167661	1242.63
2.09375	28276	171723	1249.2
2.09375	29940	175649	1214.15
2.09375	31603	177119	1339.59
2.09375	33266	180524	1031.37
2.09375	34930	183164	1299.79
2.09375	36593	186204	1257.61
2.09375	38256	188488	983.534
2.09375	39920	190187	1088.7
2.09375	41583	192445	1048.96
2.09375	43246	193310	1117.46
2.09375	44910	196101	1180.99
2.09375	46573	197989	1383.89
2.09375	48236	198268	1026.36
2.09375	49900	199907	1076.37
2.09375	51563	201112	1212
2.09375	53226	202640	1218.3
2.09375	54890	203960	1248.63
2.3125	1663	249739	1280.41
2.3125	3326	230754	1300.75
2.3125	4990	205108	1598.77
2.3125	6653	211678	1017.01
2.3125	8316	218905	1728.11
2.3125	9980	217150	1521.88
2.3125	11643	228404	1455.6
2.3125	13306	239286	1393.04
2.3125	14970	240040	1261.05
2.3125	16633	229590	1471.04
2.3125	18296	231252	1238.7
2.3125	19960	225234	1324.6
2.3125	21623	227857	1340.83
2.3125	23286	231503	1267.74
2.3125	24950	234897	861.954
2.3125	26613	238859	1206.67
2.3125	28276	242355	1179.46
2.3125	29940	248047	1015.49
2.3125	31603	252203	1309.02
2.3125	33266	255613	1204.93
2.3125	34930	257445	1174.04
2.3125	36593	259955	1460.32
2.3125	38256	262486	1229.62
2.3125	39920	264554	1030.35
2.3125	41583	268060	1131.23
2.3125	43246	271144	1142.21
2.3125	44910	271972	1408.4
2.3125	46573	273547	1271.08
2.3125	48236	277149	1321.45
2.3125	49900	277231	1305.51
2.3125	51563	279739	1166.44
2.3125	53226	280709	1288.63
2.3125	54890	283368	1265.48
2.53125	1663	355482	1604.14
2.53125	3326	336634	1569.8
2.53125	4990	313099	1922.03
2.53125	6653	318994	1912.85
2.53125	8316	323941	1334.24
2.53125	9980	320810	1664.15
2.53125	11643	330188	1827.7
2.53125	13306	340226	1516.77
2.53125	14970	340905	1399.61
2.53125	16633	331862	1916.94
2.53125	18296	329035	1697.48
2.53125	19960	320326	1658.09
2.53125	21623	320620	1812.14
2.53125	23286	324135	2089.92
2.53125	24950	323058	1866.99
2.53125	26613	327449	1046.37
2.53125	28276	329523	793.441
2.53125	29940	334526	1711.56
2.53125	31603	337596	1100.96
2.53125	33266	341766	1370.89
2.53125	34930	347419	1415.98
2.53125	36593	350828	1357.9
2.53125	38256	354837	1255.6
2.53125	39920	358392	1208.36
2.53125	41583	361933	1489.19
2.53125	43246	364063	1171.08
2.53125	44910	366871	1430.32
2.53125	46573	369101	1438.78
2.53125	48236	371630	1519.71
2.53125	49900	373942	1396.84
2.53125	51563	376538	1031.26
2.53125	53226	378848	1474.64
2.53125	54890	380360	1812.83
2.75	1663	486727	1640.27
2.75	3326	471692	1234.14
2.75	4990	447153	1634.77
2.75	6653	452056	1675.76
2.75	8316	456309	2308.61
2.75	9980	448999	2761.97
2.75	11643	460226	1519.11
2.75	13306	467665	1704.92
2.75	14970	467428	1645.45
2.75	16633	457158	1809.03
2.75	18296	457074	2644
2.75	19960	443851	1598.78
2.75	21623	441472	1342.99
2.75	23286	445402	1320.38
2.75	24950	441177	1803.89
2.75	26613	440360	1437.72
2.75	28276	439339	1341.29
2.75	29940	445666	1768.34
2.75	31603	449780	1295.79
2.75	33266	454608	1790.21
2.75	34930	460623	1178.68
2.75	36593	466307	1472.61
2.75	38256	469397	1289.42
2.75	39920	473715	1390.95
2.75	41583	475846	2044.99
2.75	43246	481901	1912.65
2.75	44910	484120	1449.16
2.75	46573	488392	1431.8
2.75	48236	491780	1546.67
2.75	49900	494279	1486.53
2.75	51563	496366	1220.55
2.75	53226	499278	1235.41
2.75	54890	502019	1535.3
2.96875	1663	650549	1731.53
2.96875	3326	632822	1998.97
2.96875	4990	610506	2774.04
2.96875	6653	614152	1891.2
2.96875	8316	616075	1940.7
2.96875	9980	607096	2054.91
2.96875	11643	616215	1991.86
2.96875	13306	623432	1740.41
2.96875	14970	619968	1954.01
2.96875	16633	610689	1660.63
2.96875	18296	608117	2046.51
2.96875	19960	596959	1668.87
2.96875	21623	594608	1819.64
2.96875	23286	593312	2349.79
2.96875	24950	588319	1757.88
2.96875	26613	586937	1798.4
2.96875	28276	579200	1717.63
2.96875	29940	584827	1421.91
2.96875	31603	589663	1355.28
2.96875	33266	596883	1320.73
2.96875	34930	603091	1713.74
2.96875	36593	606069	1739.12
2.96875	38256	613540	1594.27
2.96875	39920	616401	1837.57
2.96875	41583	618763	2020.42
2.96875	43246	622195	1976.17
2.96875	44910	628132	1572.47
2.96875	46573	632295	1873.65
2.96875	48236	635295	1714.24
2.96875	49900	638869	1465.48
2.96875	51563	643459	1774.81
2.96875	53226	646792	2365.81
2.96875	54890	650904	2019.03
3.1875	1663	837337	2154.44
3.1875	3326	826847	2075.76
3.1875	4990	799051	2536.41
3.1875	6653	804629	2320.25
3.1875	8316	802083	1730.94
3.1875	9980	793417	1908.06
3.1875	11643	799592	2028.51
3.1875	13306	804844	1579.04
3.1875	14970	799296	2478.83
3.1875	16633	790480	1988.1
3.1875	18296	790883	1964.09
3.1875	19960	777218	2145.66
3.1875	21623	774755	2268.75
3.1875	23286	773388	2091.55
3.1875	24950	766332	1939.67
3.1875	26613	761284	1966.15
3.1875	28276	748839	2129.75
3.1875	29940	754120	2202.02
3.1875	31603	758217	1968.09
3.1875	33266	765617	1461.5
3.1875	34930	771077	1512.01
3.1875	36593	777012	2075.62
3.1875	38256	779625	2772.76
3.1875	39920	786417	2258.59
3.1875	41583	788132	1582.58
3.1875	43246	791131	1319.41
3.1875	44910	796593	2198.08
3.1875	46573	801002	1701.06
3.1875	48236	805383	2102.52
3.1875	49900	810101	1682.32
3.1875	51563	813642	2283.69
3.1875	53226	817986	2133.44
3.1875	54890	822289	2143.9
3.40625	1663	1.05475e+06	2444.5
3.40625	3326	1.04756e+06	2345.27
3.40625	4990	1.01942e+06	2167.56
3.40625	6653	1.01734e+06	1744.46
3.40625	8316	1.01405e+06	2406.3
3.40625	9980	1.0043e+06	1744.71
3.40625	11643	1.00675e+06	2157.24
3.40625	13306	1.01254e+06	1955.96
3.40625	14970	1.00834e+06	1900.63
3.40625	16633	997661	1965.8
3.40625	18296	995873	2063.67
3.40625	19960	984922	2281.55
3.40625	21623	981602	2327.23
3.40625	23286	978446	2406.15
3.40625	24950	970561	1603.68
3.40625	26613	959944	1691.49
3.40625	28276	949783	2306.47
3.40625	29940	950082	2348.3
3.40625	31603	955796	1938.32
3.40625	33266	960499	2173.89
3.40625	34930	967931	2264.68
3.40625	36593	971859	2124.61
3.40625	38256	977164	1828.31
3.40625	39920	982284	2376.75
3.40625	41583	984879	1533.62
3.40625	43246	989099	2350.61
3.40625	44910	995290	2137.96
3.40625	46573	999468	2128.1
3.40625	48236	1.00191e+06	1521.88
3.40625	49900	1.00804e+06	2092.83
3.40625	51563	1.01325e+06	2264.15
3.40625	53226	1.01538e+06	2319.91
3.40625	54890	1.02247e+06	2356.92
3.625	1663	1.3019e+06	2566.61
3.625	3326	1.29199e+06	2143.73
3.625	4990	1.26282e+06	2333.56
3.625	6653	1.26062e+06	2242.28
3.625	8316	1.25322e+06	2051.66
3.625	9980	1.24059e+06	2114.43
3.625	11643	1.24142e+06	2271.72
3.625	13306	1.24507e+06	2462.63
3.625	14970	1.23887e+06	2387.63
3.625	16633	1.22995e+06	2052.09
3.625	18296	1.22928e+06	1901.9
3.625	19960	1.21795e+06	2823.92
3.625	21623	1.21617e+06	2023.1
3.625	23286	1.20829e+06	2182.46
3.625	24950	1.19972e+06	2059.33
3.625	26613	1.18919e+06	2146.66
3.625	28276	1.17693e+06	1815.59
3.625	29940	1.1758e+06	2609.16
3.625	31603	1.18147e+06	2470.45
3.625	33266	1.18592e+06	1469.35
3.625	34930	1.18803e+06	2298.9
3.625	36593	1.19363e+06	2339.21
3.625	38256	1.201e+06	1833.63
3.625	39920	1.20719e+06	2232.95
3.625	41583	1.20654e+06	2544.05
3.625	43246	1.21105e+06	2219.86
3.625	44910	1.21833e+06	1688.02
3.625	46573	1.22192e+06	2799.37
3.625	48236	1.22542e+06	2520.28
3.625	49900	1.22943e+06	2258.51
3.625	51563	1.23462e+06	2101.99
3.625	53226	1.24018e+06	1847.31
3.625	54890	1.24655e+06	2441.45
3.84375	1663	1.56976e+06	2315.76
3.84375	3326	1.55762e+06	2529.27
3.84375	4990	1.52712e+06	2435.52
3.84375	6653	1.52138e+06	2591.08
3.84375	8316	1.512e+06	1975.06
3.84375	9980	1.49888e+06	2299.3
3.84375	11643	1.49892e+06	2334.32
3.84375	13306	1.49908e+06	2373.04
3.84375	14970	1.49491e+06	1712.24
3.84375	16633	1.48427e+06	2540.02
3.84375	18296	1.48174e+06	2159.62
3.84375	19960	1.4708e+06	2212.26
3.84375	21623	1.46775e+06	1732.06
3.84375	23286	1.46229e+06	2160.1
3.84375	24950	1.4529e+06	2257.56
3.84375	26613	1.44133e+06	3096.43
3.84375	28276	1.42955e+06	2409.8
3.84375	29940	1.42804e+06	2350.92
3.84375	31603	1.42914e+06	2516.89
3.84375	33266	1.43455e+06	2496.58
3.84375	34930	1.43661e+06	2222.7
3.84375	36593	1.44054e+06	2319.88
3.84375	38256	1.44484e+06	2462.48
3.84375	39920	1.451e+06	2561.29
3.84375	41583	1.45171e+06	1833.43
3.84375	43246	1.45602e+06	2055.88
3.84375	44910	1.45957e+06	1774.51
3.84375	46573	1.46483e+06	1848.48
3.84375	48236	1.46985e+06	1739.49
3.84375	49900	1.47637e+06	1917.84
3.84375	51563	1.47793e+06	2647.44
3.84375	53226	1.48658e+06	2219.63
3.84375	54890	1.49105e+06	1915.88
4.0625	1663	1.84656e+06	2315.05
4.0625	3326	1.83645e+06	2444.15
4.0625	4990	1.80305e+06	2316.93
4.0625	6653	1.7956e+06	2250.74
4.0625	8316	1.78639e+06	2549.12
4.0625	9980	1.77072e+06	1890.96
4.0625	11643	1.76854e+06	2499.85
4.0625	13306	1.76981e+06	2933.89
4.0625	14970	1.7629e+06	1931.06
4.0625	16633	1.75285e+06	2419.78
4.0625	18296	1.75301e+06	2124.85
4.0625	19960	1.74244e+06	2118.32
4.0625	21623	1.73967e+06	2618.87
4.0625	23286	1.73386e+06	2654.41
4.0625	24950	1.72206e+06	2548.48
4.0625	26613	1.70817e+06	2356.96
4.0625	28276	1.6988e+06	2296.44
4.0625	29940	1.69325e+06	3102.65
4.0625	31603	1.69627e+06	2424.19
4.0625	33266	1.70073e+06	2681.24
4.0625	34930	1.70008e+06	1966.33
4.0625	36593	1.70278e+06	2454.78
4.0625	38256	1.70599e+06	1869.25
4.0625	39920	1.71338e+06	2429.08
4.0625	41583	1.71457e+06	2101.93
4.0625	43246	1.7185e+06	2429.52
4.0625	44910	1.72348e+06	2295.12
4.0625	46573	1.72815e+06	1937.66
4.0625	48236	1.7289e+06	2368.81
4.0625	49900	1.73599e+06	1568.19
4.0625	51563	1.74195e+06	2661.93
4.0625	53226	1.74836e+06	2313.11
4.0625	54890	1.75426e+06	2065.32
4.28125	1663	2.13238e+06	1738.99
4.28125	3326	2.11521e+06	2022.58
4.28125	4990	2.08547e+06	1860.56
4.28125	6653	2.07549e+06	2027.2
4.28125	8316	2.06381e+06	2246.09
4.28125	9980	2.05025e+06	1879.47
4.28125	11643	2.04551e+06	1486.26
4.28125	13306	2.04613e+06	2405.76
4.28125	14970	2.03992e+06	2683.21
4.28125	16633	2.02925e+06	2125.08
4.28125	18296	2.02792e+06	2134.64
4.28125	19960	2.02006e+06	2394.12
4.28125	21623	2.01924e+06	2473.01
4.28125	23286	2.01098e+06	2483.29
4.28125	24950	1.99654e+06	2565.51
4.28125	26613	1.98644e+06	2727.02
4.28125	28276	1.97607e+06	2268.75
4.28125	29940	1.97215e+06	2517.45
4.28125	31603	1.973e+06	2016.77
4.28125	33266	1.97363e+06	2175.89
4.28125	34930	1.97534e+06	2754.54
4.28125	36593	1.97268e+06	1983.66
4.28125	38256	1.9797e+06	2026
4.28125	39920	1.98156e+06	2026.91
4.28125	41583	1.98522e+06	2238.45
4.28125	43246	1.9853e+06	2985.04
4.28125	44910	1.99315e+06	1834.41
4.28125	46573	1.99593e+06	2406.86
4.28125	48236	2.00115e+06	1990.97
4.28125	49900	2.00365e+06	2363.01
4.28125	51563	2.01382e+06	2872.27
4.28125	53226	2.01549e+06	2741.17
4.28125	54890	2.0226e+06	2005.05
4.5	1663	2.40937e+06	2249.88
4.5	3326	2.39524e+06	2255.43
4.5	4990	2.36654e+06	1935.82
4.5	6653	2.35431e+06	1996.16
4.5	8316	2.34103e+06	2293.4
4.5	9980	2.32671e+06	2066.56
4.5	11643	2.32147e+06	1877.33
4.5	13306	2.32076e+06	2464.85
4.5	14970	2.31522e+06	2254.86
4.5	16633	2.30406e+06	2551.23
4.5	18296	2.30452e+06	2317
4.5	19960	2.29677e+06	2135.7
4.5	21623	2.29334e+06	1838.24
4.5	23286	2.28739e+06	2326.77
4.5	24950	2.27835e+06	1701.78
4.5	26613	2.26636e+06	2639.5
4.5	28276	2.25789e+06	1673.69
4.5	29940	2.25204e+06	2186.41
4.5	31603	2.24793e+06	2687.17
4.5	33266	2.25096e+06	2026.26
4.5	34930	2.24888e+06	2240.85
4.5	36593	2.24966e+06	2285.33
4.5	38256	2.25391e+06	2303.95
4.5	39920	2.25713e+06	2468.44
4.5	41583	2.25716e+06	1741.57
4.5	43246	2.25898e+06	2517.22
4.5	44910	2.26559e+06	2109.08
4.5	46573	2.26807e+06	2547.48
4.5	48236	2.27301e+06	2130.24
4.5	49900	2.27718e+06	2051.49
4.5	51563	2.28353e+06	2480.51
4.5	53226	2.28833e+06	2489.96
4.5	54890	2.29454e+06	2618.62
4.71875	1663	2.68368e+06	1650
4.71875	3326	2.66994e+06	1719.73
4.71875	4990	2.64046e+06	1832.72
4.71875	6653	2.62494e+06	2534.23
4.71875	8316	2.61083e+06	1975.92
4.71875	9980	2.59807e+06	1390.87
4.71875	11643	2.59129e+06	1793.98
4.71875	13306	2.58819e+06	2411.4
4.71875	14970	2.5836e+06	1636.38
4.71875	16633	2.57654e+06	1989.69
4.71875	18296	2.57597e+06	1752.02
4.71875	19960	2.56717e+06	2301.69
4.71875	21623	2.56753e+06	2101.71
4.71875	23286	2.55991e+06	1850
4.71875	24950	2.54856e+06	1679.38
4.71875	26613	2.53892e+06	1950.93
4.71875	28276	2.53089e+06	2262.6
4.71875	29940	2.52665e+06	1712.11
4.71875	31603	2.52139e+06	1901.62
4.71875	33266	2.523e+06	1955.23
4.71875	34930	2.52257e+06	2182.5
4.71875	36593	2.52178e+06	2265.55
4.71875	38256	2.5256e+06	2093.77
4.71875	39920	2.52665e+06	1743.04
4.71875	41583	2.52929e+06	2174.3
4.71875	43246	2.53086e+06	2500.12
4.71875	44910	2.53234e+06	1911.46
4.71875	46573	2.5379e+06	1613.42
4.71875	48236	2.54108e+06	1996.74
4.71875	49900	2.54371e+06	1943.48
4.71875	51563	2.55004e+06	1894.54
4.71875	53226	2.5548e+06	2234.17
4.71875	54890	2.5608e+06	2167.09
4.9375	1663	2.94801e+06	1480.79
4.9375	3326	2.93113e+06	1621.02
4.9375	4990	2.90134e+06	2210.61
4.9375	6653	2.89088e+06	1330.99
4.9375	8316	2.87409e+06	1768.45
4.9375	9980	2.86101e+06	2043.8
4.9375	11643	2.85322e+06	1927.39
4.9375	13306	2.85184e+06	1827.34
4.9375	14970	2.84778e+06	2122.7
4.9375	16633	2.83613e+06	2349.04
4.9375	18296	2.83902e+06	1766.64
4.9375	19960	2.82951e+06	2222.72
4.9375	21623	2.82964e+06	2203.49
4.9375	23286	2.82117e+06	1672.98
4.9375	24950	2.81506e+06	1700.61
4.9375	26613	2.80406e+06	2122.86
4.9375	28276	2.79715e+06	2027.33
4.9375	29940	2.79149e+06	2056.56
4.9375	31603	2.78969e+06	1663.75
4.9375	33266	2.7881e+06	2619.19
4.9375	34930	2.78815e+06	2054.19
4.9375	36593	2.78637e+06	2359.01
4.9375	38256	2.78762e+06	2204.68
4.9375	39920	2.78856e+06	1430.18
4.9375	41583	2.78842e+06	2269.51
4.9375	43246	2.79071e+06	2542.15
4.9375	44910	2.79276e+06	2185.76
4.9375	46573	2.79814e+06	1690.43
4.9375	48236	2.80132e+06	1724.61
4.9375	49900	2.80462e+06	1966.28
4.9375	51563	2.80955e+06	2455.62
4.9375	53226	2.81272e+06	1718.36
4.9375	54890	2.82052e+06	2348.36
5.15625	1663	3.19707e+06	1813.98
5.15625	3326	3.17979e+06	1985.16
5.15625	4990	3.15394e+06	1773.11
5.15625	6653	3.13787e+06	2369.93
5.15625	8316	3.12107e+06	1205.56
5.15625	9980	3.10836e+06	1790.77
5.15625	11643	3.10435e+06	2043.12
5.15625	13306	3.10228e+06	1832.46
5.15625	14970	3.09651e+06	1770.52
5.15625	16633	3.08835e+06	1969.03
5.15625	18296	3.08569e+06	2169.68
5.15625	19960	3.0813e+06	2311.38
5.15625	21623	3.08054e+06	1922.16
5.15625	23286	3.07595e+06	1613.16
5.15625	24950	3.06751e+06	2127.77
5.15625	26613	3.05729e+06	1356.14
5.15625	28276	3.05018e+06	2071.89
5.15625	29940	3.04437e+06	1668.5
5.15625	31603	3.04439e+06	2094.76
5.15625	33266	3.04111e+06	2176.25
5.15625	34930	3.03955e+06	2525.2
5.15625	36593	3.03848e+06	1790.45
5.15625	38256	3.03888e+06	1772.69
5.15625	39920	3.04008e+06	1857.5
5.15625	41583	3.04059e+06	1484.05
5.15625	43246	3.04194e+06	1893.93
5.15625	44910	3.04406e+06	1619.54
5.15625	46573	3.04656e+06	2024.63
5.15625	48236	3.04641e+06	1599.15
5.15625	49900	3.05415e+06	1783.85
5.15625	51563	3.05592e+06	2232.86
5.15625	53226	3.06018e+06	1903.18
5.15625	54890	3.0685e+06	1956.32
5.375	1663	3.43368e+06	2332.04
5.375	3326	3.41675e+06	2158.83
5.375	4990	3.39078e+06	2093.52
5.375	6653	3.37445e+06	1869.68
5.375	8316	3.3591e+06	1926.65
5.375	9980	3.34655e+06	1575.2
5.375	11643	3.33981e+06	1829.05
5.375	13306	3.33481e+06	1523
5.375	14970	3.3317e+06	1942.73
5.375	16633	3.32634e+06	1844.48
5.375	18296	3.3244e+06	1735.16
5.375	19960	3.3209e+06	1883.06
5.375	21623	3.32e+06	1708.15
5.375	23286	3.31378e+06	2351.88
5.375	24950	3.30679e+06	2423.61
5.375	26613	3.29872e+06	1551.49
5.375	28276	3.29245e+06	1622.04
5.375	29940	3.28753e+06	1922.51
5.375	31603	3.28197e+06	2140.4
5.375	33266	3.28333e+06	1966.79
5.375	34930	3.28073e+06	1806.61
5.375	36593	3.27811e+06	2062.83
5.375	38256	3.27937e+06	1171.69
5.375	39920	3.28039e+06	1853.13
5.375	41583	3.28174e+06	1967.13
5.375	43246	3.27996e+06	1783.91
5.375	44910	3.2826e+06	2339.16
5.375	46573	3.28414e+06	1574.32
5.375	48236	3.28831e+06	2117.02
5.375	49900	3.29001e+06	2099.31
5.375	51563	3.29414e+06	1713.28
5.375	53226	3.29651e+06	1848.46
5.375	54890	3.30255e+06	1743.66
5.59375	1663	3.65626e+06	2357.93
5.59375	3326	3.63979e+06	2060.05
5.59375	4990	3.61247e+06	1459.64
5.59375	6653	3.59702e+06	1758.55
5.59375	8316	3.58267e+06	1312.33
5.59375	9980	3.5699e+06	1132.46
5.59375	11643	3.56362e+06	1942.78
5.59375	13306	3.55978e+06	1787.62
5.59375	14970	3.55516e+06	1475.34
5.59375	16633	3.55127e+06	1784.3
5.59375	18296	3.54969e+06	1753.21
5.59375	19960	3.54596e+06	2131.24
5.59375	21623	3.54443e+06	1971.83
5.59375	23286	3.54029e+06	1775.17
5.59375	24950	3.53176e+06	1832.56
5.59375	26613	3.52462e+06	1756.03
5.59375	28276	3.51907e+06	2065.25
5.59375	29940	3.51494e+06	1607.93
5.59375	31603	3.51215e+06	1615.25
5.59375	33266	3.51006e+06	1464.07
5.59375	34930	3.50827e+06	1611.41
5.59375	36593	3.50613e+06	1484.27
5.59375	38256	3.50457e+06	1851.46
5.59375	39920	3.50468e+06	1183.6
5.59375	41583	3.50651e+06	2118.38
5.59375	43246	3.50577e+06	1906.22
5.59375	44910	3.50745e+06	1564.05
5.59375	46573	3.50875e+06	1792.88
5.59375	48236	3.51175e+06	1907.52
5.59375	49900	3.51608e+06	1571.67
5.59375	51563	3.51686e+06	1878.35
5.59375	53226	3.52233e+06	2119.87
5.59375	54890	3.52693e+06	1650.97
5.8125	1663	3.86458e+06	1787.3
5.8125	3326	3.84977e+06	2000.02
5.8125	4990	3.82028e+06	1358.61
5.8125	6653	3.80483e+06	1915.28
5.8125	8316	3.79157e+06	1670.93
5.8125	9980	3.78044e+06	1461.24
5.8125	11643	3.77431e+06	1225.36
5.8125	13306	3.76969e+06	1569.24
5.8125	14970	3.76595e+06	1529.3
5.8125	16633	3.75986e+06	1442.77
5.8125	18296	3.75931e+06	1752.19
5.8125	19960	3.75648e+06	1375
5.8125	21623	3.75685e+06	2044.05
5.8125	23286	3.75112e+06	1870.92
5.8125	24950	3.74604e+06	1610.73
5.8125	26613	3.73896e+06	1594.2
5.8125	28276	3.73473e+06	1645.79
5.8125	29940	3.7302e+06	1585.85
5.8125	31603	3.72586e+06	1868.86
5.8125	33266	3.72516e+06	1922.17
5.8125	34930	3.72406e+06	1656.71
5.8125	36593	3.72057e+06	1606.81
5.8125	38256	3.71956e+06	1933.43
5.8125	39920	3.71935e+06	1395.3
5.8125	41583	3.71972e+06	1732.76
5.8125	43246	3.72015e+06	1574.28
5.8125	44910	3.71954e+06	1627.87
5.8125	46573	3.72297e+06	1497.8
5.8125	48236	3.72501e+06	1457.11
5.8125	49900	3.72505e+06	1863.39
5.8125	51563	3.73045e+06	1717.45
5.8125	53226	3.73226e+06	1396.45
5.8125	54890	3.73723e+06	1560.49
6.03125	1663	4.06004e+06	1621.94
6.03125	3326	4.04242e+06	1067.79
6.03125	4990	4.01749e+06	1441.06
6.03125	6653	4.00087e+06	1457.1
6.03125	8316	3.98656e+06	1297.98
6.03125	9980	3.98009e+06	1403.24
6.03125	11643	3.97143e+06	1867.19
6.03125	13306	3.96757e+06	1340.82
6.03125	14970	3.96256e+06	2112.29
6.03125	16633	3.9592e+06	1549.97
6.03125	18296	3.9589e+06	1332.53
6.03125	19960	3.95595e+06	1460.78
6.03125	21623	3.95339e+06	1425.08
6.03125	23286	3.95061e+06	1290.3
6.03125	24950	3.9448e+06	1814.35
6.03125	26613	3.93947e+06	2040.99
6.03125	28276	3.93421e+06	1741.23
6.03125	29940	3.9311e+06	1368.32
6.03125	31603	3.9286e+06	1950.66
6.03125	33266	3.92554e+06	1784.78
6.03125	34930	3.92283e+06	1321.33
6.03125	36593	3.92016e+06	1779.45
6.03125	38256	3.91973e+06	1609.87
6.03125	39920	3.91915e+06	1620.81
6.03125	41583	3.92084e+06	1453.77
6.03125	43246	3.92015e+06	1676.58
6.03125	44910	3.91957e+06	1695.42
6.03125	46573	3.91977e+06	1651.56
6.03125	48236	3.92357e+06	1729.9
6.03125	49900	3.92372e+06	1467.52
6.03125	51563	3.92646e+06	1547.23
6.03125	53226	3.93019e+06	1374.35
6.03125	54890	3.93516e+06	1749.36
6.25	1663	4.24276e+06	1512.48
6.25	3326	4.22436e+06	1465.93
6.25	4990	4.19965e+06	1612.23
6.25	6653	4.18456e+06	1281.04
6.25	8316	4.17166e+06	1205.89
6.25	9980	4.16213e+06	1518.64
6.25	11643	4.15421e+06	1632.49
6.25	13306	4.15117e+06	1740.7
6.25	14970	4.14724e+06	936.113
6.25	16633	4.14275e+06	1478.4
6.25	18296	4.14326e+06	1533.18
6.25	19960	4.14147e+06	1336.46
6.25	21623	4.13807e+06	1691
6.25	23286	4.13554e+06	1374.09
6.25	24950	4.13125e+06	1906.23
6.25	26613	4.1258e+06	1404.01
6.25	28276	4.12285e+06	1382.75
6.25	29940	4.11832e+06	1443.98
6.25	31603	4.11607e+06	1659.42
6.25	33266	4.11297e+06	1791.47
6.25	34930	4.11043e+06	1385.61
6.25	36593	4.10865e+06	1788.21
6.25	38256	4.10776e+06	1442.73
6.25	39920	4.10821e+06	1328.24
6.25	41583	4.10718e+06	1533.39
6.25	43246	4.105e+06	1169.5
6.25	44910	4.10775e+06	1652.79
6.25	46573	4.10737e+06	1412.7
6.25	48236	4.1095e+06	1407.14
6.25	49900	4.11245e+06	1451.81
6.25	51563	4.11329e+06	1389.51
6.25	53226	4.11402e+06	1434.46
6.25	54890	4.12082e+06	1762.26
6.46875	1663	4.4126e+06	1246.13
6.46875	3326	4.39502e+06	1467.64
6.46875	4990	4.37203e+06	1111.31
6.46875	6653	4.3554e+06	1889.19
6.46875	8316	4.34256e+06	1354.49
6.46875	9980	4.33396e+06	1597.59
6.46875	11643	4.32649e+06	1505.77
6.46875	13306	4.32179e+06	1420.96
6.46875	14970	4.31914e+06	1520.16
6.46875	16633	4.31645e+06	1164.03
6.46875	18296	4.31596e+06	1616.63
6.46875	19960	4.31372e+06	1495.64
6.46875	21623	4.31287e+06	1759.24
6.46875	23286	4.30937e+06	1116.52
6.46875	24950	4.30525e+06	1446.34
6.46875	26613	4.30024e+06	1558.67
6.46875	28276	4.29778e+06	1253.84
6.46875	29940	4.29399e+06	1613.09
6.46875	31603	4.29116e+06	1432.59
6.46875	33266	4.28811e+06	1523.16
6.46875	34930	4.28668e+06	1607.24
6.46875	36593	4.28448e+06	1422.28
6.46875	38256	4.28413e+06	1350.2
6.46875	39920	4.28364e+06	772.078
6.46875	41583	4.28331e+06	1395.33
6.46875	43246	4.28127e+06	1528.71
6.46875	44910	4.28177e+06	1301.43
6.46875	46573	4.28375e+06	1313.54
6.46875	48236	4.28381e+06	1014.46
6.46875	49900	4.28512e+06	1505.03
6.46875	51563	4.28849e+06	1284.69
6.46875	53226	4.28845e+06	1232.64
6.46875	54890	4.29253e+06	1426.73
6.6875	1663	4.57085e+06	1300.26
6.6875	3326	4.5542e+06	1182.07
6.6875	4990	4.53113e+06	1356.09
6.6875	6653	4.515e+06	954.106
6.6875	8316	4.50209e+06	1694.83
6.6875	9980	4.49521e+06	1374.73
6.6875	11643	4.48799e+06	1573.09
6.6875	13306	4.48389e+06	1467.49
6.6875	14970	4.48077e+06	1037.18
6.6875	16633	4.47866e+06	1276.03
6.6875	18296	4.47797e+06	946.068
6.6875	19960	4.47637e+06	1268.81
6.6875	21623	4.47419e+06	1092.5
6.6875	23286	4.4719e+06	1098.33
6.6875	24950	4.46891e+06	1244.66
6.6875	26613	4.46339e+06	1304.27
6.6875	28276	4.46225e+06	1398.58
6.6875	29940	4.45827e+06	1348.34
6.6875	31603	4.45554e+06	1060.86
6.6875	33266	4.45319e+06	1322.3
6.6875	34930	4.45094e+06	1372.5
6.6875	36593	4.44898e+06	1275.86
6.6875	38256	4.4473e+06	1324.1
6.6875	39920	4.44592e+06	1581.99
6.6875	41583	4.4459e+06	1409.58
6.6875	43246	4.44587e+06	1196.85
6.6875	44910	4.44517e+06	1105.32
6.6875	46573	4.44516e+06	1192.12
6.6875	48236	4.44582e+06	1553.93
6.6875	49900	4.44816e+06	1297.52
6.6875	51563	4.44974e+06	1134.57
6.6875	53226	4.45074e+06	1374.42
6.6875	54890	4.45373e+06	1454.2
6.90625	1663	4.71873e+06	1112.3
6.90625	3326	4.70208e+06	1139.68
6.90625	4990	4.68033e+06	1411.65
6.90625	6653	4.66503e+06	1437.16
6.90625	8316	4.6527e+06	1207.13
6.90625	9980	4.6443e+06	1128.56
6.90625	11643	4.6389e+06	1215.59
6.90625	13306	4.6347e+06	1380.23
6.90625	14970	4.63275e+06	1432.51
6.90625	16633	4.62892e+06	1190.43
6.90625	18296	4.62908e+06	1004.62
6.90625	19960	4.62742e+06	1251.63
6.90625	21623	4.62532e+06	1695.37
6.90625	23286	4.62435e+06	1159.45
6.90625	24950	4.62062e+06	1398
6.90625	26613	4.61738e+06	1461.35
6.90625	28276	4.61486e+06	1483.14
6.90625	29940	4.61159e+06	1159.34
6.90625	31603	4.60867e+06	1122.07
6.90625	33266	4.60692e+06	1541.18
6.90625	34930	4.60436e+06	1355.55
6.90625	36593	4.60207e+06	1282.08
6.90625	38256	4.60189e+06	1495.69
6.90625	39920	4.59961e+06	1354.77
6.90625	41583	4.59839e+06	1241.11
6.90625	43246	4.59869e+06	1221.94
6.90625	44910	4.59784e+06	1033.38
6.90625	46573	4.59897e+06	1185.77
6.90625	48236	4.59941e+06	1235.95
6.90625	49900	4.60071e+06	1084.49
6.90625	51563	4.60104e+06	1072.3
6.90625	53226	4.60289e+06	1539.26
6.90625	54890	4.60718e+06	1394.18
7.125	1663	4.85606e+06	1246.94
7.125	3326	4.83875e+06	1127.01
7.125	4990	4.81899e+06	1209.32
7.125	6653	4.80381e+06	1005.02
7.125	8316	4.79243e+06	1118.32
7.125	9980	4.78497e+06	886.834
7.125	11643	4.77943e+06	960.986
7.125	13306	4.77483e+06	1123.21
7.125	14970	4.773e+06	1425.42
7.125	16633	4.76954e+06	888.492
7.125	18296	4.7699e+06	1465.42
7.125	19960	4.76899e+06	1489.68
7.125	21623	4.76757e+06	1249.19
7.125	23286	4.76529e+06	1091.34
7.125	24950	4.76288e+06	1475.06
7.125	26613	4.75964e+06	1062.72
7.125	28276	4.75735e+06	1269.84
7.125	29940	4.75407e+06	1109.07
7.125	31603	4.75237e+06	1461.46
7.125	33266	4.75091e+06	1388.26
7.125	34930	4.74809e+06	1399.57
7.125	36593	4.74559e+06	1088.86
7.125	38256	4.74473e+06	1211.3
7.125	39920	4.74343e+06	1311.28
7.125	41583	4.74194e+06	1229.4
7.125	43246	4.74115e+06	1078.62
7.125	44910	4.74096e+06	1216.73
7.125	46573	4.74063e+06	1415.34
7.125	48236	4.74193e+06	1051.03
7.125	49900	4.74347e+06	1270.57
7.125	51563	4.74357e+06	1645.86
7.125	53226	4.74548e+06	1268.89
7.125	54890	4.74807e+06	1147.14
7.34375	1663	4.98504e+06	1024.99
7.34375	3326	4.96752e+06	946.364
7.34375	4990	4.94852e+06	1348.91
7.34375	6653	4.93344e+06	1049.75
7.34375	8316	4.92247e+06	1409.39
7.34375	9980	4.91628e+06	1327.35
7.34375	11643	4.90924e+06	1156.68
7.34375	13306	4.90552e+06	1054.13
7.34375	14970	4.9043e+06	1197.56
7.34375	16633	4.90129e+06	991.974
7.34375	18296	4.90116e+06	1368.5
7.34375	19960	4.90066e+06	1226.82
7.34375	21623	4.8997e+06	1215.2
7.34375	23286	4.89676e+06	999.574
7.34375	24950	4.8949e+06	1099.48
7.34375	26613	4.89168e+06	1055.51
7.34375	28276	4.89082e+06	1315.84
7.34375	29940	4.88695e+06	1034.35
7.34375	31603	4.88421e+06	1379.41
7.34375	33266	4.8843e+06	1331.69
7.34375	34930	4.88188e+06	776.786
7.34375	36593	4.88001e+06	1463.86
7.34375	38256	4.87833e+06	1181.16
7.34375	39920	4.87676e+06	1000.01
7.34375	41583	4.87571e+06	1200.72
7.34375	43246	4.87509e+06	1398.21
7.34375	44910	4.8743e+06	1669.87
7.34375	46573	4.87386e+06	999.642
7.34375	48236	4.87528e+06	1335.89
7.34375	49900	4.87614e+06	1168.54
7.34375	51563	4.87765e+06	1039.56
7.34375	53226	4.87694e+06	966.844
7.34375	54890	4.88014e+06	1138.15
7.5625	1663	5.10462e+06	1183.3
7.5625	3326	5.08739e+06	1066.83
7.5625	4990	5.06922e+06	1227.5
7.5625	6653	5.05426e+06	1133.88
7.5625	8316	5.04448e+06	878.571
7.5625	9980	5.03766e+06	1163.16
7.5625	11643	5.0326e+06	698.838
7.5625	13306	5.029e+06	1026.95
7.5625	14970	5.02688e+06	1227.31
7.5625	16633	5.02559e+06	1008.41
7.5625	18296	5.02465e+06	1013.65
7.5625	19960	5.02333e+06	900.175
7.5625	21623	5.02361e+06	1110.8
7.5625	23286	5.01972e+06	1257.95
7.5625	24950	5.01938e+06	1211.97
7.5625	26613	5.01638e+06	1114.86
7.5625	28276	5.01422e+06	849.088
7.5625	29940	5.0131e+06	1307.31
7.5625	31603	5.01001e+06	1281.61
7.5625	33266	5.00883e+06	1174.1
7.5625	34930	5.00588e+06	1197.59
7.5625	36593	5.00562e+06	836.274
7.5625	38256	5.00306e+06	996.496
7.5625	39920	5.00237e+06	1220.23
7.5625	41583	5.00075e+06	941.124
7.5625	43246	5.00024e+06	1059.38
7.5625	44910	4.99891e+06	1107.03
7.5625	46573	5.00007e+06	1371.06
7.5625	48236	5.00011e+06	1201.11
7.5625	49900	5.00007e+06	810.275
7.5625	51563	5.00142e+06	1015.44
7.5625	53226	5.00092e+06	1227.99
7.5625	54890	5.00329e+06	1189.09
7.78125	1663	5.21691e+06	1090.4
7.78125	3326	5.19951e+06	899.868
7.78125	4990	5.1828e+06	1031.65
7.78125	6653	5.16801e+06	1050.15
7.78125	8316	5.15752e+06	1004.19
7.78125	9980	5.15284e+06	1111.12
7.78125	11643	5.14744e+06	1018.25
7.78125	13306	5.14318e+06	1344.55
7.78125	14970	5.14186e+06	1305.04
7.78125	16633	5.14056e+06	1329.08
7.78125	18296	5.13923e+06	784.519
7.78125	19960	5.13963e+06	1227.66
7.78125	21623	5.13878e+06	1467.75
7.78125	23286	5.13653e+06	950.864
7.78125	24950	5.13446e+06	1135.01
7.78125	26613	5.13161e+06	989.676
7.78125	28276	5.13201e+06	1232.9
7.78125	29940	5.12851e+06	1148.02
7.78125	31603	5.12682e+06	983.796
7.78125	33266	5.12568e+06	1145.41
7.78125	34930	5.12382e+06	1000.5
7.78125	36593	5.12066e+06	1276.38
7.78125	38256	5.12016e+06	752.043
7.78125	39920	5.12009e+06	1148.61
7.78125	41583	5.11894e+06	908.532
7.78125	43246	5.11593e+06	1209.84
7.78125	44910	5.11616e+06	779.289
7.78125	46573	5.11653e+06	1101
7.78125	48236	5.11592e+06	1143.58
7.78125	49900	5.11656e+06	1041.39
7.78125	51563	5.11687e+06	1107.15
7.78125	53226	5.1177e+06	1292.12
7.78125	54890	5.11978e+06	1080.22
