1	3228	3974	36.4751
1	4843	3900.17	35.7736
1	6457	3863.79	37.3183
1	8072	3834.83	30.3629
1	9686	3795.96	32.3805
1	11300	3845.21	33.1811
1	12915	3831.12	36.9446
1	14529	3851.46	44.8518
1	16144	3795.79	41.587
1	17758	3820.38	35.0738
1	19372	3825.12	39.0021
1	20987	3780.5	33.795
1	22601	3772.42	37.8261
1	24216	3798.96	32.4503
1	25830	3810.5	32.4468
1	27445	3780.42	31.8383
1	29059	3782.96	50.4367
1	30673	3811.46	43.3466
1	32288	3802.67	25.9086
1	33902	3806.5	38.5188
1	35517	3832.46	31.1194
1	37131	3869.25	43.6988
1	38745	3850.96	43.9
1	40360	3847.71	33.5591
1	41974	3851.08	53.1472
1	43589	3853.46	44.4111
1	45203	3875.83	56.3647
1	46817	3867.92	46.6423
1	48432	3875.17	40.3053
1	50046	3889.54	51.7184
1	51661	3879.88	54.2603
1	53275	3869.54	52.9755
1	54890	3888.58	43.868
1.21875	3228	4502.29	76.9381
1.21875	4843	4328.5	49.1143
1.21875	6457	4230.79	50.4132
1.21875	8072	4221.92	44.5967
1.21875	9686	4153.08	53.4792
1.21875	11300	4180.92	50.2671
1.21875	12915	4178.88	43.4993
1.21875	14529	4211.38	51.9226
1.21875	16144	4129.25	37.0908
1.21875	17758	4176.46	45.4545
1.21875	19372	4116.12	44.2326
1.21875	20987	4135.17	42.946
1.21875	22601	4132.33	53.604
1.21875	24216	4090.5	40.6548
1.21875	25830	4141.33	59.5704
1.21875	27445	4146.33	49.223
1.21875	29059	4171.21	53.8218
1.21875	30673	4201.62	78.0004
1.21875	32288	4211.42	52.7128
1.21875	33902	4243.12	81.7441
1.21875	35517	4268.88	112.784
1.21875	37131	4289.67	108.812
1.21875	38745	4282.88	97.0511
1.21875	40360	4228.58	57.4504
1.21875	41974	4494.04	178.923
1.21875	43589	4584.67	237.482
1.21875	45203	4466.79	170.899
1.21875	46817	4592.54	221.631
1.21875	48432	4664	314.159
1.21875	50046	4739.75	266.517
1.21875	51661	4791.88	316.439
1.21875	53275	4922.42	335.344
1.21875	54890	5418.96	529.812
1.4375	3228	5533.88	225.455
1.4375	4843	4979.33	75.8888
1.4375	6457	4805.29	81.8225
1.4375	8072	4714.71	73.7883
1.4375	9686	4600.17	54.6537
1.4375	11300	4601.25	53.6993
1.4375	12915	4665.08	66.1742
1.4375	14529	4714.79	73.9001
1.4375	16144	4566.12	43.6882
1.4375	17758	4619.21	49.9389
1.4375	19372	4565.04	67.4965
1.4375	20987	4533.42	74.9438
1.4375	22601	4684.38	84.9907
1.4375	24216	4574.38	65.6011
1.4375	25830	4713.29	136.438
1.4375	27445	4989.58	318.658
1.4375	29059	5152.5	325.823
1.4375	30673	5211.38	350.567
1.4375	32288	5770.17	617.658
1.4375	33902	6514.04	735.604
1.4375	35517	6405.54	778.221
1.4375	37131	8143.25	793.593
1.4375	38745	7726.04	842.232
1.4375	40360	8329.92	1071.62
1.4375	41974	9983.5	911.07
1.4375	43589	9324.12	1223.94
1.4375	45203	10971.9	1009.39
1.4375	46817	11145.3	1158.86
1.4375	48432	11748.9	1227
1.4375	50046	11296.2	1548.47
1.4375	51661	13053.2	858.859
1.4375	53275	12823.4	1194.01
1.4375	54890	14287	915.659
1.65625	3228	15445.1	1345.71
1.65625	4843	6696	388.778
1.65625	6457	5923.38	194.45
1.65625	8072	5424	114.196
1.65625	9686	5242.42	72.5806
1.65625	11300	5289.38	99.1756
1.65625	12915	5350.5	115.053
1.65625	14529	5244.71	85.2927
1.65625	16144	5310.58	146.188
1.65625	17758	5393.75	146.571
1.65625	19372	5703.21	320.209
1.65625	20987	5646.54	348.701
1.65625	22601	6242	619.264
1.65625	24216	7213.46	699.136
1.65625	25830	8398.17	965.151
1.65625	27445	9683.62	1066.17
1.65625	29059	10907.8	1241.16
1.65625	30673	12370.7	1322.54
1.65625	32288	12078.9	1469.38
1.65625	33902	14854.2	1320.21
1.65625	35517	15498.6	1573.38
1.65625	37131	18272.2	1604.05
1.65625	38745	19676	1808.21
1.65625	40360	22275.1	1064.05
1.65625	41974	22686	1746.51
1.65625	43589	24870.9	1779.5
1.65625	45203	26990	1876.46
1.65625	46817	26319.2	1978.28
1.65625	48432	30270.1	1709.44
1.65625	50046	32879.3	2166.31
1.65625	51661	34006	1156.12
1.65625	53275	34979	1843.36
1.65625	54890	38553.3	1813.41
1.875	3228	57422.8	2657.83
1.875	4843	19135.2	1730.44
1.875	6457	10426	809.042
1.875	8072	8904.12	680.124
1.875	9686	6837.04	317.603
1.875	11300	6522.62	263.871
1.875	12915	6660.75	212.164
1.875	14529	6905.88	358.872
1.875	16144	6894.38	440.202
1.875	17758	8837.71	841.447
1.875	19372	9741.54	1071.21
1.875	20987	11762.4	1059.76
1.875	22601	11605.5	1728.5
1.875	24216	15090.8	1107.95
1.875	25830	18238.8	1372.46
1.875	27445	21185.4	1820.64
1.875	29059	25420.8	1764.49
1.875	30673	27589.2	2478.93
1.875	32288	33085.9	1652.44
1.875	33902	37972.2	1665.84
1.875	35517	40352.4	2364.7
1.875	37131	46557.1	1648.5
1.875	38745	49237.1	1963.26
1.875	40360	53558.4	1444.66
1.875	41974	57645.9	1918.38
1.875	43589	60752.2	1795.05
1.875	45203	64636	2017.26
1.875	46817	67545.4	1192.81
1.875	48432	71564.4	1569.1
1.875	50046	73530.7	1367.61
1.875	51661	76343.4	1534.55
1.875	53275	79286.3	948.78
1.875	54890	82986.6	568.639
2.09375	3228	126433	1541.06
2.09375	4843	60649.2	2761.68
2.09375	6457	39872	1998.57
2.09375	8072	29147.7	1988.84
2.09375	9686	12774.2	1398.13
2.09375	11300	12483.5	1509.53
2.09375	12915	14339.2	1584.6
2.09375	14529	14178.3	1580.79
2.09375	16144	15664.1	1340.24
2.09375	17758	18320.7	1193.78
2.09375	19372	19458.8	1728.95
2.09375	20987	21594.5	1490.81
2.09375	22601	27713.1	1744.28
2.09375	24216	31846.5	1927.74
2.09375	25830	39886.9	2107.1
2.09375	27445	48247	2231.13
2.09375	29059	55822.8	1411.35
2.09375	30673	63634.1	1915.89
2.09375	32288	69542.8	1664.99
2.09375	33902	76737.5	1677.26
2.09375	35517	81534.8	997.128
2.09375	37131	85097	967.086
2.09375	38745	91904.4	1254.43
2.09375	40360	96907.7	938.857
2.09375	41974	100258	1137.15
2.09375	43589	104767	815.31
2.09375	45203	109666	1056.86
2.09375	46817	111088	1017.45
2.09375	48432	115852	1244.05
2.09375	50046	118496	870.507
2.09375	51661	122395	915.722
2.09375	53275	126217	1203.43
2.09375	54890	129376	1265.28
2.3125	3228	203411	1318.41
2.3125	4843	130424	2328.19
2.3125	6457	95668.5	1651.81
2.3125	8072	73372.4	1853.39
2.3125	9686	36709.7	2268.23
2.3125	11300	36797.8	1934.52
2.3125	12915	45754.5	1856.62
2.3125	14529	43981.7	1919.97
2.3125	16144	43479.3	2494.96
2.3125	17758	44152.8	3369.4
2.3125	19372	42733	2016.88
2.3125	20987	48752	1453.9
2.3125	22601	55995.9	1753.03
2.3125	24216	64798.3	1913.55
2.3125	25830	76478.7	1346.13
2.3125	27445	87239.2	1374.41
2.3125	29059	97347.5	842.473
2.3125	30673	103295	1043.88
2.3125	32288	110761	1054.78
2.3125	33902	118526	1390.86
2.3125	35517	123874	1111.6
2.3125	37131	130035	1541.83
2.3125	38745	137426	1165.28
2.3125	40360	142784	1429.03
2.3125	41974	148516	1026.16
2.3125	43589	155533	1328.25
2.3125	45203	160070	1337.83
2.3125	46817	164359	1341.99
2.3125	48432	171102	1264.27
2.3125	50046	175597	1133.37
2.3125	51661	178930	1102.64
2.3125	53275	183173	1243.13
2.3125	54890	189094	1079.94
2.53125	3228	300827	1571.87
2.53125	4843	219312	1734.57
2.53125	6457	175975	1861.39
2.53125	8072	137466	2052.07
2.53125	9686	85920	2006.6
2.53125	11300	87597.6	2260.12
2.53125	12915	99263.9	2220.07
2.53125	14529	105297	2532.53
2.53125	16144	97647.3	2885.6
2.53125	17758	92481.9	2804.07
2.53125	19372	85649.4	2111.21
2.53125	20987	90237.5	1776.68
2.53125	22601	99312.2	1258.71
2.53125	24216	107281	1458.68
2.53125	25830	118838	1046.63
2.53125	27445	127684	903.103
2.53125	29059	140019	1023.37
2.53125	30673	150091	1307.05
2.53125	32288	157885	1817.88
2.53125	33902	169072	1090.9
2.53125	35517	178343	1339.93
2.53125	37131	185402	1285.34
2.53125	38745	193543	1259.36
2.53125	40360	201250	1047.72
2.53125	41974	208789	1227.13
2.53125	43589	215043	916.976
2.53125	45203	221601	982.732
2.53125	46817	228735	1187.48
2.53125	48432	233905	1085.99
2.53125	50046	239512	1132.75
2.53125	51661	244232	994.285
2.53125	53275	249968	1283.29
2.53125	54890	256975	893.558
2.75	3228	429047	2272.34
2.75	4843	338130	2260.72
2.75	6457	284069	2251.22
2.75	8072	239717	1964.39
2.75	9686	168104	2227.06
2.75	11300	172630	2750.81
2.75	12915	191639	2747.95
2.75	14529	200243	2440.99
2.75	16144	176970	1865.45
2.75	17758	169575	3679.2
2.75	19372	149979	2222.82
2.75	20987	151236	2233.4
2.75	22601	156633	2025.3
2.75	24216	162123	1598.05
2.75	25830	172577	1592.06
2.75	27445	182548	1442.05
2.75	29059	195999	1145.27
2.75	30673	206389	1182.3
2.75	32288	218354	1608.27
2.75	33902	230370	1144.36
2.75	35517	239859	998.991
2.75	37131	248646	1180.37
2.75	38745	258102	1245.65
2.75	40360	267271	1186.76
2.75	41974	274570	1154.59
2.75	43589	284689	1490.65
2.75	45203	291990	1331.88
2.75	46817	299426	1237.16
2.75	48432	306689	1419.25
2.75	50046	313543	1280.77
2.75	51661	317954	1421.87
2.75	53275	327573	1295.05
2.75	54890	335225	1551.93
2.96875	3228	583282	1641.21
2.96875	4843	485915	2106.19
2.96875	6457	424234	2270.72
2.96875	8072	369547	2079.86
2.96875	9686	297300	2726.27
2.96875	11300	303396	3096.17
2.96875	12915	321418	3405.79
2.96875	14529	329495	2684.86
2.96875	16144	293984	2236.48
2.96875	17758	285774	2631.47
2.96875	19372	249942	2416.19
2.96875	20987	248622	2865.21
2.96875	22601	248986	2165.31
2.96875	24216	247976	1815.65
2.96875	25830	252051	1820.71
2.96875	27445	248980	1619.02
2.96875	29059	262094	1205.58
2.96875	30673	276008	1502.65
2.96875	32288	290552	1443.36
2.96875	33902	303751	1644.08
2.96875	35517	315585	1196.07
2.96875	37131	327427	1304.52
2.96875	38745	338504	1733.79
2.96875	40360	346237	1248.41
2.96875	41974	356984	1434.61
2.96875	43589	367570	1423.24
2.96875	45203	376945	1380.67
2.96875	46817	386814	1438.35
2.96875	48432	395426	1749.82
2.96875	50046	403687	1304.41
2.96875	51661	411856	1833.19
2.96875	53275	421149	1827.83
2.96875	54890	431700	1791.27
3	3228	610090	2216.97
3	4843	509100	1782.48
3	6457	446499	2629.47
3	8072	391927	2106.67
3	9686	316953	2513.43
3	11300	326647	2399.19
3	12915	345884	2281.18
3	14529	356051	2386.76
3	16144	314331	2214.49
3	17758	308615	3244.19
3	19372	269111	2274.91
3	20987	266024	2362.38
3	22601	265048	2769.8
3	24216	262016	2595.87
3	25830	266176	1865.16
3	27445	260108	1573.09
3	29059	274843	1661.85
3	30673	287298	1640.42
3	32288	302838	1631.82
3	33902	315558	1566.94
3	35517	327611	1325.53
3	37131	339781	1488.14
3	38745	351462	1599.98
3	40360	361776	1587.21
3	41974	368770	977.747
3	43589	379958	1578.36
3	45203	390687	1721.83
3	46817	401601	1452.11
3	48432	409262	1470.01
3	50046	417978	1797.84
3	51661	426942	2018.72
3	53275	438529	1766.43
3	54890	446969	1685.87
3.21875	3228	798850	2231.5
3.21875	4843	688673	2260.26
3.21875	6457	621896	2264.33
3.21875	8072	559998	2334.59
3.21875	9686	488155	3260.73
3.21875	11300	496449	2486.57
3.21875	12915	514959	1708.03
3.21875	14529	520079	3222.24
3.21875	16144	469479	2539.03
3.21875	17758	465300	2436.44
3.21875	19372	414172	1893.91
3.21875	20987	404922	3044.95
3.21875	22601	396754	2449.43
3.21875	24216	387909	2346.38
3.21875	25830	379320	2219.88
3.21875	27445	353274	1821.74
3.21875	29059	365761	1812.79
3.21875	30673	381458	1857.4
3.21875	32288	397316	2121.36
3.21875	33902	412386	1725.68
3.21875	35517	429103	1772.75
3.21875	37131	444797	1316.64
3.21875	38745	458145	1841.88
3.21875	40360	464502	1209.09
3.21875	41974	471547	1750.76
3.21875	43589	486238	2196.04
3.21875	45203	497367	1553.03
3.21875	46817	509278	2135.54
3.21875	48432	520034	1383.85
3.21875	50046	530741	1845.27
3.21875	51661	543210	2141.38
3.21875	53275	553314	1398.38
3.21875	54890	568371	1826.15
3.4375	3228	1.0143e+06	2184.68
3.4375	4843	899985	1662.62
3.4375	6457	825226	1667.54
3.4375	8072	762598	2474.45
3.4375	9686	687534	3371.51
3.4375	11300	696712	2756.56
3.4375	12915	709132	2145.7
3.4375	14529	709501	1959.13
3.4375	16144	652161	2151.34
3.4375	17758	646201	2516.92
3.4375	19372	587963	1845.15
3.4375	20987	577604	2159.18
3.4375	22601	562380	2567.17
3.4375	24216	537469	2075.86
3.4375	25830	522372	2237.57
3.4375	27445	479356	2131.02
3.4375	29059	485002	2017.52
3.4375	30673	501757	1976
3.4375	32288	520205	1652.22
3.4375	33902	541422	1899.45
3.4375	35517	555962	2355.78
3.4375	37131	570759	1942.06
3.4375	38745	587366	1802.41
3.4375	40360	593816	2276.61
3.4375	41974	600003	1525.14
3.4375	43589	616157	1501.36
3.4375	45203	626808	2081.22
3.4375	46817	638821	1682.38
3.4375	48432	650903	2099.57
3.4375	50046	664906	1944.53
3.4375	51661	678480	1889.92
3.4375	53275	692821	2104.92
3.4375	54890	706113	2236.36
3.65625	3228	1.25529e+06	2536.97
3.65625	4843	1.13951e+06	2118.47
3.65625	6457	1.05744e+06	2754.34
3.65625	8072	993375	2069.24
3.65625	9686	916300	2464.38
3.65625	11300	915948	2837.19
3.65625	12915	925267	2436.57
3.65625	14529	920782	2249.24
3.65625	16144	858485	1889.52
3.65625	17758	851552	2013.13
3.65625	19372	789448	2038.55
3.65625	20987	775661	2627.82
3.65625	22601	756331	2275.77
3.65625	24216	725471	2395.29
3.65625	25830	699672	2346
3.65625	27445	641420	2178.16
3.65625	29059	640189	2036.3
3.65625	30673	655960	1995.46
3.65625	32288	673911	2084.64
3.65625	33902	693991	2161.57
3.65625	35517	707373	2373.13
3.65625	37131	721896	2041.54
3.65625	38745	740260	2111.86
3.65625	40360	747233	2116.68
3.65625	41974	750216	1729.26
3.65625	43589	766768	2415.22
3.65625	45203	779745	1785.77
3.65625	46817	792564	2096.51
3.65625	48432	805211	1638.66
3.65625	50046	818408	1945.96
3.65625	51661	832830	2400.36
3.65625	53275	849562	1613.77
3.65625	54890	865788	1950.94
3.875	3228	1.51555e+06	2382.73
3.875	4843	1.39653e+06	2558.61
3.875	6457	1.31172e+06	1672.51
3.875	8072	1.24248e+06	2257.65
3.875	9686	1.1696e+06	2353.25
3.875	11300	1.16052e+06	1791.02
3.875	12915	1.1636e+06	2280.55
3.875	14529	1.15353e+06	2159.39
3.875	16144	1.08933e+06	2485.57
3.875	17758	1.08089e+06	2266.13
3.875	19372	1.01882e+06	3196.31
3.875	20987	1.00029e+06	2853.78
3.875	22601	980346	2600.64
3.875	24216	939424	1802.45
3.875	25830	906426	2478.81
3.875	27445	841043	2663.96
3.875	29059	829205	2802.11
3.875	30673	840608	2644.45
3.875	32288	855253	2510.95
3.875	33902	875077	2602.4
3.875	35517	884724	2336.28
3.875	37131	898803	2298.62
3.875	38745	914096	2414.43
3.875	40360	924287	2323.51
3.875	41974	927337	2080.25
3.875	43589	939585	2014.72
3.875	45203	956460	2160.99
3.875	46817	964952	2577.78
3.875	48432	978581	1863.77
3.875	50046	993704	2314.7
3.875	51661	1.00947e+06	1544.32
3.875	53275	1.02806e+06	2140.62
3.875	54890	1.04516e+06	2380.47
4.09375	3228	1.78883e+06	2330.72
4.09375	4843	1.66669e+06	2220.59
4.09375	6457	1.57997e+06	2129.49
4.09375	8072	1.51096e+06	2964.95
4.09375	9686	1.44206e+06	2349.22
4.09375	11300	1.42218e+06	2317.02
4.09375	12915	1.42022e+06	2462.47
4.09375	14529	1.40624e+06	2483.38
4.09375	16144	1.33978e+06	2910.15
4.09375	17758	1.32781e+06	2114.19
4.09375	19372	1.26908e+06	2629.27
4.09375	20987	1.25089e+06	2724.1
4.09375	22601	1.22464e+06	2894.98
4.09375	24216	1.18162e+06	2642.13
4.09375	25830	1.13954e+06	2621.04
4.09375	27445	1.07088e+06	2012.6
4.09375	29059	1.05098e+06	3051.89
4.09375	30673	1.05859e+06	2615.19
4.09375	32288	1.06635e+06	2321.08
4.09375	33902	1.08228e+06	1588.77
4.09375	35517	1.08675e+06	2522.11
4.09375	37131	1.09766e+06	2567.91
4.09375	38745	1.11337e+06	2413.28
4.09375	40360	1.12195e+06	2084.35
4.09375	41974	1.12423e+06	2545.84
4.09375	43589	1.13631e+06	2172.64
4.09375	45203	1.15388e+06	1709.78
4.09375	46817	1.16383e+06	2047.28
4.09375	48432	1.17522e+06	2347.03
4.09375	50046	1.18843e+06	1956.49
4.09375	51661	1.20707e+06	2389.08
4.09375	53275	1.22644e+06	2153.15
4.09375	54890	1.24407e+06	2394.43
4.3125	3228	2.06714e+06	2646.75
4.3125	4843	1.94841e+06	2600.26
4.3125	6457	1.8583e+06	2767.54
4.3125	8072	1.79113e+06	2882.27
4.3125	9686	1.71968e+06	2153.3
4.3125	11300	1.69437e+06	2763.27
4.3125	12915	1.6856e+06	1910.32
4.3125	14529	1.66671e+06	2387.1
4.3125	16144	1.6043e+06	1868.25
4.3125	17758	1.59075e+06	2402.69
4.3125	19372	1.53565e+06	2758.94
4.3125	20987	1.51099e+06	2711.23
4.3125	22601	1.48599e+06	3129.98
4.3125	24216	1.44408e+06	2358.59
4.3125	25830	1.39417e+06	2618.6
4.3125	27445	1.32296e+06	3015.33
4.3125	29059	1.30212e+06	2957.56
4.3125	30673	1.29905e+06	2264.01
4.3125	32288	1.30365e+06	2032.19
4.3125	33902	1.31232e+06	2444.29
4.3125	35517	1.31193e+06	2766.18
4.3125	37131	1.31982e+06	2001.6
4.3125	38745	1.33268e+06	2806.48
4.3125	40360	1.3391e+06	2607.71
4.3125	41974	1.34224e+06	1923.12
4.3125	43589	1.35096e+06	3046.48
4.3125	45203	1.36753e+06	2744.25
4.3125	46817	1.37706e+06	2821.35
4.3125	48432	1.3854e+06	2414.66
4.3125	50046	1.40218e+06	2641.98
4.3125	51661	1.41987e+06	2459.33
4.3125	53275	1.44048e+06	1864.62
4.3125	54890	1.46191e+06	1813.47
4.53125	3228	2.3457e+06	2890.2
4.53125	4843	2.22615e+06	2301.57
4.53125	6457	2.13875e+06	2201.71
4.53125	8072	2.0676e+06	2587.67
4.53125	9686	1.999e+06	2198.73
4.53125	11300	1.96918e+06	1854.53
4.53125	12915	1.95585e+06	2646.64
4.53125	14529	1.93348e+06	2292.62
4.53125	16144	1.87108e+06	2148.26
4.53125	17758	1.85684e+06	2976.84
4.53125	19372	1.80383e+06	2655.51
4.53125	20987	1.7843e+06	2281.6
4.53125	22601	1.75639e+06	3293.92
4.53125	24216	1.71002e+06	2484.68
4.53125	25830	1.65782e+06	2368.56
4.53125	27445	1.59516e+06	3197.36
4.53125	29059	1.56485e+06	2746.96
4.53125	30673	1.55544e+06	3184.07
4.53125	32288	1.5557e+06	2968.24
4.53125	33902	1.55837e+06	2191.2
4.53125	35517	1.55042e+06	2822.79
4.53125	37131	1.55896e+06	2795.52
4.53125	38745	1.56589e+06	2238.38
4.53125	40360	1.5724e+06	2117.43
4.53125	41974	1.57539e+06	2543.39
4.53125	43589	1.58271e+06	2576.01
4.53125	45203	1.59556e+06	2472.98
4.53125	46817	1.60552e+06	2430.09
4.53125	48432	1.61362e+06	2322.43
4.53125	50046	1.63127e+06	2337.33
4.53125	51661	1.6477e+06	2085.46
4.53125	53275	1.66893e+06	1907.5
4.53125	54890	1.68993e+06	2043.12
4.75	3228	2.61528e+06	1993.18
4.75	4843	2.49851e+06	1826.3
4.75	6457	2.41436e+06	2018.64
4.75	8072	2.34231e+06	2776.57
4.75	9686	2.27823e+06	2985.08
4.75	11300	2.24126e+06	2486.92
4.75	12915	2.22179e+06	2112.17
4.75	14529	2.19833e+06	2455.09
4.75	16144	2.14097e+06	2726.4
4.75	17758	2.12288e+06	1973.5
4.75	19372	2.07716e+06	1476.66
4.75	20987	2.05561e+06	2268.56
4.75	22601	2.02767e+06	2104.82
4.75	24216	1.98299e+06	3050.81
4.75	25830	1.9274e+06	2545.48
4.75	27445	1.86667e+06	2620.18
4.75	29059	1.8351e+06	2582.03
4.75	30673	1.82203e+06	3226.77
4.75	32288	1.81599e+06	2277.32
4.75	33902	1.81397e+06	2111.12
4.75	35517	1.80067e+06	3456.77
4.75	37131	1.80337e+06	2819.47
4.75	38745	1.8118e+06	2264.12
4.75	40360	1.81523e+06	2654.95
4.75	41974	1.81715e+06	2441.93
4.75	43589	1.82406e+06	2785.72
4.75	45203	1.83382e+06	2228.19
4.75	46817	1.84231e+06	2064.19
4.75	48432	1.8532e+06	2793.08
4.75	50046	1.86837e+06	2080.41
4.75	51661	1.88719e+06	2701.75
4.75	53275	1.90576e+06	2371.7
4.75	54890	1.93058e+06	1850.73
4.96875	3228	2.87427e+06	2309.1
4.96875	4843	2.76298e+06	1989.41
4.96875	6457	2.67499e+06	1817.3
4.96875	8072	2.60754e+06	2616.23
4.96875	9686	2.54931e+06	2215.84
4.96875	11300	2.50417e+06	2675.96
4.96875	12915	2.48339e+06	1966.87
4.96875	14529	2.46038e+06	2470.59
4.96875	16144	2.4018e+06	2296.35
4.96875	17758	2.38784e+06	1935.79
4.96875	19372	2.344e+06	2524.43
4.96875	20987	2.32097e+06	2728.06
4.96875	22601	2.2924e+06	2184.28
4.96875	24216	2.25108e+06	2261.02
4.96875	25830	2.19337e+06	2757.81
4.96875	27445	2.13637e+06	2860.58
4.96875	29059	2.10349e+06	3037.9
4.96875	30673	2.08927e+06	2104.22
4.96875	32288	2.081e+06	1959.94
4.96875	33902	2.07293e+06	2472.28
4.96875	35517	2.05736e+06	2742.33
4.96875	37131	2.05565e+06	2036.28
4.96875	38745	2.05918e+06	2336.54
4.96875	40360	2.06462e+06	2486
4.96875	41974	2.06523e+06	1764.46
4.96875	43589	2.06514e+06	2941.63
4.96875	45203	2.08013e+06	2210.22
4.96875	46817	2.0839e+06	2046.41
4.96875	48432	2.09648e+06	1933.87
4.96875	50046	2.11311e+06	2837.82
4.96875	51661	2.12594e+06	2221
4.96875	53275	2.14556e+06	2613.57
4.96875	54890	2.16738e+06	2115.07
5	3228	2.91093e+06	1850.97
5	4843	2.79852e+06	1924.15
5	6457	2.71163e+06	2054.72
5	8072	2.64717e+06	1921.95
5	9686	2.58418e+06	2217.69
5	11300	2.54322e+06	2358.3
5	12915	2.51832e+06	1806.04
5	14529	2.49362e+06	2347.92
5	16144	2.43897e+06	2532.72
5	17758	2.42462e+06	2495.43
5	19372	2.38018e+06	1700.78
5	20987	2.35726e+06	2725.72
5	22601	2.32978e+06	2374.83
5	24216	2.28953e+06	2299.87
5	25830	2.23372e+06	2275.36
5	27445	2.17656e+06	2471.71
5	29059	2.14098e+06	2210.24
5	30673	2.12379e+06	2206.9
5	32288	2.11775e+06	2712.33
5	33902	2.1085e+06	2424.63
5	35517	2.09622e+06	2514.9
5	37131	2.09053e+06	2152.57
5	38745	2.09534e+06	2347.69
5	40360	2.09837e+06	2024.66
5	41974	2.09948e+06	2638.97
5	43589	2.10075e+06	2240.25
5	45203	2.11382e+06	2117.76
5	46817	2.12102e+06	1894.99
5	48432	2.1299e+06	2549.69
5	50046	2.14262e+06	3248.88
5	51661	2.16303e+06	1899.11
5	53275	2.18037e+06	1907.07
5	54890	2.20377e+06	2177.22
5.21875	3228	3.15751e+06	1393.23
5.21875	4843	3.04979e+06	1586.7
5.21875	6457	2.96637e+06	1925.96
5.21875	8072	2.89857e+06	1982.65
5.21875	9686	2.83726e+06	2039.9
5.21875	11300	2.79487e+06	1867.21
5.21875	12915	2.77021e+06	1789.52
5.21875	14529	2.74422e+06	2200.15
5.21875	16144	2.69191e+06	2182.54
5.21875	17758	2.67521e+06	2247.4
5.21875	19372	2.63865e+06	1995.62
5.21875	20987	2.61588e+06	2254.35
5.21875	22601	2.5868e+06	2630.23
5.21875	24216	2.54983e+06	1966.65
5.21875	25830	2.49271e+06	2145.55
5.21875	27445	2.44193e+06	2019.07
5.21875	29059	2.4063e+06	1749.66
5.21875	30673	2.38741e+06	2473.16
5.21875	32288	2.37426e+06	2604.87
5.21875	33902	2.36429e+06	2553.49
5.21875	35517	2.34768e+06	2471.58
5.21875	37131	2.34271e+06	3080.98
5.21875	38745	2.34435e+06	2896.8
5.21875	40360	2.34654e+06	1804.99
5.21875	41974	2.3482e+06	1894.45
5.21875	43589	2.34832e+06	2210.19
5.21875	45203	2.35699e+06	2988.77
5.21875	46817	2.36337e+06	2364.14
5.21875	48432	2.37409e+06	2445.95
5.21875	50046	2.38723e+06	2211.64
5.21875	51661	2.40151e+06	2041.42
5.21875	53275	2.42033e+06	2430.08
5.21875	54890	2.44053e+06	2422.18
5.4375	3228	3.38954e+06	1520.07
5.4375	4843	3.28427e+06	1761.89
5.4375	6457	3.20577e+06	1939.36
5.4375	8072	3.14196e+06	2036.93
5.4375	9686	3.08159e+06	1394.86
5.4375	11300	3.03879e+06	1712.07
5.4375	12915	3.00755e+06	1936.35
5.4375	14529	2.98422e+06	1871.81
5.4375	16144	2.9351e+06	2402.67
5.4375	17758	2.91544e+06	2164
5.4375	19372	2.88398e+06	2195.84
5.4375	20987	2.86087e+06	2005.71
5.4375	22601	2.83401e+06	1922.02
5.4375	24216	2.79785e+06	2377.63
5.4375	25830	2.74358e+06	1994.95
5.4375	27445	2.69558e+06	2532.38
5.4375	29059	2.66317e+06	2666.28
5.4375	30673	2.64366e+06	2278.86
5.4375	32288	2.62856e+06	2332.91
5.4375	33902	2.61611e+06	2930.53
5.4375	35517	2.59738e+06	2786.63
5.4375	37131	2.59319e+06	2175.21
5.4375	38745	2.58979e+06	2834.26
5.4375	40360	2.59128e+06	2575.68
5.4375	41974	2.58915e+06	2798.6
5.4375	43589	2.58828e+06	1736.86
5.4375	45203	2.59349e+06	2265.67
5.4375	46817	2.60067e+06	2119.91
5.4375	48432	2.6093e+06	1439.73
5.4375	50046	2.62076e+06	1969.59
5.4375	51661	2.63756e+06	1888.72
5.4375	53275	2.65227e+06	1989.79
5.4375	54890	2.67434e+06	1541.31
5.65625	3228	3.60896e+06	2135.18
5.65625	4843	3.50531e+06	1517.53
5.65625	6457	3.42991e+06	1722.15
5.65625	8072	3.36736e+06	1578.42
5.65625	9686	3.31148e+06	1918.91
5.65625	11300	3.26494e+06	1168.23
5.65625	12915	3.23746e+06	2045.36
5.65625	14529	3.21153e+06	2045.56
5.65625	16144	3.16499e+06	1951.09
5.65625	17758	3.14801e+06	1877.35
5.65625	19372	3.11795e+06	2248.62
5.65625	20987	3.09854e+06	1429.11
5.65625	22601	3.07265e+06	2262.27
5.65625	24216	3.03599e+06	1788.1
5.65625	25830	2.9833e+06	2227.09
5.65625	27445	2.93902e+06	1475.08
5.65625	29059	2.90625e+06	2388.07
5.65625	30673	2.8849e+06	2061.31
5.65625	32288	2.86998e+06	2184.01
5.65625	33902	2.85814e+06	1980.01
5.65625	35517	2.83703e+06	2182.28
5.65625	37131	2.82952e+06	1958.58
5.65625	38745	2.82985e+06	1504.56
5.65625	40360	2.8225e+06	1816.35
5.65625	41974	2.82402e+06	2192.45
5.65625	43589	2.82091e+06	2132.15
5.65625	45203	2.82653e+06	2177.52
5.65625	46817	2.83286e+06	1656.79
5.65625	48432	2.83831e+06	2052.63
5.65625	50046	2.85145e+06	2291.06
5.65625	51661	2.86641e+06	2002.69
5.65625	53275	2.87865e+06	1776.69
5.65625	54890	2.90023e+06	1672.55
5.875	3228	3.81475e+06	1482.61
5.875	4843	3.71864e+06	1786.07
5.875	6457	3.64221e+06	1649.33
5.875	8072	3.57996e+06	1859.42
5.875	9686	3.52663e+06	2239
5.875	11300	3.48203e+06	1816.32
5.875	12915	3.45333e+06	1875.87
5.875	14529	3.42739e+06	1893.27
5.875	16144	3.38491e+06	1789.61
5.875	17758	3.36555e+06	1895.24
5.875	19372	3.33646e+06	1730.73
5.875	20987	3.31993e+06	2480.78
5.875	22601	3.29436e+06	1685.1
5.875	24216	3.2624e+06	2669.6
5.875	25830	3.21249e+06	1836.37
5.875	27445	3.17172e+06	2132.91
5.875	29059	3.14142e+06	2050.94
5.875	30673	3.11928e+06	1939.28
5.875	32288	3.10165e+06	1826.2
5.875	33902	3.08777e+06	2029.09
5.875	35517	3.06918e+06	2144.48
5.875	37131	3.06054e+06	2098.04
5.875	38745	3.05625e+06	1990.86
5.875	40360	3.05349e+06	1910.32
5.875	41974	3.05181e+06	2148.91
5.875	43589	3.04736e+06	2171.29
5.875	45203	3.05106e+06	1878.45
5.875	46817	3.05618e+06	2383.99
5.875	48432	3.0608e+06	2383.21
5.875	50046	3.07284e+06	1864.69
5.875	51661	3.08387e+06	1703.31
5.875	53275	3.09724e+06	1789.39
5.875	54890	3.11725e+06	2135.59
6.09375	3228	4.00764e+06	1770.14
6.09375	4843	3.91316e+06	1531.04
6.09375	6457	3.84084e+06	1333.03
6.09375	8072	3.7796e+06	1932.37
6.09375	9686	3.73133e+06	1543.7
6.09375	11300	3.68398e+06	1674.96
6.09375	12915	3.65466e+06	2048.8
6.09375	14529	3.62888e+06	1529.06
6.09375	16144	3.58918e+06	1800.89
6.09375	17758	3.57147e+06	1674.26
6.09375	19372	3.54759e+06	1821.14
6.09375	20987	3.52846e+06	2048.38
6.09375	22601	3.50561e+06	1842.95
6.09375	24216	3.47431e+06	1966.5
6.09375	25830	3.4282e+06	1828.88
6.09375	27445	3.39136e+06	1643.72
6.09375	29059	3.36131e+06	2226.59
6.09375	30673	3.34088e+06	1563.11
6.09375	32288	3.32277e+06	1815.74
6.09375	33902	3.30727e+06	1884.2
6.09375	35517	3.28923e+06	1704.22
6.09375	37131	3.279e+06	1943.94
6.09375	38745	3.27538e+06	1104.2
6.09375	40360	3.27077e+06	1825.9
6.09375	41974	3.26774e+06	1904.4
6.09375	43589	3.26176e+06	1707.5
6.09375	45203	3.26395e+06	1491.72
6.09375	46817	3.27057e+06	2128.76
6.09375	48432	3.27347e+06	1526.99
6.09375	50046	3.28413e+06	1775.5
6.09375	51661	3.29306e+06	1820.46
6.09375	53275	3.30442e+06	1559.46
6.09375	54890	3.32145e+06	1747.2
6.3125	3228	4.18598e+06	1599.57
6.3125	4843	4.09528e+06	1737.13
6.3125	6457	4.02723e+06	1498
6.3125	8072	3.96914e+06	1560.41
6.3125	9686	3.92274e+06	1969.26
6.3125	11300	3.8768e+06	1602.69
6.3125	12915	3.8453e+06	1424.21
6.3125	14529	3.8215e+06	1889.18
6.3125	16144	3.78332e+06	1567.86
6.3125	17758	3.76484e+06	1483.04
6.3125	19372	3.74243e+06	1658.65
6.3125	20987	3.72491e+06	1632.96
6.3125	22601	3.7033e+06	1527.84
6.3125	24216	3.67651e+06	1495.74
6.3125	25830	3.63227e+06	1954.86
6.3125	27445	3.59693e+06	2106.38
6.3125	29059	3.5702e+06	1874.31
6.3125	30673	3.54916e+06	1333.93
6.3125	32288	3.53112e+06	1792.07
6.3125	33902	3.51599e+06	2347.14
6.3125	35517	3.50049e+06	1843.64
6.3125	37131	3.4868e+06	1792.65
6.3125	38745	3.48143e+06	1391.19
6.3125	40360	3.47801e+06	1539.81
6.3125	41974	3.47261e+06	2500.55
6.3125	43589	3.46946e+06	1714.48
6.3125	45203	3.46763e+06	1807.11
6.3125	46817	3.47362e+06	2062.09
6.3125	48432	3.47731e+06	1718.41
6.3125	50046	3.48395e+06	1579.86
6.3125	51661	3.49363e+06	2147.31
6.3125	53275	3.50309e+06	2143.36
6.3125	54890	3.52171e+06	2002.55
6.53125	3228	4.35473e+06	1517.18
6.53125	4843	4.26985e+06	1179.64
6.53125	6457	4.20216e+06	1177.02
6.53125	8072	4.14527e+06	1374.57
6.53125	9686	4.09891e+06	1516.34
6.53125	11300	4.05555e+06	1672.44
6.53125	12915	4.02405e+06	1773.64
6.53125	14529	4.00057e+06	1658.8
6.53125	16144	3.96543e+06	1243
6.53125	17758	3.94891e+06	1847.09
6.53125	19372	3.92906e+06	1949.32
6.53125	20987	3.91264e+06	1579.17
6.53125	22601	3.89066e+06	1075.31
6.53125	24216	3.86488e+06	1232.19
6.53125	25830	3.82144e+06	1616.12
6.53125	27445	3.79131e+06	1848.01
6.53125	29059	3.76622e+06	1935.75
6.53125	30673	3.7458e+06	1150.78
6.53125	32288	3.72968e+06	1731.5
6.53125	33902	3.71291e+06	1806.63
6.53125	35517	3.69392e+06	2349.45
6.53125	37131	3.6838e+06	1647
6.53125	38745	3.67938e+06	2045.91
6.53125	40360	3.6734e+06	1263.07
6.53125	41974	3.6695e+06	1805.26
6.53125	43589	3.66355e+06	2420.84
6.53125	45203	3.66107e+06	1748.49
6.53125	46817	3.66632e+06	1689.15
6.53125	48432	3.66906e+06	1767.81
6.53125	50046	3.67733e+06	1911.83
6.53125	51661	3.68478e+06	1498.66
6.53125	53275	3.69076e+06	1360.58
6.53125	54890	3.70963e+06	1534.4
6.75	3228	4.51207e+06	1235.92
6.75	4843	4.43066e+06	1334.3
6.75	6457	4.36482e+06	1528.48
6.75	8072	4.30987e+06	1437.03
6.75	9686	4.26792e+06	1319.85
6.75	11300	4.22346e+06	1524.17
6.75	12915	4.19176e+06	1764.93
6.75	14529	4.16946e+06	1485.89
6.75	16144	4.13814e+06	1575.01
6.75	17758	4.12021e+06	1925.66
6.75	19372	4.10388e+06	1604.07
6.75	20987	4.08698e+06	1465.26
6.75	22601	4.0675e+06	1825.56
6.75	24216	4.04247e+06	1450.12
6.75	25830	4.00239e+06	1750.62
6.75	27445	3.97398e+06	1865.8
6.75	29059	3.94789e+06	1695.36
6.75	30673	3.93101e+06	1978.27
6.75	32288	3.91483e+06	1740.41
6.75	33902	3.89806e+06	1393.81
6.75	35517	3.88096e+06	1916.66
6.75	37131	3.87141e+06	1221.14
6.75	38745	3.86325e+06	1824.96
6.75	40360	3.85765e+06	1442.58
6.75	41974	3.85339e+06	1719.51
6.75	43589	3.84744e+06	1620.97
6.75	45203	3.8461e+06	1596.27
6.75	46817	3.84921e+06	1525.65
6.75	48432	3.85191e+06	1850.17
6.75	50046	3.8573e+06	1569.96
6.75	51661	3.8634e+06	1132.29
6.75	53275	3.86967e+06	1488.84
6.75	54890	3.88567e+06	1593.83
6.96875	3228	4.65768e+06	1408.78
6.96875	4843	4.57985e+06	1403.93
6.96875	6457	4.5174e+06	1275.23
6.96875	8072	4.46353e+06	1415.8
6.96875	9686	4.42266e+06	1442.64
6.96875	11300	4.38106e+06	1186.47
6.96875	12915	4.34963e+06	1276.09
6.96875	14529	4.32682e+06	1531.81
6.96875	16144	4.29728e+06	1112.31
6.96875	17758	4.2807e+06	1788.96
6.96875	19372	4.26389e+06	1586.86
6.96875	20987	4.24986e+06	1397.37
6.96875	22601	4.22947e+06	1332.6
6.96875	24216	4.20882e+06	1854.33
6.96875	25830	4.17085e+06	1758.79
6.96875	27445	4.14547e+06	1996.6
6.96875	29059	4.12241e+06	1432.67
6.96875	30673	4.10403e+06	1512.87
6.96875	32288	4.08755e+06	2115.27
6.96875	33902	4.07228e+06	1935.29
6.96875	35517	4.05559e+06	1596.36
6.96875	37131	4.04476e+06	1518.34
6.96875	38745	4.03661e+06	1552.32
6.96875	40360	4.03297e+06	1563.08
6.96875	41974	4.02714e+06	1623.42
6.96875	43589	4.02088e+06	2290.73
6.96875	45203	4.01866e+06	1500.72
6.96875	46817	4.02013e+06	1433.96
6.96875	48432	4.02111e+06	1504.14
6.96875	50046	4.02685e+06	1534.94
6.96875	51661	4.03309e+06	1471.11
6.96875	53275	4.03748e+06	1360.72
6.96875	54890	4.0532e+06	1464.17
7	3228	4.67867e+06	1484.84
7	4843	4.60114e+06	1428.61
7	6457	4.53695e+06	1487.68
7	8072	4.48488e+06	1424.34
7	9686	4.444e+06	1303.93
7	11300	4.40221e+06	1068.1
7	12915	4.37061e+06	1478.58
7	14529	4.3503e+06	1204.91
7	16144	4.31972e+06	1444.54
7	17758	4.30072e+06	1404.57
7	19372	4.28674e+06	1364.83
7	20987	4.27304e+06	1506.74
7	22601	4.25301e+06	1549.97
7	24216	4.23209e+06	1708.65
7	25830	4.19434e+06	1757.09
7	27445	4.16879e+06	1263.92
7	29059	4.1471e+06	1366.62
7	30673	4.12722e+06	1944.75
7	32288	4.11163e+06	1887.15
7	33902	4.09646e+06	1737.48
7	35517	4.08047e+06	1894.63
7	37131	4.06853e+06	1617.13
7	38745	4.06215e+06	1800.96
7	40360	4.0557e+06	1527.92
7	41974	4.05155e+06	1799.1
7	43589	4.04477e+06	1775.58
7	45203	4.04137e+06	1249.12
7	46817	4.04336e+06	1559.89
7	48432	4.04658e+06	1514.11
7	50046	4.0505e+06	1409.4
7	51661	4.05637e+06	1023.71
7	53275	4.06231e+06	1784.19
7	54890	4.07525e+06	1543.18
7.21875	3228	4.81409e+06	1025.57
7.21875	4843	4.73808e+06	1127.79
7.21875	6457	4.67778e+06	1494.55
7.21875	8072	4.62633e+06	1448.23
7.21875	9686	4.58881e+06	1550.16
7.21875	11300	4.54842e+06	1622.65
7.21875	12915	4.51903e+06	1367.53
7.21875	14529	4.49596e+06	1271.82
7.21875	16144	4.4682e+06	1226.3
7.21875	17758	4.45161e+06	1210.32
7.21875	19372	4.43831e+06	1243.55
7.21875	20987	4.4237e+06	1438.99
7.21875	22601	4.40732e+06	1296.6
7.21875	24216	4.38632e+06	1162.13
7.21875	25830	4.35139e+06	1245.47
7.21875	27445	4.32712e+06	1702.43
7.21875	29059	4.30771e+06	1181.94
7.21875	30673	4.28999e+06	1280.38
7.21875	32288	4.27365e+06	1444.37
7.21875	33902	4.25795e+06	1293.09
7.21875	35517	4.24387e+06	1484.87
7.21875	37131	4.23243e+06	1848.17
7.21875	38745	4.22401e+06	1608.2
7.21875	40360	4.2184e+06	1914.16
7.21875	41974	4.21454e+06	1634.7
7.21875	43589	4.20796e+06	1719.85
7.21875	45203	4.20395e+06	1733.73
7.21875	46817	4.20357e+06	1465.92
7.21875	48432	4.20678e+06	1432.29
7.21875	50046	4.20971e+06	1535.66
7.21875	51661	4.21616e+06	1584.42
7.21875	53275	4.21975e+06	1374.65
7.21875	54890	4.23167e+06	1178.71
7.4375	3228	4.9399e+06	1136
7.4375	4843	4.86785e+06	1182.98
7.4375	6457	4.81038e+06	1600.17
7.4375	8072	4.76241e+06	1166.48
7.4375	9686	4.72484e+06	1218.79
7.4375	11300	4.68443e+06	1490.87
7.4375	12915	4.65474e+06	1340.03
7.4375	14529	4.63474e+06	1377.5
7.4375	16144	4.6078e+06	1025.5
7.4375	17758	4.59262e+06	1637.3
7.4375	19372	4.58033e+06	1383.27
7.4375	20987	4.56846e+06	1047.49
7.4375	22601	4.55092e+06	1048.4
7.4375	24216	4.53184e+06	1749.94
7.4375	25830	4.4996e+06	1728.32
7.4375	27445	4.4769e+06	1438.84
7.4375	29059	4.45819e+06	1716.28
7.4375	30673	4.441e+06	1817.15
7.4375	32288	4.4259e+06	1627.61
7.4375	33902	4.41015e+06	1448.53
7.4375	35517	4.39717e+06	1518.31
7.4375	37131	4.38697e+06	1346.53
7.4375	38745	4.37893e+06	1684.53
7.4375	40360	4.37223e+06	1486.37
7.4375	41974	4.36493e+06	1180.7
7.4375	43589	4.35939e+06	1463.52
7.4375	45203	4.3558e+06	1378.03
7.4375	46817	4.35709e+06	1466.01
7.4375	48432	4.35824e+06	1529.52
7.4375	50046	4.36068e+06	1137.31
7.4375	51661	4.36342e+06	1389.38
7.4375	53275	4.36757e+06	1340.68
7.4375	54890	4.3795e+06	1649.95
7.65625	3228	5.05793e+06	1139.08
7.65625	4843	4.99161e+06	1169.49
7.65625	6457	4.93422e+06	1246.75
7.65625	8072	4.88648e+06	964.485
7.65625	9686	4.85112e+06	1076.47
7.65625	11300	4.81297e+06	1321.7
7.65625	12915	4.78367e+06	1254.2
7.65625	14529	4.76386e+06	979.16
7.65625	16144	4.73947e+06	1171.43
7.65625	17758	4.72502e+06	1043.61
7.65625	19372	4.71303e+06	1557.8
7.65625	20987	4.70162e+06	973.807
7.65625	22601	4.68444e+06	1202.52
7.65625	24216	4.66732e+06	1232.26
7.65625	25830	4.6381e+06	1123.16
7.65625	27445	4.61625e+06	1174.71
7.65625	29059	4.59904e+06	1306.3
7.65625	30673	4.58349e+06	1260.68
7.65625	32288	4.56899e+06	1469.66
7.65625	33902	4.55334e+06	1683.24
7.65625	35517	4.53945e+06	1322.35
7.65625	37131	4.52916e+06	1473.7
7.65625	38745	4.5222e+06	1293.19
7.65625	40360	4.5158e+06	1686.83
7.65625	41974	4.51168e+06	1331.18
7.65625	43589	4.50351e+06	1473.95
7.65625	45203	4.4988e+06	1750.07
7.65625	46817	4.50074e+06	1680.9
7.65625	48432	4.50045e+06	1424.66
7.65625	50046	4.50226e+06	930.239
7.65625	51661	4.50451e+06	1693.94
7.65625	53275	4.50831e+06	1391.32
7.65625	54890	4.51882e+06	1342.14
7.875	3228	5.16906e+06	671.281
7.875	4843	5.10429e+06	1002.55
7.875	6457	5.04939e+06	1456.37
7.875	8072	5.00305e+06	1150.37
7.875	9686	4.97036e+06	1136.52
7.875	11300	4.93397e+06	933.942
7.875	12915	4.9055e+06	928.877
7.875	14529	4.88514e+06	1042.67
7.875	16144	4.8628e+06	1396.21
7.875	17758	4.8483e+06	1429.79
7.875	19372	4.83737e+06	1064.78
7.875	20987	4.82675e+06	882.141
7.875	22601	4.81172e+06	1257.17
7.875	24216	4.79465e+06	770.574
7.875	25830	4.7669e+06	1392
7.875	27445	4.74935e+06	1472.11
7.875	29059	4.73162e+06	1707.37
7.875	30673	4.71629e+06	1131.4
7.875	32288	4.70207e+06	1207.68
7.875	33902	4.6888e+06	1221.38
7.875	35517	4.67605e+06	1435.47
7.875	37131	4.66539e+06	1496.68
7.875	38745	4.65705e+06	1168.98
7.875	40360	4.65102e+06	1186.74
7.875	41974	4.64681e+06	896.998
7.875	43589	4.63798e+06	1447.87
7.875	45203	4.63452e+06	1559.53
7.875	46817	4.63422e+06	1387.56
7.875	48432	4.63296e+06	1182.29
7.875	50046	4.63488e+06	1363.52
7.875	51661	4.63633e+06	1682.89
7.875	53275	4.63985e+06	1759.67
7.875	54890	4.64904e+06	1490.47