beta	population	links	attackRate	error
1	320647	3383	2642.88	21.5891
1	549654	5075	2607.79	22.118
1	747440	6766	2589.88	19.5667
1	961081	8458	2608.58	22.7315
1	1.21668e+06	10150	2591.33	23.0011
1	1.40578e+06	11841	2612.54	20.6671
1	1.57934e+06	13533	2609.58	23.1375
1	1.83623e+06	15225	2595.75	22.1316
1	2.05858e+06	16916	2606.54	25.8878
1	2.33126e+06	18608	2594	21.8218
1	2.63366e+06	20300	2602.5	18.4921
1	2.88785e+06	21991	2609.33	17.8083
1	3.06082e+06	23683	2595.38	21.0338
1	3.30626e+06	25375	2618	21.6589
1	3.50389e+06	27066	2611.46	21.6328
1	3.79999e+06	28758	2645.42	25.1382
1	4.02734e+06	30450	2619.88	24.0019
1	4.23921e+06	32141	2603.46	22.4707
1	4.45972e+06	33833	2613.83	23.6824
1	4.66174e+06	35525	2602.96	24.3323
1	4.82206e+06	37216	2597.79	25.0756
1	5.05282e+06	38908	2607.12	24.5716
1	5.35506e+06	40600	2623.46	20.6634
1	5.53195e+06	42291	2626.92	22.2137
1	5.68707e+06	43983	2620.58	22.2797
1	5.84476e+06	45675	2612.83	16.9981
1	5.98567e+06	47366	2602.5	22.5261
1	6.13119e+06	49058	2628.75	22.5367
1	6.21772e+06	50750	2605.08	18.6622
1	6.26408e+06	52441	2598.5	24.7363
1	6.30383e+06	54133	2635.08	22.7462
1	6.35252e+06	55825	2618.5	19.9516
1	6.43541e+06	57517	2626.5	23.0336
1.25	320647	3383	2617.88	24.4355
1.25	549654	5075	2593.58	23.179
1.25	747440	6766	2600.88	20.1978
1.25	961081	8458	2606.83	17.6371
1.25	1.21668e+06	10150	2619.25	17.2906
1.25	1.40578e+06	11841	2602.08	22.1129
1.25	1.57934e+06	13533	2629.71	24.2517
1.25	1.83623e+06	15225	2617.62	20.1704
1.25	2.05858e+06	16916	2626.83	26.6977
1.25	2.33126e+06	18608	2630.04	22.9401
1.25	2.63366e+06	20300	2633.75	21.6088
1.25	2.88785e+06	21991	2626.79	19.8073
1.25	3.06082e+06	23683	2602.88	21.8528
1.25	3.30626e+06	25375	2655.58	33.2194
1.25	3.50389e+06	27066	2624.12	20.4845
1.25	3.79999e+06	28758	2635.75	36.6624
1.25	4.02734e+06	30450	2709.21	58.3354
1.25	4.23921e+06	32141	2658.12	39.5892
1.25	4.45972e+06	33833	2672.96	53.342
1.25	4.66174e+06	35525	2676.42	71.6549
1.25	4.82206e+06	37216	2691.12	58.9795
1.25	5.05282e+06	38908	2625.96	21.4397
1.25	5.35506e+06	40600	2743.62	101.059
1.25	5.53195e+06	42291	2638.62	63.44
1.25	5.68707e+06	43983	2798.17	147.633
1.25	5.84476e+06	45675	2673.54	81.549
1.25	5.98567e+06	47366	2722.04	120.775
1.25	6.13119e+06	49058	2788.75	143.874
1.25	6.21772e+06	50750	2780.71	127.904
1.25	6.26408e+06	52441	2823.54	148.617
1.25	6.30383e+06	54133	2717.62	101.035
1.25	6.35252e+06	55825	2701.38	111.471
1.25	6.43541e+06	57517	2818.96	173.652
1.5	320647	3383	2617.42	20.4643
1.5	549654	5075	2594.25	19.6844
1.5	747440	6766	2611.21	20.6161
1.5	961081	8458	2604	16.5695
1.5	1.21668e+06	10150	2617.54	25.0225
1.5	1.40578e+06	11841	2620.88	21.9583
1.5	1.57934e+06	13533	2634.67	29.1016
1.5	1.83623e+06	15225	2647.88	36.3463
1.5	2.05858e+06	16916	2636.79	23.5005
1.5	2.33126e+06	18608	2676.62	44.2051
1.5	2.63366e+06	20300	2660.54	50.4142
1.5	2.88785e+06	21991	2715.5	112.796
1.5	3.06082e+06	23683	2836.75	157.237
1.5	3.30626e+06	25375	2921.42	225.214
1.5	3.50389e+06	27066	3015.21	272.586
1.5	3.79999e+06	28758	3428.96	319.554
1.5	4.02734e+06	30450	3364.33	351.076
1.5	4.23921e+06	32141	3193.25	351.613
1.5	4.45972e+06	33833	3306.33	375.617
1.5	4.66174e+06	35525	3226.75	385.405
1.5	4.82206e+06	37216	3559.67	428.488
1.5	5.05282e+06	38908	3319.08	402.162
1.5	5.35506e+06	40600	3553.33	487.559
1.5	5.53195e+06	42291	3742.12	505.212
1.5	5.68707e+06	43983	3704.42	498.958
1.5	5.84476e+06	45675	3623.42	526.165
1.5	5.98567e+06	47366	3685.88	524.388
1.5	6.13119e+06	49058	3695.96	517.79
1.5	6.21772e+06	50750	3720.67	531.529
1.5	6.26408e+06	52441	4057.46	534.497
1.5	6.30383e+06	54133	4153.88	569.808
1.5	6.35252e+06	55825	4103.17	572.766
1.5	6.43541e+06	57517	4108.67	558.501
1.75	320647	3383	2616.17	20.8903
1.75	549654	5075	2641.29	16.1084
1.75	747440	6766	2625.12	24.0112
1.75	961081	8458	2632.08	23.4031
1.75	1.21668e+06	10150	2633.21	21.8116
1.75	1.40578e+06	11841	2611.29	18.9216
1.75	1.57934e+06	13533	2671.38	35.8773
1.75	1.83623e+06	15225	2664.33	91.1848
1.75	2.05858e+06	16916	2788.88	122.967
1.75	2.33126e+06	18608	2734.79	152.563
1.75	2.63366e+06	20300	3335.54	376.317
1.75	2.88785e+06	21991	3504.08	472.663
1.75	3.06082e+06	23683	3588.71	473.077
1.75	3.30626e+06	25375	4395.33	524.785
1.75	3.50389e+06	27066	4223.17	560.376
1.75	3.79999e+06	28758	3979.58	607.125
1.75	4.02734e+06	30450	4157.08	637.61
1.75	4.23921e+06	32141	4499.38	650.474
1.75	4.45972e+06	33833	3890.88	663.124
1.75	4.66174e+06	35525	5184.29	604.788
1.75	4.82206e+06	37216	4683.46	711.844
1.75	5.05282e+06	38908	4720.04	728.791
1.75	5.35506e+06	40600	4442.83	738.38
1.75	5.53195e+06	42291	5194.71	678.977
1.75	5.68707e+06	43983	5135.12	727.917
1.75	5.84476e+06	45675	4808.96	760.101
1.75	5.98567e+06	47366	5128.54	728.134
1.75	6.13119e+06	49058	5028.46	766.219
1.75	6.21772e+06	50750	5527.92	681.792
1.75	6.26408e+06	52441	5159.58	744.849
1.75	6.30383e+06	54133	4741.62	789.119
1.75	6.35252e+06	55825	5181.33	743.348
1.75	6.43541e+06	57517	5731.29	651.763
2	320647	3383	2628.21	23.6413
2	549654	5075	2635.29	20.3318
2	747440	6766	2630.71	19.6512
2	961081	8458	2642.75	18.8168
2	1.21668e+06	10150	2631.92	20.603
2	1.40578e+06	11841	2685	44.6946
2	1.57934e+06	13533	2757.17	103.901
2	1.83623e+06	15225	3271.33	299.882
2	2.05858e+06	16916	3345.25	392.44
2	2.33126e+06	18608	3709.67	530.841
2	2.63366e+06	20300	5204.46	477.052
2	2.88785e+06	21991	4581	672.214
2	3.06082e+06	23683	4963.75	682.361
2	3.30626e+06	25375	4964.58	728.981
2	3.50389e+06	27066	5349.04	719.835
2	3.79999e+06	28758	5455.12	738.95
2	4.02734e+06	30450	5206.33	813.336
2	4.23921e+06	32141	5398.5	797.283
2	4.45972e+06	33833	5120.5	854.647
2	4.66174e+06	35525	5549.12	842.269
2	4.82206e+06	37216	4432.38	870.862
2	5.05282e+06	38908	6101.54	733.197
2	5.35506e+06	40600	5983.83	804.78
2	5.53195e+06	42291	5236.21	901.505
2	5.68707e+06	43983	6217.96	756.486
2	5.84476e+06	45675	5296.92	919.535
2	5.98567e+06	47366	5879.17	850.051
2	6.13119e+06	49058	6712.25	629.496
2	6.21772e+06	50750	6553.88	721.101
2	6.26408e+06	52441	6151.29	827.911
2	6.30383e+06	54133	5732.42	894.585
2	6.35252e+06	55825	6336.08	783.619
2	6.43541e+06	57517	5972.75	873.656
2.25	320647	3383	2634.29	21.267
2.25	549654	5075	2635.33	20.6535
2.25	747440	6766	2638.71	22.8444
2.25	961081	8458	2674.04	29.7659
2.25	1.21668e+06	10150	2749.88	79.8895
2.25	1.40578e+06	11841	2799.25	149.501
2.25	1.57934e+06	13533	3491.71	410.814
2.25	1.83623e+06	15225	3980.25	508.824
2.25	2.05858e+06	16916	3934.88	625.324
2.25	2.33126e+06	18608	4598.62	731.622
2.25	2.63366e+06	20300	5066.67	774.914
2.25	2.88785e+06	21991	5467.33	816.828
2.25	3.06082e+06	23683	5891.42	763.168
2.25	3.30626e+06	25375	5779.79	814.581
2.25	3.50389e+06	27066	6086.04	811.026
2.25	3.79999e+06	28758	5568.88	923.254
2.25	4.02734e+06	30450	6015.38	885.996
2.25	4.23921e+06	32141	5879.5	931.63
2.25	4.45972e+06	33833	5498.04	988.425
2.25	4.66174e+06	35525	6357.58	882.185
2.25	4.82206e+06	37216	7009.38	672.021
2.25	5.05282e+06	38908	6424.96	895.55
2.25	5.35506e+06	40600	6010.38	982.736
2.25	5.53195e+06	42291	6922.67	784.078
2.25	5.68707e+06	43983	7294.71	575.685
2.25	5.84476e+06	45675	6062.79	996.831
2.25	5.98567e+06	47366	6754	858.887
2.25	6.13119e+06	49058	6534.71	919.001
2.25	6.21772e+06	50750	6562.12	922.497
2.25	6.26408e+06	52441	6543.17	927.508
2.25	6.30383e+06	54133	6967.83	795.523
2.25	6.35252e+06	55825	6972.54	805.524
2.25	6.43541e+06	57517	7442.25	592.652
2.5	320647	3383	2637.04	17.9309
2.5	549654	5075	2645.04	23.31
2.5	747440	6766	2654.83	24.3792
2.5	961081	8458	2691.17	36.1224
2.5	1.21668e+06	10150	2929.96	196.286
2.5	1.40578e+06	11841	3682.83	443.229
2.5	1.57934e+06	13533	4061.83	588.369
2.5	1.83623e+06	15225	4980.96	674.211
2.5	2.05858e+06	16916	4950.71	800.997
2.5	2.33126e+06	18608	5667.38	795.262
2.5	2.63366e+06	20300	6079.83	804.991
2.5	2.88785e+06	21991	5454.88	962.618
2.5	3.06082e+06	23683	5681.33	960.147
2.5	3.30626e+06	25375	6371.62	882.548
2.5	3.50389e+06	27066	6195.62	935.841
2.5	3.79999e+06	28758	6495.38	911.96
2.5	4.02734e+06	30450	7005.71	792.124
2.5	4.23921e+06	32141	7025.96	795.142
2.5	4.45972e+06	33833	7111.67	820.874
2.5	4.66174e+06	35525	6653.12	946.326
2.5	4.82206e+06	37216	7375.33	729.216
2.5	5.05282e+06	38908	6758.25	957.053
2.5	5.35506e+06	40600	7646.46	624.157
2.5	5.53195e+06	42291	6782.5	964.935
2.5	5.68707e+06	43983	7051.92	911.664
2.5	5.84476e+06	45675	7496.67	750.511
2.5	5.98567e+06	47366	7766.88	630.156
2.5	6.13119e+06	49058	7783.54	630.535
2.5	6.21772e+06	50750	6799.88	985.501
2.5	6.26408e+06	52441	6628.75	1040.04
2.5	6.30383e+06	54133	7071.54	936.939
2.5	6.35252e+06	55825	7312.42	855.397
2.5	6.43541e+06	57517	7558.42	752.239
2.75	320647	3383	2649.79	24.3864
2.75	549654	5075	2663.79	22.7927
2.75	747440	6766	2670.62	29.9736
2.75	961081	8458	2730.42	54.3103
2.75	1.21668e+06	10150	3689.96	419.657
2.75	1.40578e+06	11841	4211.75	592.917
2.75	1.57934e+06	13533	5030.21	705.598
2.75	1.83623e+06	15225	5428.21	792.78
2.75	2.05858e+06	16916	5670.92	873.702
2.75	2.33126e+06	18608	6670.04	741.31
2.75	2.63366e+06	20300	6431.96	887.577
2.75	2.88785e+06	21991	6738	853.663
2.75	3.06082e+06	23683	5751.62	1067.74
2.75	3.30626e+06	25375	7140.46	816.23
2.75	3.50389e+06	27066	7423.21	741.852
2.75	3.79999e+06	28758	7742.29	625.09
2.75	4.02734e+06	30450	7301.29	853.845
2.75	4.23921e+06	32141	7351.38	863.568
2.75	4.45972e+06	33833	7162.25	959.492
2.75	4.66174e+06	35525	6718.62	1061.71
2.75	4.82206e+06	37216	7427	876.334
2.75	5.05282e+06	38908	7907.12	652.959
2.75	5.35506e+06	40600	7469.25	881.803
2.75	5.53195e+06	42291	8262.58	483.192
2.75	5.68707e+06	43983	7760.12	787.711
2.75	5.84476e+06	45675	7549.58	892.092
2.75	5.98567e+06	47366	7774.83	793.464
2.75	6.13119e+06	49058	7802.46	794.847
2.75	6.21772e+06	50750	8035.96	665.431
2.75	6.26408e+06	52441	7550.58	896.416
2.75	6.30383e+06	54133	7315.92	989.539
2.75	6.35252e+06	55825	6574.96	1133.5
2.75	6.43541e+06	57517	7786.38	788.791
3	320647	3383	2656.92	18.7477
3	549654	5075	2662.58	23.0015
3	747440	6766	2671.25	19.9174
3	961081	8458	2758.88	105.321
3	1.21668e+06	10150	4068.17	567.958
3	1.40578e+06	11841	5545.17	612.277
3	1.57934e+06	13533	5420.12	802.639
3	1.83623e+06	15225	6556.62	711.111
3	2.05858e+06	16916	6015.29	967.806
3	2.33126e+06	18608	7224.12	701.011
3	2.63366e+06	20300	7172.12	818.754
3	2.88785e+06	21991	6783.92	980.944
3	3.06082e+06	23683	6860.88	995.05
3	3.30626e+06	25375	7152.12	951.316
3	3.50389e+06	27066	7441.5	872.47
3	3.79999e+06	28758	7968.25	652.869
3	4.02734e+06	30450	7783.88	794.412
3	4.23921e+06	32141	7332.75	979.985
3	4.45972e+06	33833	7604.25	905.983
3	4.66174e+06	35525	7613	911.205
3	4.82206e+06	37216	7146.42	1062.5
3	5.05282e+06	38908	6930.54	1118.34
3	5.35506e+06	40600	7961.33	816.808
3	5.53195e+06	42291	8424	492.708
3	5.68707e+06	43983	7700.04	922.587
3	5.84476e+06	45675	7464.71	1010.43
3	5.98567e+06	47366	7736.17	923.772
3	6.13119e+06	49058	7492.5	1008.05
3	6.21772e+06	50750	7471.21	998.392
3	6.26408e+06	52441	7737.79	926.488
3	6.30383e+06	54133	7478.79	1018.15
3	6.35252e+06	55825	7753.88	940.254
3	6.43541e+06	57517	8278.42	698.236
3.25	320647	3383	2683.54	14.6478
3.25	549654	5075	2689.71	26.195
3.25	747440	6766	2732.96	51.5406
3.25	961081	8458	3314.17	322.965
3.25	1.21668e+06	10150	4833.92	681.803
3.25	1.40578e+06	11841	5264.54	823.047
3.25	1.57934e+06	13533	5736.54	889.228
3.25	1.83623e+06	15225	6423.88	883.666
3.25	2.05858e+06	16916	6847.54	873.191
3.25	2.33126e+06	18608	6348.62	1062.33
3.25	2.63366e+06	20300	7611.75	774.793
3.25	2.88785e+06	21991	6730.25	1076.06
3.25	3.06082e+06	23683	8005.75	660.517
3.25	3.30626e+06	25375	7346.33	990.166
3.25	3.50389e+06	27066	7636.79	911.026
3.25	3.79999e+06	28758	6935.92	1117.4
3.25	4.02734e+06	30450	7944.71	811.623
3.25	4.23921e+06	32141	6968.58	1133.35
3.25	4.45972e+06	33833	7742.12	935.757
3.25	4.66174e+06	35525	8024.5	828.13
3.25	4.82206e+06	37216	7267.46	1083.87
3.25	5.05282e+06	38908	8305.17	695.206
3.25	5.35506e+06	40600	7821.54	939.928
3.25	5.53195e+06	42291	7840.67	943.151
3.25	5.68707e+06	43983	8108	845.299
3.25	5.84476e+06	45675	8114.79	837.104
3.25	5.98567e+06	47366	8397.92	706.766
3.25	6.13119e+06	49058	8140.71	850.493
3.25	6.21772e+06	50750	7895.79	952.897
3.25	6.26408e+06	52441	7613.83	1044.93
3.25	6.30383e+06	54133	7370.88	1112.26
3.25	6.35252e+06	55825	7615.83	1039.01
3.25	6.43541e+06	57517	8417.75	704.893
3.5	320647	3383	2683.08	22.789
3.5	549654	5075	2692.62	19.9281
3.5	747440	6766	2719.42	32.1613
3.5	961081	8458	3705.67	488.303
3.5	1.21668e+06	10150	5792.08	657.816
3.5	1.40578e+06	11841	6465.83	689.286
3.5	1.57934e+06	13533	6179.33	917.799
3.5	1.83623e+06	15225	7143.29	820.18
3.5	2.05858e+06	16916	7095.83	925.778
3.5	2.33126e+06	18608	7705.79	771.25
3.5	2.63366e+06	20300	7347.17	979.894
3.5	2.88785e+06	21991	8173.38	678.649
3.5	3.06082e+06	23683	7680.83	912.407
3.5	3.30626e+06	25375	7990.83	821.78
3.5	3.50389e+06	27066	7275.88	1092.72
3.5	3.79999e+06	28758	8071.92	836.174
3.5	4.02734e+06	30450	7091.88	1155.45
3.5	4.23921e+06	32141	8389.33	707.928
3.5	4.45972e+06	33833	8158.96	850.759
3.5	4.66174e+06	35525	8717.46	516.58
3.5	4.82206e+06	37216	8172.58	851.225
3.5	5.05282e+06	38908	7669.21	1044.28
3.5	5.35506e+06	40600	8462.38	714.815
3.5	5.53195e+06	42291	8499.21	711.656
3.5	5.68707e+06	43983	7692.88	1066.03
3.5	5.84476e+06	45675	8756.04	520.814
3.5	5.98567e+06	47366	8773.21	519.789
3.5	6.13119e+06	49058	8000.12	976.41
3.5	6.21772e+06	50750	8517.79	723.245
3.5	6.26408e+06	52441	8784.21	520.474
3.5	6.30383e+06	54133	8797.88	524.651
3.5	6.35252e+06	55825	8773.88	521.858
3.5	6.43541e+06	57517	8520.75	715.669
3.75	320647	3383	2687.92	19.3153
3.75	549654	5075	2693.96	18.8261
3.75	747440	6766	2750.54	50.3952
3.75	961081	8458	4027.5	590.408
3.75	1.21668e+06	10150	5917.04	770.071
3.75	1.40578e+06	11841	5780.46	974.509
3.75	1.57934e+06	13533	6184.88	1014.64
3.75	1.83623e+06	15225	6904.62	1001.81
3.75	2.05858e+06	16916	7257.17	952.778
3.75	2.33126e+06	18608	7372.54	979.302
3.75	2.63366e+06	20300	8258.5	684.349
3.75	2.88785e+06	21991	8066.33	831.243
3.75	3.06082e+06	23683	8358.42	701.327
3.75	3.30626e+06	25375	7631.38	1034.71
3.75	3.50389e+06	27066	7866.71	953.929
3.75	3.79999e+06	28758	8202.62	845.629
3.75	4.02734e+06	30450	8489.29	709.716
3.75	4.23921e+06	32141	8507.75	715.229
3.75	4.45972e+06	33833	9034.75	26.7189
3.75	4.66174e+06	35525	8274.92	860.759
3.75	4.82206e+06	37216	8551.58	722.688
3.75	5.05282e+06	38908	8304.67	870.239
3.75	5.35506e+06	40600	7772.46	1067.69
3.75	5.53195e+06	42291	8050.71	983.386
3.75	5.68707e+06	43983	8067.71	989.797
3.75	5.84476e+06	45675	8885.67	524.463
3.75	5.98567e+06	47366	7791.92	1070.58
3.75	6.13119e+06	49058	8607.71	722.583
3.75	6.21772e+06	50750	7027	1248.03
3.75	6.26408e+06	52441	8899.08	526.934
3.75	6.30383e+06	54133	8621.5	725.814
3.75	6.35252e+06	55825	8316.12	877.078
3.75	6.43541e+06	57517	8623.08	730.808
4	320647	3383	2696.17	23.4612
4	549654	5075	2699.12	26.7325
4	747440	6766	2873.33	161.807
4	961081	8458	4728.29	703.154
4	1.21668e+06	10150	6447.83	782.41
4	1.40578e+06	11841	6833.83	870.47
4	1.57934e+06	13533	7292.29	837.622
4	1.83623e+06	15225	7019.12	1017.64
4	2.05858e+06	16916	8397.54	484.074
4	2.33126e+06	18608	7763.29	927.346
4	2.63366e+06	20300	8361.96	699.858
4	2.88785e+06	21991	7894.46	954.683
4	3.06082e+06	23683	8212.88	857.511
4	3.30626e+06	25375	8232.79	858.532
4	3.50389e+06	27066	8543.25	714.166
4	3.79999e+06	28758	8823.88	521.401
4	4.02734e+06	30450	7768.71	1073.19
4	4.23921e+06	32141	8585.38	735.929
4	4.45972e+06	33833	8078.96	991.039
4	4.66174e+06	35525	8350.88	878.873
4	4.82206e+06	37216	8624.83	731.502
4	5.05282e+06	38908	8928.92	540.632
4	5.35506e+06	40600	8636.25	731.594
4	5.53195e+06	42291	8387.38	886.365
4	5.68707e+06	43983	8415.08	875.172
4	5.84476e+06	45675	8953.71	539.796
4	5.98567e+06	47366	8695.25	731.805
4	6.13119e+06	49058	8421.08	877.218
4	6.21772e+06	50750	8153.29	1001.12
4	6.26408e+06	52441	7879.96	1085.04
4	6.30383e+06	54133	7887	1086.66
4	6.35252e+06	55825	8689.25	747.964
4	6.43541e+06	57517	8719.96	743.578
