beta	links	attackRate	error
1	2474	1812.33	21.9356
1	3711	1830.88	20.0381
1	4948	1838.04	22.378
1	6185	1809.75	20.3293
1	7423	1844.38	21.0895
1	8660	1844.71	24.3746
1	9897	1848.5	21.5571
1	11134	1862.33	18.8128
1	12371	1853.29	16.2018
1	13608	1886.79	29.8719
1	14846	1883.38	22.1113
1	16083	1891.42	21.8963
1	17320	1898.08	29.5767
1	18557	1895.71	21.0005
1	19794	1908.17	26.7973
1	21032	1912.46	25.1776
1	22269	1932.46	22.7685
1	23506	1920.79	24.1247
1	24743	1920.46	25.8779
1	25980	1943.42	28.1865
1	27217	1935.25	34.2352
1	28455	1955.46	28.6311
1	29692	1948.83	33.5487
1	30929	1963.71	35.7421
1	32166	1954.58	33.6618
1	33403	1964.92	27.95
1	34640	1974.54	31.0982
1	35878	1977.92	36.4747
1	37115	1998.04	32.2224
1	38352	2013.79	34.2425
1	39589	2010.21	42.1261
1	40826	2014.54	34.3328
1	42064	2041.29	40.995
1.25	2474	1904.21	25.2116
1.25	3711	1860	21.1475
1.25	4948	1889.67	16.7387
1.25	6185	1894	23.0689
1.25	7423	1908.42	27.6995
1.25	8660	1900.71	21.684
1.25	9897	1937.17	26.1744
1.25	11134	1940.75	25.3452
1.25	12371	1966.29	29.0717
1.25	13608	1985.67	34.4667
1.25	14846	2000.04	27.2289
1.25	16083	2001.46	34.2023
1.25	17320	1978.08	33.7862
1.25	18557	2041.71	31.9781
1.25	19794	2036.92	31.4022
1.25	21032	2072.54	38.0023
1.25	22269	2075.21	41.3851
1.25	23506	2111.42	46.4627
1.25	24743	2136.21	58.5067
1.25	25980	2145.67	39.1392
1.25	27217	2169.38	48.5916
1.25	28455	2148.92	39.5645
1.25	29692	2218	67.1456
1.25	30929	2285.71	65.3508
1.25	32166	2263.38	93.2346
1.25	33403	2237.08	60.8704
1.25	34640	2248.17	47.5813
1.25	35878	2342.96	117.547
1.25	37115	2431.12	124.67
1.25	38352	2399.83	117.445
1.25	39589	2421.33	101.146
1.25	40826	2619.33	179.327
1.25	42064	2446.92	132.414
1.5	2474	1942.17	22.3849
1.5	3711	1938.79	24.5673
1.5	4948	1924.12	17.3428
1.5	6185	1930.12	27.2041
1.5	7423	1981.79	28.359
1.5	8660	2011.25	23.1217
1.5	9897	2008.04	23.2568
1.5	11134	2082.96	30.8092
1.5	12371	2090.46	38.395
1.5	13608	2158.67	52.0292
1.5	14846	2184.21	44.5733
1.5	16083	2220.96	63.7112
1.5	17320	2251.62	74.7078
1.5	18557	2354.46	59.5545
1.5	19794	2425.21	112.013
1.5	21032	2454.71	124.157
1.5	22269	2596.92	162.004
1.5	23506	2913.92	214.33
1.5	24743	3031.17	296.67
1.5	25980	3425.71	406.438
1.5	27217	3523.79	363.403
1.5	28455	4054.58	349.849
1.5	29692	5873.08	993.813
1.5	30929	5895.92	1059.86
1.5	32166	7186.96	1227.69
1.5	33403	8552.04	1333.98
1.5	34640	11502.3	1661.84
1.5	35878	11668.5	1982.02
1.5	37115	14231.7	1760.55
1.5	38352	12866.8	1928.32
1.5	39589	17955	1494.02
1.5	40826	17246.7	2736.51
1.5	42064	20357.8	2224.02
1.75	2474	2031.25	16.6521
1.75	3711	1992.67	22.2289
1.75	4948	2001.71	28.7227
1.75	6185	2026.33	30.7949
1.75	7423	2068.67	35.0674
1.75	8660	2119.58	37.4531
1.75	9897	2175	41.0675
1.75	11134	2291.88	78.378
1.75	12371	2466.79	102.83
1.75	13608	2453.83	110.805
1.75	14846	2786.54	175.997
1.75	16083	3190.04	284.833
1.75	17320	3879.08	500.697
1.75	18557	5119.62	847.77
1.75	19794	7893.62	1277.1
1.75	21032	10059.8	1632.86
1.75	22269	14882.9	1857.84
1.75	23506	18565.8	1843.79
1.75	24743	25860.1	1760.82
1.75	25980	31421	1587.16
1.75	27217	34461.4	1476.64
1.75	28455	37040.9	1929
1.75	29692	43882	518.352
1.75	30929	45596	1193.97
1.75	32166	47587.2	729.658
1.75	33403	48824.5	818.539
1.75	34640	51103	601.734
1.75	35878	54063.6	572.926
1.75	37115	55449.8	1172.63
1.75	38352	56719	412.238
1.75	39589	58655.2	527.979
1.75	40826	60399.4	470.098
1.75	42064	61430.1	468.358
2	2474	2125.67	29.3301
2	3711	2078.04	37.2614
2	4948	2096.5	18.2125
2	6185	2120.58	31.7652
2	7423	2194.46	39.3706
2	8660	2357.17	73.0472
2	9897	2558.42	101.955
2	11134	2798.79	236.944
2	12371	3956.88	603.73
2	13608	5979.5	1038.28
2	14846	12552	2048.6
2	16083	19495	1989.4
2	17320	29617	1997.48
2	18557	36443	1261.22
2	19794	42776.2	675.521
2	21032	47541.2	758.081
2	22269	51710.5	590.004
2	23506	54713.2	531.616
2	24743	59774.6	584.016
2	25980	63248.5	459.204
2	27217	65718.2	378.823
2	28455	68063.2	554.701
2	29692	72673.6	475.326
2	30929	74288.8	587.24
2	32166	75886.2	544.488
2	33403	78119.3	439.433
2	34640	80521.1	688.789
2	35878	82860.1	776.064
2	37115	84574	660.13
2	38352	86512.8	838.553
2	39589	88916.1	1155.4
2	40826	90813.5	898.636
2	42064	92231	667.845
2.25	2474	2214.25	38.4507
2.25	3711	2154.42	26.62
2.25	4948	2207.21	35.9426
2.25	6185	2256.79	38.9604
2.25	7423	2429.17	63.4426
2.25	8660	2692.75	134.954
2.25	9897	4023.25	452.217
2.25	11134	11839.2	1948.07
2.25	12371	22987.3	1890.24
2.25	13608	36607.3	726.817
2.25	14846	43197.2	1505.8
2.25	16083	52284.4	515.335
2.25	17320	57881	568.107
2.25	18557	63333.8	441.507
2.25	19794	68010.5	736.19
2.25	21032	72320.1	443.065
2.25	22269	76191.3	566.982
2.25	23506	80327.3	743.221
2.25	24743	86311.4	716.058
2.25	25980	91121.5	950.315
2.25	27217	93362.6	884.102
2.25	28455	95981.9	752.944
2.25	29692	103368	913.744
2.25	30929	106011	537.441
2.25	32166	107723	684.011
2.25	33403	110569	588.738
2.25	34640	112289	546.342
2.25	35878	115333	386.896
2.25	37115	118570	538.775
2.25	38352	119569	576.109
2.25	39589	122161	494.503
2.25	40826	124128	620.514
2.25	42064	125371	627.911
2.5	2474	2406.92	43.0492
2.5	3711	2291.21	31.5066
2.5	4948	2295.79	24.889
2.5	6185	2484	47.4064
2.5	7423	2873.67	192.053
2.5	8660	5135.38	782.006
2.5	9897	18823.1	2347.02
2.5	11134	39147.5	2320.03
2.5	12371	50817.5	451.275
2.5	13608	59994.9	533.882
2.5	14846	66883.2	499.63
2.5	16083	74868.1	678.823
2.5	17320	80802.1	643.13
2.5	18557	87813.3	879.845
2.5	19794	93364.2	1041.48
2.5	21032	99679.6	903.983
2.5	22269	104246	854.463
2.5	23506	109000	692.249
2.5	24743	116451	560.41
2.5	25980	120258	514.811
2.5	27217	123019	578.128
2.5	28455	125710	437.304
2.5	29692	131325	524.768
2.5	30929	133787	431.285
2.5	32166	135144	386.718
2.5	33403	137719	482.021
2.5	34640	139731	452.167
2.5	35878	142711	488.073
2.5	37115	145220	499.618
2.5	38352	146525	484.517
2.5	39589	148998	440.142
2.5	40826	150901	449.999
2.5	42064	152004	405.31
2.75	2474	2565.5	66.6856
2.75	3711	2390.46	44.7186
2.75	4948	2448.71	32.4103
2.75	6185	2711.88	85.6446
2.75	7423	6313.33	845.572
2.75	8660	26495.2	2668.2
2.75	9897	47185.2	644.097
2.75	11134	62816.1	674.741
2.75	12371	70366.9	558.636
2.75	13608	80794.8	667.286
2.75	14846	88867.8	740.249
2.75	16083	99184.3	879.755
2.75	17320	107964	732.518
2.75	18557	115091	499.674
2.75	19794	120433	675.719
2.75	21032	125924	539.015
2.75	22269	130571	428.473
2.75	23506	134524	592.63
2.75	24743	140325	552.303
2.75	25980	145000	475.107
2.75	27217	147119	453.011
2.75	28455	150276	424.97
2.75	29692	155958	593.589
2.75	30929	158440	674.345
2.75	32166	159691	693.266
2.75	33403	163168	496.363
2.75	34640	165226	706.61
2.75	35878	168375	647.714
2.75	37115	171320	577.67
2.75	38352	172630	756.187
2.75	39589	175672	644.981
2.75	40826	178279	829.404
2.75	42064	179810	668.985
3	2474	2782.54	75.6075
3	3711	2515	61.8451
3	4948	2616.71	54.8046
3	6185	3671.08	407.328
3	7423	24071.2	1649.3
3	8660	49724	581.298
3	9897	65926.9	620.499
3	11134	81335.5	783.347
3	12371	92924.2	739.412
3	13608	105209	769.276
3	14846	114408	663.978
3	16083	123836	537.802
3	17320	130556	445.573
3	18557	137596	460.535
3	19794	142536	477.583
3	21032	148018	563.872
3	22269	152847	522.632
3	23506	156844	796.291
3	24743	163601	569.324
3	25980	168825	851.914
3	27217	171289	501.48
3	28455	175050	689.667
3	29692	181508	703.931
3	30929	184747	789.489
3	32166	188347	748.776
3	33403	190719	690.946
3	34640	194367	579.985
3	35878	198124	813.704
3	37115	200981	859.544
3	38352	203128	978.122
3	39589	206148	829.768
3	40826	209416	527.171
3	42064	211511	807.398
3.25	2474	3337.54	148.435
3.25	3711	2745.75	64.2609
3.25	4948	2914.12	78.0742
3.25	6185	12310.1	1798.89
3.25	7423	44628	853.314
3.25	8660	66685	798.636
3.25	9897	84148.2	621.412
3.25	11134	104138	728.271
3.25	12371	114873	604.257
3.25	13608	127306	519.102
3.25	14846	135128	480.386
3.25	16083	144198	491.856
3.25	17320	151763	646.17
3.25	18557	157858	729.272
3.25	19794	163373	621.43
3.25	21032	170143	575.143
3.25	22269	175536	705.531
3.25	23506	180704	775.464
3.25	24743	189714	818.464
3.25	25980	195462	925.546
3.25	27217	198949	531.865
3.25	28455	203166	692.306
3.25	29692	210779	661.604
3.25	30929	214846	638.24
3.25	32166	217336	601.484
3.25	33403	220302	741.731
3.25	34640	224184	521.932
3.25	35878	227314	627.622
3.25	37115	230788	606.085
3.25	38352	233275	561.537
3.25	39589	236436	529.691
3.25	40826	238703	527.829
3.25	42064	241330	599.955
3.5	2474	4638.75	446.634
3.5	3711	2999.96	103.621
3.5	4948	3354.58	143.395
3.5	6185	32694.2	1166.38
3.5	7423	61180.3	513.593
3.5	8660	84645.6	876.497
3.5	9897	105733	802.388
3.5	11134	124290	532.822
3.5	12371	134877	690.806
3.5	13608	146056	275.689
3.5	14846	154183	673.128
3.5	16083	164440	613.904
3.5	17320	172421	746.571
3.5	18557	180384	783.849
3.5	19794	188103	813.298
3.5	21032	195803	1041.96
3.5	22269	201349	796.677
3.5	23506	208026	725.408
3.5	24743	216744	611.997
3.5	25980	222988	634.727
3.5	27217	226635	489.296
3.5	28455	230662	551.638
3.5	29692	238539	517.336
3.5	30929	242118	553.897
3.5	32166	244731	552.814
3.5	33403	247521	740.586
3.5	34640	250118	524.049
3.5	35878	254164	522.612
3.5	37115	258468	681.362
3.5	38352	260229	401.796
3.5	39589	263866	572.503
3.5	40826	266632	561.395
3.5	42064	268603	415.861
3.75	2474	9668.17	1308.58
3.75	3711	3432.46	131.486
3.75	4948	5314.38	716.369
3.75	6185	49189.1	686.693
3.75	7423	76296.2	574.224
3.75	8660	103379	834.396
3.75	9897	124743	608.439
3.75	11134	143010	558.209
3.75	12371	152826	576.507
3.75	13608	165363	673.477
3.75	14846	174489	789.977
3.75	16083	186070	467.948
3.75	17320	197328	957.014
3.75	18557	205720	764.709
3.75	19794	213167	998.244
3.75	21032	220996	604.031
3.75	22269	228000	584.222
3.75	23506	233054	669.329
3.75	24743	242246	600.187
3.75	25980	247934	595.42
3.75	27217	251788	803.944
3.75	28455	255842	553.797
3.75	29692	263366	530.335
3.75	30929	268026	709.941
3.75	32166	269970	505.798
3.75	33403	273084	386.619
3.75	34640	276927	664.528
3.75	35878	281006	554.595
3.75	37115	284735	675.528
3.75	38352	286766	737.191
3.75	39589	290758	450.869
3.75	40826	294592	498.779
3.75	42064	295887	587.921
4	2474	27394.9	2268.56
4	3711	4091.67	216.902
4	4948	12750.7	1765.5
4	6185	64063.9	616.682
4	7423	93259.7	1149.78
4	8660	122413	473.543
4	9897	142428	416.838
4	11134	160262	746.433
4	12371	171830	792.25
4	13608	187447	644.538
4	14846	198309	962.129
4	16083	211591	623.889
4	17320	219750	851.092
4	18557	229376	727.093
4	19794	237062	567.257
4	21032	244991	706.415
4	22269	251390	501.954
4	23506	257637	554.775
4	24743	266667	623.663
4	25980	272412	640.64
4	27217	275779	639.213
4	28455	280262	794.546
4	29692	289367	736.442
4	30929	293325	590.273
4	32166	296013	567.674
4	33403	299874	854.259
4	34640	303669	811.064
4	35878	308450	650.117
4	37115	313585	854.709
4	38352	314806	702.129
4	39589	320267	694.255
4	40826	323778	965.14
4	42064	326496	873.092
4.25	2474	68172.4	2971.27
4.25	3711	6288.83	701.764
4.25	4948	30405	1526.15
4.25	6185	77666.3	729.113
4.25	7423	113086	866.497
4.25	8660	139773	573.239
4.25	9897	159210	671.224
4.25	11134	180852	1139.57
4.25	12371	193427	886.93
4.25	13608	209412	767.844
4.25	14846	221470	880.916
4.25	16083	233902	740.082
4.25	17320	243612	641.643
4.25	18557	252256	618.372
4.25	19794	260140	666.761
4.25	21032	267102	670.315
4.25	22269	273993	609.789
4.25	23506	280562	754.093
4.25	24743	290042	694.019
4.25	25980	296878	584.195
4.25	27217	301482	658.246
4.25	28455	306448	834.093
4.25	29692	316070	822.729
4.25	30929	320512	892.384
4.25	32166	323977	589.671
4.25	33403	328519	807.089
4.25	34640	333488	754.541
4.25	35878	338990	1073.88
4.25	37115	344345	801.679
4.25	38352	348141	879.894
4.25	39589	352293	933.633
4.25	40826	357263	667.84
4.25	42064	360907	875.761
4.5	2474	115315	2134.01
4.5	3711	13350.2	1660.15
4.5	4948	48095.9	925.291
4.5	6185	94443.6	992.043
4.5	7423	130394	826.195
4.5	8660	156785	660.102
4.5	9897	178901	755.408
4.5	11134	203591	837.086
4.5	12371	216066	841.989
4.5	13608	233111	884.998
4.5	14846	244223	677.001
4.5	16083	256382	741.892
4.5	17320	265733	657.134
4.5	18557	274174	642.407
4.5	19794	283143	512.549
4.5	21032	291143	659.213
4.5	22269	297293	532.816
4.5	23506	304632	523.755
4.5	24743	315440	663.598
4.5	25980	323771	877.76
4.5	27217	328532	627.035
4.5	28455	334088	879.966
4.5	29692	346120	915.842
4.5	30929	352349	967.869
4.5	32166	356189	817.451
4.5	33403	361229	1103.78
4.5	34640	366228	1035.19
4.5	35878	373851	815.847
4.5	37115	378414	983.988
4.5	38352	382595	986.295
4.5	39589	388604	838.977
4.5	40826	394948	910.517
4.5	42064	397212	836.315
4.75	2474	166807	1621.47
4.75	3711	31883	2155.31
4.75	4948	61956.7	1075.26
4.75	6185	112048	916.972
4.75	7423	148622	797.576
4.75	8660	175460	847.173
4.75	9897	200972	1084.56
4.75	11134	227144	924.64
4.75	12371	240972	1010.44
4.75	13608	257147	831.928
4.75	14846	268429	806.033
4.75	16083	279473	795.901
4.75	17320	288003	591.39
4.75	18557	296729	732.902
4.75	19794	305987	610.738
4.75	21032	315520	738.429
4.75	22269	323032	839.465
4.75	23506	329952	928.863
4.75	24743	344168	779.302
4.75	25980	353075	1012.7
4.75	27217	359479	936.071
4.75	28455	365272	810.534
4.75	29692	379280	968.885
4.75	30929	385847	1154.02
4.75	32166	389978	1037.02
4.75	33403	396262	1177.93
4.75	34640	403120	655.618
4.75	35878	410346	1247.87
4.75	37115	416613	1254.18
4.75	38352	420336	1110.64
4.75	39589	427422	630.317
4.75	40826	433080	881.777
4.75	42064	436949	800.364
5	2474	213730	1429.68
5	3711	59012.8	2313.91
5	4948	79582.8	1823.15
5	6185	134257	1349.17
5	7423	170784	1370.78
5	8660	198454	988.9
5	9897	227155	1369.05
5	11134	254424	932.414
5	12371	265926	1069.38
5	13608	281105	876.795
5	14846	292542	756.174
5	16083	303372	858.562
5	17320	312531	795.642
5	18557	321654	694.499
5	19794	331882	839.524
5	21032	342867	816.042
5	22269	351050	796.421
5	23506	360887	1227.2
5	24743	375696	825.062
5	25980	385639	887.234
5	27217	393114	858.586
5	28455	400501	1042.99
5	29692	415366	894.73
5	30929	422618	1052.65
5	32166	425986	784.747
5	33403	433045	968.862
5	34640	440067	1119.57
5	35878	446809	791.065
5	37115	454827	977.012
5	38352	458260	1113
5	39589	464683	642.269
5	40826	471066	924.118
5	42064	475262	958.859
