beta	population	links	attackRate	error
1	222177	900	1856.38	15.8191
1	310149	1351	1824.79	23.0698
1	379042	1801	1848.04	21.857
1	414054	2251	1818.08	22.2669
1	467456	2702	1840.17	21.6771
1	498911	3152	1833	16.191
1	572728	3602	1828.29	24.5699
1	641643	4053	1836.83	21.3728
1	697607	4503	1842.08	20.0427
1	775786	4954	1833	18.3151
1	840964	5404	1823.62	22.2431
1	899757	5854	1834.38	23.2832
1	938853	6305	1829.12	18.1799
1	976286	6755	1834.17	18.9746
1	1.03053e+06	7205	1818.04	16.5235
1	1.08826e+06	7656	1839.83	19.7861
1	1.14687e+06	8106	1854.12	15.9917
1	1.19607e+06	8556	1836.21	22.594
1	1.26112e+06	9007	1845.71	25.0912
1	1.29805e+06	9457	1839.79	22.5718
1	1.33142e+06	9908	1848.21	25.5945
1	1.40341e+06	10358	1865.46	20.6209
1	1.43229e+06	10808	1868.88	25.3116
1	1.47713e+06	11259	1865.42	22.1453
1	1.51409e+06	11709	1859.46	16.0059
1	1.5496e+06	12159	1874.5	22.7073
1	1.58975e+06	12610	1857.04	24.7241
1	1.62116e+06	13060	1861.17	24.972
1	1.67586e+06	13510	1874.04	20.1713
1	1.7311e+06	13961	1885.67	23.5193
1	1.7585e+06	14411	1881.38	20.7144
1	1.78067e+06	14862	1885.04	18.2078
1	1.8199e+06	15312	1890.33	23.1344
1.25	222177	900	1961	17.9687
1.25	310149	1351	1926.29	21.4641
1.25	379042	1801	1879.83	24.2613
1.25	414054	2251	1887.04	21.1896
1.25	467456	2702	1889.29	24.1133
1.25	498911	3152	1887	21.34
1.25	572728	3602	1895.29	22.47
1.25	641643	4053	1868.08	17.062
1.25	697607	4503	1883.29	17.2262
1.25	775786	4954	1878.17	15.8428
1.25	840964	5404	1881.46	19.2174
1.25	899757	5854	1883.54	18.5593
1.25	938853	6305	1896.12	22.2079
1.25	976286	6755	1902.96	18.6903
1.25	1.03053e+06	7205	1914.12	23.5913
1.25	1.08826e+06	7656	1911.62	22.5452
1.25	1.14687e+06	8106	1908.96	23.6167
1.25	1.19607e+06	8556	1897.17	24.7511
1.25	1.26112e+06	9007	1916.62	20.1075
1.25	1.29805e+06	9457	1958.33	19.8511
1.25	1.33142e+06	9908	1913.17	21.9051
1.25	1.40341e+06	10358	1960.42	22.836
1.25	1.43229e+06	10808	1934.12	25.9153
1.25	1.47713e+06	11259	1956.88	25.85
1.25	1.51409e+06	11709	1960.46	22.3138
1.25	1.5496e+06	12159	1926.79	19.0439
1.25	1.58975e+06	12610	1969.92	29.0403
1.25	1.62116e+06	13060	1947.62	19.7784
1.25	1.67586e+06	13510	1985.96	24.9321
1.25	1.7311e+06	13961	1982.08	31.6117
1.25	1.7585e+06	14411	1972.96	33.29
1.25	1.78067e+06	14862	2012.42	24.3415
1.25	1.8199e+06	15312	1960.33	25.332
1.5	222177	900	2064.88	27.1906
1.5	310149	1351	2014.75	22.1941
1.5	379042	1801	1958.79	27.0304
1.5	414054	2251	1954.62	19.9857
1.5	467456	2702	1948.5	21.2904
1.5	498911	3152	1956.62	25.3318
1.5	572728	3602	1951.92	23.4459
1.5	641643	4053	1932.96	20.508
1.5	697607	4503	1936.88	22.002
1.5	775786	4954	1956.25	24.6561
1.5	840964	5404	1937.67	27.834
1.5	899757	5854	1945.38	25.1857
1.5	938853	6305	1950.5	23.8395
1.5	976286	6755	1952.83	23.9759
1.5	1.03053e+06	7205	1980.67	26.5109
1.5	1.08826e+06	7656	1968.04	17.4813
1.5	1.14687e+06	8106	1997.88	25.9078
1.5	1.19607e+06	8556	2019.71	27.1889
1.5	1.26112e+06	9007	2018.38	27.179
1.5	1.29805e+06	9457	2020.42	28.8923
1.5	1.33142e+06	9908	2042.38	31.6042
1.5	1.40341e+06	10358	2064.67	38.8642
1.5	1.43229e+06	10808	2065.88	34.4773
1.5	1.47713e+06	11259	2100.83	38.8912
1.5	1.51409e+06	11709	2083.29	30.9014
1.5	1.5496e+06	12159	2095.12	38.653
1.5	1.58975e+06	12610	2140.33	48.0207
1.5	1.62116e+06	13060	2119.5	46.8881
1.5	1.67586e+06	13510	2087.79	39.8179
1.5	1.7311e+06	13961	2190.58	53.8645
1.5	1.7585e+06	14411	2149.67	54.7719
1.5	1.78067e+06	14862	2184.08	49.6356
1.5	1.8199e+06	15312	2150.96	39.3288
1.75	222177	900	2256.21	65.0872
1.75	310149	1351	2116	37.5324
1.75	379042	1801	2053.08	27.6366
1.75	414054	2251	2026.29	25.8055
1.75	467456	2702	2045.17	19.6024
1.75	498911	3152	1988.67	23.2587
1.75	572728	3602	1974.67	25.0658
1.75	641643	4053	2014.21	19.0121
1.75	697607	4503	1988.12	23.2172
1.75	775786	4954	2000.42	19.3484
1.75	840964	5404	2032.46	22.3711
1.75	899757	5854	2028.17	21.9657
1.75	938853	6305	2027.42	28.6604
1.75	976286	6755	2042.38	18.5022
1.75	1.03053e+06	7205	2044.25	29.7794
1.75	1.08826e+06	7656	2066.08	33.9063
1.75	1.14687e+06	8106	2095.25	25.5668
1.75	1.19607e+06	8556	2136.12	36.1093
1.75	1.26112e+06	9007	2177.54	36.3306
1.75	1.29805e+06	9457	2196.62	53.9854
1.75	1.33142e+06	9908	2176.88	52.2911
1.75	1.40341e+06	10358	2185.33	43.5692
1.75	1.43229e+06	10808	2279.5	58.8582
1.75	1.47713e+06	11259	2266.5	65.2276
1.75	1.51409e+06	11709	2315.96	61.2649
1.75	1.5496e+06	12159	2389.58	81.7148
1.75	1.58975e+06	12610	2444.75	86.6664
1.75	1.62116e+06	13060	2429.79	90.9025
1.75	1.67586e+06	13510	2553.75	134.298
1.75	1.7311e+06	13961	2631.21	119.632
1.75	1.7585e+06	14411	2634	145.93
1.75	1.78067e+06	14862	2771.67	150.253
1.75	1.8199e+06	15312	2939.58	200.023
2	222177	900	2550.25	89.0805
2	310149	1351	2289.54	42.8733
2	379042	1801	2139.67	22.3679
2	414054	2251	2142.92	34.3964
2	467456	2702	2120	27.1463
2	498911	3152	2110.79	32.8916
2	572728	3602	2075.83	24.6503
2	641643	4053	2093.04	25.7118
2	697607	4503	2082.75	21.5507
2	775786	4954	2072.71	24.6536
2	840964	5404	2103.58	26.349
2	899757	5854	2129.46	31.1677
2	938853	6305	2138.54	34.7084
2	976286	6755	2156.75	34.9162
2	1.03053e+06	7205	2170.71	32.5182
2	1.08826e+06	7656	2208.21	47.8372
2	1.14687e+06	8106	2302.42	71.8839
2	1.19607e+06	8556	2323.54	70.1235
2	1.26112e+06	9007	2341.88	63.5089
2	1.29805e+06	9457	2479.17	100.317
2	1.33142e+06	9908	2476.38	74.1468
2	1.40341e+06	10358	2790.58	184.758
2	1.43229e+06	10808	2651.83	117.776
2	1.47713e+06	11259	2859.17	166.382
2	1.51409e+06	11709	3040.38	216.227
2	1.5496e+06	12159	3582.04	354.39
2	1.58975e+06	12610	4214.33	639.927
2	1.62116e+06	13060	4945.75	815.436
2	1.67586e+06	13510	6330.12	1023.56
2	1.7311e+06	13961	7364.92	1186.71
2	1.7585e+06	14411	11131.2	1658
2	1.78067e+06	14862	11174.1	1872.97
2	1.8199e+06	15312	13907.8	2169.64
2.25	222177	900	5662.96	919.397
2.25	310149	1351	2616.88	68.4545
2.25	379042	1801	2279.62	26.1943
2.25	414054	2251	2276.29	40.4626
2.25	467456	2702	2194	30.2682
2.25	498911	3152	2206.58	35.5263
2.25	572728	3602	2178.46	27.2491
2.25	641643	4053	2146.96	34.5298
2.25	697607	4503	2162.42	35.54
2.25	775786	4954	2171.79	29.9107
2.25	840964	5404	2203.83	33.6523
2.25	899757	5854	2258.88	49.6992
2.25	938853	6305	2261.67	43.7943
2.25	976286	6755	2285.54	46.1132
2.25	1.03053e+06	7205	2363.88	50.8957
2.25	1.08826e+06	7656	2463.21	57.8066
2.25	1.14687e+06	8106	2734.12	131.79
2.25	1.19607e+06	8556	2923.46	206.833
2.25	1.26112e+06	9007	2982.67	177.089
2.25	1.29805e+06	9457	3314.67	309.911
2.25	1.33142e+06	9908	4510.5	525.17
2.25	1.40341e+06	10358	5832.12	835.645
2.25	1.43229e+06	10808	8687.88	1362.5
2.25	1.47713e+06	11259	12153.2	1468.17
2.25	1.51409e+06	11709	16846.4	2095.35
2.25	1.5496e+06	12159	21145.9	1986.96
2.25	1.58975e+06	12610	24812.3	2153.33
2.25	1.62116e+06	13060	28927.8	1551.98
2.25	1.67586e+06	13510	33583	1828.91
2.25	1.7311e+06	13961	40629	1251.75
2.25	1.7585e+06	14411	41608.4	1207.19
2.25	1.78067e+06	14862	43834	1353.91
2.25	1.8199e+06	15312	46528.2	753.552
2.5	222177	900	28448.4	2167.96
2.5	310149	1351	3425.38	285.599
2.5	379042	1801	2436.17	44.6186
2.5	414054	2251	2393	45.6595
2.5	467456	2702	2350.38	32.0429
2.5	498911	3152	2328.17	31.9215
2.5	572728	3602	2307.67	40.5781
2.5	641643	4053	2266.33	39.1671
2.5	697607	4503	2273.79	32.4629
2.5	775786	4954	2279.08	27.0358
2.5	840964	5404	2385	58.4136
2.5	899757	5854	2432.62	52.7639
2.5	938853	6305	2482.25	51.96
2.5	976286	6755	2651	105.673
2.5	1.03053e+06	7205	2639.92	112.698
2.5	1.08826e+06	7656	3141.96	228.775
2.5	1.14687e+06	8106	3688.62	370.557
2.5	1.19607e+06	8556	5877.62	898.165
2.5	1.26112e+06	9007	10548.2	1921.76
2.5	1.29805e+06	9457	14474.7	2390.2
2.5	1.33142e+06	9908	20966.9	1836.36
2.5	1.40341e+06	10358	32071	1636.28
2.5	1.43229e+06	10808	36721.9	1527.97
2.5	1.47713e+06	11259	41565.3	701.619
2.5	1.51409e+06	11709	45692	638.072
2.5	1.5496e+06	12159	48863	763.836
2.5	1.58975e+06	12610	52958.5	551.053
2.5	1.62116e+06	13060	55006.1	547.166
2.5	1.67586e+06	13510	59209.9	503.185
2.5	1.7311e+06	13961	63276	424.412
2.5	1.7585e+06	14411	64990.5	664.065
2.5	1.78067e+06	14862	66579.6	348.152
2.5	1.8199e+06	15312	69368.8	601.185
2.75	222177	900	54334	627.077
2.75	310149	1351	7350	1155.36
2.75	379042	1801	2673.08	64.3058
2.75	414054	2251	2612.08	73.1096
2.75	467456	2702	2486.38	51.1611
2.75	498911	3152	2479.08	59.6171
2.75	572728	3602	2393.54	31.1603
2.75	641643	4053	2433.21	42.9035
2.75	697607	4503	2434.33	29.9138
2.75	775786	4954	2449	52.8736
2.75	840964	5404	2514.12	58.4894
2.75	899757	5854	2609.58	90.0913
2.75	938853	6305	2808.17	163.724
2.75	976286	6755	2973.71	146.025
2.75	1.03053e+06	7205	3989.88	513.078
2.75	1.08826e+06	7656	8135.21	1361.84
2.75	1.14687e+06	8106	16202.6	1666.64
2.75	1.19607e+06	8556	23859.4	1919.56
2.75	1.26112e+06	9007	37586.4	1216.63
2.75	1.29805e+06	9457	43010	823.662
2.75	1.33142e+06	9908	48122.2	486.171
2.75	1.40341e+06	10358	55588.5	547.167
2.75	1.43229e+06	10808	58332	518.303
2.75	1.47713e+06	11259	62723.6	631.183
2.75	1.51409e+06	11709	66294.8	572.533
2.75	1.5496e+06	12159	69511	445.564
2.75	1.58975e+06	12610	72535.6	640.226
2.75	1.62116e+06	13060	75088.2	720.47
2.75	1.67586e+06	13510	80451.4	845.622
2.75	1.7311e+06	13961	85563.2	997.128
2.75	1.7585e+06	14411	87181.8	1072.72
2.75	1.78067e+06	14862	90350.6	1208.92
2.75	1.8199e+06	15312	93297.6	930.78
3	222177	900	75905.2	673.672
3	310149	1351	25653.2	1913.36
3	379042	1801	3177.58	136.201
3	414054	2251	2953.42	117.828
3	467456	2702	2817.29	84.8757
3	498911	3152	2663.12	71.1943
3	572728	3602	2519	55.9539
3	641643	4053	2536	61.2788
3	697607	4503	2579.25	54.8209
3	775786	4954	2654.92	72.501
3	840964	5404	2754.17	116.619
3	899757	5854	3379.33	265.136
3	938853	6305	4160.75	413.246
3	976286	6755	7221.75	1216.75
3	1.03053e+06	7205	12951.5	1849.44
3	1.08826e+06	7656	30265	1299.35
3	1.14687e+06	8106	41551.6	790.239
3	1.19607e+06	8556	49170.8	836.263
3	1.26112e+06	9007	57724.7	600.669
3	1.29805e+06	9457	62379.1	688.515
3	1.33142e+06	9908	66440.8	644.892
3	1.40341e+06	10358	73850.4	730.594
3	1.43229e+06	10808	77447	542.647
3	1.47713e+06	11259	82050.7	803.559
3	1.51409e+06	11709	86151.9	802.938
3	1.5496e+06	12159	91115.2	1025.73
3	1.58975e+06	12610	95296.1	987.113
3	1.62116e+06	13060	99049.8	655.661
3	1.67586e+06	13510	104757	608.946
3	1.7311e+06	13961	109429	803.019
3	1.7585e+06	14411	112525	698.427
3	1.78067e+06	14862	114684	564.697
3	1.8199e+06	15312	117302	575.763
3.25	222177	900	105344	1293.49
3.25	310149	1351	52031.7	882.855
3.25	379042	1801	4299.83	222.246
3.25	414054	2251	3796.04	207.822
3.25	467456	2702	3226.29	88.8004
3.25	498911	3152	3008.92	104.29
3.25	572728	3602	2720.12	69.2449
3.25	641643	4053	2828.33	87.3409
3.25	697607	4503	2802.92	70.5098
3.25	775786	4954	2856.83	95.9389
3.25	840964	5404	3417.54	239.113
3.25	899757	5854	5974.33	1111.26
3.25	938853	6305	11720.8	1782.9
3.25	976286	6755	23587.7	1976.86
3.25	1.03053e+06	7205	37021.6	1549.48
3.25	1.08826e+06	7656	49811.2	752.667
3.25	1.14687e+06	8106	59003.2	499.438
3.25	1.19607e+06	8556	65956.3	698.514
3.25	1.26112e+06	9007	75586.8	774.392
3.25	1.29805e+06	9457	80281	732.329
3.25	1.33142e+06	9908	84968.4	766.086
3.25	1.40341e+06	10358	95073.1	740.112
3.25	1.43229e+06	10808	99021.9	669.865
3.25	1.47713e+06	11259	104993	588.759
3.25	1.51409e+06	11709	109428	523.325
3.25	1.5496e+06	12159	113977	632.045
3.25	1.58975e+06	12610	117967	598.767
3.25	1.62116e+06	13060	120425	546.741
3.25	1.67586e+06	13510	126425	437.73
3.25	1.7311e+06	13961	131246	685.391
3.25	1.7585e+06	14411	133475	584.642
3.25	1.78067e+06	14862	135668	515.889
3.25	1.8199e+06	15312	138004	441.666
3.5	222177	900	147198	1467.91
3.5	310149	1351	85146.5	1012.82
3.5	379042	1801	9615.71	1146.64
3.5	414054	2251	6475.29	939.27
3.5	467456	2702	4627.67	305.942
3.5	498911	3152	3536.33	222.892
3.5	572728	3602	3018.62	80.267
3.5	641643	4053	3026.75	96.4362
3.5	697607	4503	3027.29	121.852
3.5	775786	4954	3313.92	130.69
3.5	840964	5404	6345.92	1271.62
3.5	899757	5854	21140.1	2843.89
3.5	938853	6305	35319	1139.26
3.5	976286	6755	43741.4	816.069
3.5	1.03053e+06	7205	55042.8	524.162
3.5	1.08826e+06	7656	65499.2	677.877
3.5	1.14687e+06	8106	75007.5	681.79
3.5	1.19607e+06	8556	82925.6	882.435
3.5	1.26112e+06	9007	94855.5	959.926
3.5	1.29805e+06	9457	100560	975.097
3.5	1.33142e+06	9908	106172	567.09
3.5	1.40341e+06	10358	116063	594.166
3.5	1.43229e+06	10808	120008	567.908
3.5	1.47713e+06	11259	125750	690.832
3.5	1.51409e+06	11709	129541	736.403
3.5	1.5496e+06	12159	132992	543.728
3.5	1.58975e+06	12610	137470	456.048
3.5	1.62116e+06	13060	140930	463.062
3.5	1.67586e+06	13510	145208	414.481
3.5	1.7311e+06	13961	150595	475.495
3.5	1.7585e+06	14411	152309	572.903
3.5	1.78067e+06	14862	154460	567.507
3.5	1.8199e+06	15312	157695	544.38
3.75	222177	900	199534	1135.91
3.75	310149	1351	129761	1815.18
3.75	379042	1801	28381	1894.68
3.75	414054	2251	18290.5	2448.11
3.75	467456	2702	7454.88	858.4
3.75	498911	3152	5042.92	495.466
3.75	572728	3602	3470.58	170.053
3.75	641643	4053	3323.17	90.2571
3.75	697607	4503	3436.83	134.457
3.75	775786	4954	6057.67	801.852
3.75	840964	5404	19962.6	1836.97
3.75	899757	5854	40804.2	796.592
3.75	938853	6305	50926.6	806.311
3.75	976286	6755	59196.6	437.041
3.75	1.03053e+06	7205	69950.4	799.507
3.75	1.08826e+06	7656	81469.2	742.62
3.75	1.14687e+06	8106	93422.9	1053.87
3.75	1.19607e+06	8556	103164	827.744
3.75	1.26112e+06	9007	113921	611.756
3.75	1.29805e+06	9457	121020	549.941
3.75	1.33142e+06	9908	124880	504.157
3.75	1.40341e+06	10358	134938	506.361
3.75	1.43229e+06	10808	138429	439.322
3.75	1.47713e+06	11259	143761	604.974
3.75	1.51409e+06	11709	147734	505.19
3.75	1.5496e+06	12159	151315	610.88
3.75	1.58975e+06	12610	155062	593.735
3.75	1.62116e+06	13060	158788	629.501
3.75	1.67586e+06	13510	163826	634.648
3.75	1.7311e+06	13961	170230	826.441
3.75	1.7585e+06	14411	172403	1014.23
3.75	1.78067e+06	14862	174686	929.331
3.75	1.8199e+06	15312	178979	688.874
4	222177	900	250846	912.938
4	310149	1351	181941	1383.14
4	379042	1801	70992.4	2310.83
4	414054	2251	51783.6	2085.4
4	467456	2702	23076.4	2917.44
4	498911	3152	11139.4	1335.77
4	572728	3602	4187.67	257.894
4	641643	4053	4081.88	192.116
4	697607	4503	4341.58	278.236
4	775786	4954	13385.4	1754.07
4	840964	5404	39947	900.336
4	899757	5854	56238.8	810.706
4	938853	6305	65380.8	690.322
4	976286	6755	73682	683.184
4	1.03053e+06	7205	86305.1	871.117
4	1.08826e+06	7656	99382.8	861.716
4	1.14687e+06	8106	113019	635.629
4	1.19607e+06	8556	121404	688.458
4	1.26112e+06	9007	132009	719.549
4	1.29805e+06	9457	138332	502.797
4	1.33142e+06	9908	143126	541.035
4	1.40341e+06	10358	151751	604.525
4	1.43229e+06	10808	156322	560.509
4	1.47713e+06	11259	161547	511.743
4	1.51409e+06	11709	165397	773.885
4	1.5496e+06	12159	169907	721.466
4	1.58975e+06	12610	175110	918.494
4	1.62116e+06	13060	179419	910.145
4	1.67586e+06	13510	185755	839.562
4	1.7311e+06	13961	192351	824.489
4	1.7585e+06	14411	194860	948.96
4	1.78067e+06	14862	198406	821.174
4	1.8199e+06	15312	201417	698.975
4.25	222177	900	294914	601.791
4.25	310149	1351	233487	1045.54
4.25	379042	1801	131583	2310.64
4.25	414054	2251	98276.1	2878.8
4.25	467456	2702	53321.1	2839
4.25	498911	3152	33481.5	2805.82
4.25	572728	3602	6878.17	889.809
4.25	641643	4053	4955.67	476.156
4.25	697607	4503	5814.92	467.318
4.25	775786	4954	30986.6	1515.12
4.25	840964	5404	54509.7	703.291
4.25	899757	5854	69379.9	724.035
4.25	938853	6305	79573.2	835.351
4.25	976286	6755	90052.2	854.347
4.25	1.03053e+06	7205	104105	918.78
4.25	1.08826e+06	7656	118415	759.669
4.25	1.14687e+06	8106	129705	604.387
4.25	1.19607e+06	8556	138949	530.155
4.25	1.26112e+06	9007	149444	579.305
4.25	1.29805e+06	9457	155457	659.473
4.25	1.33142e+06	9908	159860	580.292
4.25	1.40341e+06	10358	170572	817.441
4.25	1.43229e+06	10808	175154	844.566
4.25	1.47713e+06	11259	181380	772.038
4.25	1.51409e+06	11709	187108	904.309
4.25	1.5496e+06	12159	190956	870.409
4.25	1.58975e+06	12610	197148	719.307
4.25	1.62116e+06	13060	201597	560.483
4.25	1.67586e+06	13510	208029	798.394
4.25	1.7311e+06	13961	215730	679.842
4.25	1.7585e+06	14411	219081	592.294
4.25	1.78067e+06	14862	221347	789.284
4.25	1.8199e+06	15312	224589	647.767
4.5	222177	900	336432	641.29
4.5	310149	1351	278270	856.656
4.5	379042	1801	186424	1508.09
4.5	414054	2251	154749	1902.43
4.5	467456	2702	96831.3	2403.21
4.5	498911	3152	67024.3	2548.31
4.5	572728	3602	13718.2	1943.04
4.5	641643	4053	9431.62	1269.45
4.5	697607	4503	11614	1301.26
4.5	775786	4954	47113.5	855.366
4.5	840964	5404	67870.3	610.039
4.5	899757	5854	84198.3	1041.35
4.5	938853	6305	97628.5	1030.82
4.5	976286	6755	108736	873.007
4.5	1.03053e+06	7205	122381	748.633
4.5	1.08826e+06	7656	136168	633.745
4.5	1.14687e+06	8106	146934	639.371
4.5	1.19607e+06	8556	155191	747.232
4.5	1.26112e+06	9007	166614	544.788
4.5	1.29805e+06	9457	173145	953.675
4.5	1.33142e+06	9908	179232	1029.7
4.5	1.40341e+06	10358	191400	815.832
4.5	1.43229e+06	10808	196623	788.512
4.5	1.47713e+06	11259	204585	882.831
4.5	1.51409e+06	11709	209403	825.3
4.5	1.5496e+06	12159	213830	826.477
4.5	1.58975e+06	12610	220803	955.557
4.5	1.62116e+06	13060	225513	771.68
4.5	1.67586e+06	13510	232472	596.564
4.5	1.7311e+06	13961	238815	780.925
4.5	1.7585e+06	14411	242154	784.609
4.5	1.78067e+06	14862	244343	706.474
4.5	1.8199e+06	15312	248898	700.453
4.75	222177	900	374195	701.769
4.75	310149	1351	319701	806.047
4.75	379042	1801	237147	1080.5
4.75	414054	2251	204241	1345.43
4.75	467456	2702	150225	1737.59
4.75	498911	3152	114877	2261.5
4.75	572728	3602	36383.2	2497.01
4.75	641643	4053	24836.1	3139.13
4.75	697607	4503	31601.1	3134.43
4.75	775786	4954	61547	1036.99
4.75	840964	5404	83915.3	913.851
4.75	899757	5854	103163	918.716
4.75	938853	6305	115672	1144.05
4.75	976286	6755	126892	1113.28
4.75	1.03053e+06	7205	141452	724.668
4.75	1.08826e+06	7656	154982	776.803
4.75	1.14687e+06	8106	164546	777.938
4.75	1.19607e+06	8556	174194	872.125
4.75	1.26112e+06	9007	187449	1009.81
4.75	1.29805e+06	9457	194836	1098.01
4.75	1.33142e+06	9908	201453	1051.56
4.75	1.40341e+06	10358	214970	1058.69
4.75	1.43229e+06	10808	221209	779.045
4.75	1.47713e+06	11259	228553	1003.88
4.75	1.51409e+06	11709	233157	865.191
4.75	1.5496e+06	12159	237536	694.729
4.75	1.58975e+06	12610	245134	806.35
4.75	1.62116e+06	13060	248751	579.586
4.75	1.67586e+06	13510	255600	876.091
4.75	1.7311e+06	13961	261960	649.697
4.75	1.7585e+06	14411	266026	748.177
4.75	1.78067e+06	14862	268113	730.9
4.75	1.8199e+06	15312	272149	811.354
5	222177	900	409937	688.221
5	310149	1351	357429	831.789
5	379042	1801	278834	903.892
5	414054	2251	250194	1145.43
5	467456	2702	200737	1418.66
5	498911	3152	164443	1263.83
5	572728	3602	67721.8	2824.09
5	641643	4053	53542.3	3287.3
5	697607	4503	62885.4	1714.32
5	775786	4954	79452.2	1359.41
5	840964	5404	102688	1255.06
5	899757	5854	124720	1130.25
5	938853	6305	137333	1338.16
5	976286	6755	148937	1398.81
5	1.03053e+06	7205	162985	1156.86
5	1.08826e+06	7656	178919	1045.85
5	1.14687e+06	8106	187842	1300.19
5	1.19607e+06	8556	196953	1223.76
5	1.26112e+06	9007	214096	1044.44
5	1.29805e+06	9457	219427	860.712
5	1.33142e+06	9908	226614	1145.12
5	1.40341e+06	10358	241082	1179.42
5	1.43229e+06	10808	248054	1023.55
5	1.47713e+06	11259	256115	875.814
5	1.51409e+06	11709	260330	843.274
5	1.5496e+06	12159	262565	1047.15
5	1.58975e+06	12610	270580	996.242
5	1.62116e+06	13060	273897	763.453
5	1.67586e+06	13510	281322	790.549
5	1.7311e+06	13961	286940	1108.65
5	1.7585e+06	14411	290345	911.872
5	1.78067e+06	14862	293183	740.251
5	1.8199e+06	15312	296411	649.098