beta	population	links	attackRate	error
1	300638	1870	2347.75	20.7471
1	477854	2805	2342.12	16.9393
1	619173	3740	2360.58	25.7717
1	814518	4675	2354.12	21.9526
1	1.01534e+06	5610	2347.88	23.0394
1	1.17552e+06	6545	2353.54	19.7154
1	1.42186e+06	7480	2354.54	22.5856
1	1.58981e+06	8415	2371.92	18.6353
1	1.75669e+06	9350	2389.67	23.7932
1	1.91265e+06	10285	2365.96	26.7247
1	2.0417e+06	11220	2353.17	23.7847
1	2.15583e+06	12155	2375.25	20.7991
1	2.34098e+06	13090	2398.17	19.5227
1	2.52223e+06	14025	2387.38	25.6102
1	2.70005e+06	14960	2387	24.1218
1	2.85691e+06	15895	2390.58	20.7631
1	3.0033e+06	16830	2379.75	17.4967
1	3.11534e+06	17765	2386.88	18.3729
1	3.22229e+06	18700	2389.58	20.945
1	3.33611e+06	19635	2385.71	18.2792
1	3.44043e+06	20570	2401.04	27.1871
1	3.53627e+06	21505	2390.04	21.6918
1	3.65053e+06	22440	2391.42	23.1186
1	3.77772e+06	23375	2392.04	20.6622
1	3.95373e+06	24310	2402.33	21.8166
1	4.19736e+06	25245	2398.67	22.4378
1	4.34087e+06	26180	2391.71	21.2146
1	4.52722e+06	27115	2416.67	18.9944
1	4.75704e+06	28050	2423.38	25.1351
1	4.90547e+06	28985	2402.17	23.4399
1	5.08715e+06	29920	2409.12	27.9728
1	5.33476e+06	30855	2427.83	27.9759
1	5.5742e+06	31790	2397.12	24.9485
1.25	300638	1870	2374.83	25.4998
1.25	477854	2805	2382.88	22.7824
1.25	619173	3740	2386.33	23.84
1.25	814518	4675	2386.38	24.4419
1.25	1.01534e+06	5610	2403.58	16.9445
1.25	1.17552e+06	6545	2392.08	19.4567
1.25	1.42186e+06	7480	2416.33	21.8517
1.25	1.58981e+06	8415	2433.21	18.161
1.25	1.75669e+06	9350	2420.58	24.6647
1.25	1.91265e+06	10285	2428.08	22.6306
1.25	2.0417e+06	11220	2431.08	21.1151
1.25	2.15583e+06	12155	2454.46	22.6573
1.25	2.34098e+06	13090	2437	26.4426
1.25	2.52223e+06	14025	2471.88	31.4044
1.25	2.70005e+06	14960	2465.75	34.6549
1.25	2.85691e+06	15895	2456.88	28.6649
1.25	3.0033e+06	16830	2467.96	27.642
1.25	3.11534e+06	17765	2476.67	30.7529
1.25	3.22229e+06	18700	2473.58	31.4787
1.25	3.33611e+06	19635	2486.58	29.9862
1.25	3.44043e+06	20570	2470.25	28.5934
1.25	3.53627e+06	21505	2473.42	24.7695
1.25	3.65053e+06	22440	2477.54	39.1606
1.25	3.77772e+06	23375	2532.62	42.1089
1.25	3.95373e+06	24310	2472.67	31.6959
1.25	4.19736e+06	25245	2526.5	38.262
1.25	4.34087e+06	26180	2495.33	26.6397
1.25	4.52722e+06	27115	2517.42	36.5492
1.25	4.75704e+06	28050	2525.58	34.61
1.25	4.90547e+06	28985	2553.04	46.2977
1.25	5.08715e+06	29920	2550	43.5571
1.25	5.33476e+06	30855	2533	40.9308
1.25	5.5742e+06	31790	2535.75	34.3179
1.5	300638	1870	2421.58	20.2792
1.5	477854	2805	2429.46	18.213
1.5	619173	3740	2440.92	20.3162
1.5	814518	4675	2440.5	24.7799
1.5	1.01534e+06	5610	2454.04	21.4602
1.5	1.17552e+06	6545	2438.33	22.4678
1.5	1.42186e+06	7480	2460.17	32.7178
1.5	1.58981e+06	8415	2493.58	30.6409
1.5	1.75669e+06	9350	2482.38	27.0954
1.5	1.91265e+06	10285	2491.54	31.9026
1.5	2.0417e+06	11220	2497.67	39.6199
1.5	2.15583e+06	12155	2484.79	35.249
1.5	2.34098e+06	13090	2570.04	45.5282
1.5	2.52223e+06	14025	2580.46	47.8509
1.5	2.70005e+06	14960	2622.17	54.8617
1.5	2.85691e+06	15895	2615.67	33.1264
1.5	3.0033e+06	16830	2666.21	53.1757
1.5	3.11534e+06	17765	2681.83	67.132
1.5	3.22229e+06	18700	2602.08	63.2405
1.5	3.33611e+06	19635	2693.21	77.2232
1.5	3.44043e+06	20570	2679.21	91.0676
1.5	3.53627e+06	21505	2705.17	61.7226
1.5	3.65053e+06	22440	2627.08	54.5475
1.5	3.77772e+06	23375	2704.67	77.4015
1.5	3.95373e+06	24310	2911.62	144.575
1.5	4.19736e+06	25245	2995.29	207.584
1.5	4.34087e+06	26180	3093.21	185.9
1.5	4.52722e+06	27115	2922.38	106.877
1.5	4.75704e+06	28050	3209.5	241.729
1.5	4.90547e+06	28985	3355.42	261.271
1.5	5.08715e+06	29920	3128.96	281.33
1.5	5.33476e+06	30855	3292.71	323.797
1.5	5.5742e+06	31790	3821.83	394.511
1.75	300638	1870	2455.96	23.5993
1.75	477854	2805	2447.75	24.6902
1.75	619173	3740	2441.75	23.664
1.75	814518	4675	2451.38	21.8077
1.75	1.01534e+06	5610	2466.62	28.8665
1.75	1.17552e+06	6545	2503.12	26.1758
1.75	1.42186e+06	7480	2529.42	31.3349
1.75	1.58981e+06	8415	2547.96	26.8103
1.75	1.75669e+06	9350	2593.96	51.3786
1.75	1.91265e+06	10285	2635.46	45.4096
1.75	2.0417e+06	11220	2638.79	44.327
1.75	2.15583e+06	12155	2682.62	60.235
1.75	2.34098e+06	13090	2801.58	81.5708
1.75	2.52223e+06	14025	2831.71	114.661
1.75	2.70005e+06	14960	3005.5	176.731
1.75	2.85691e+06	15895	3241.96	201.183
1.75	3.0033e+06	16830	3495.46	345.366
1.75	3.11534e+06	17765	3707.08	390.847
1.75	3.22229e+06	18700	4304.83	556.499
1.75	3.33611e+06	19635	4857.12	679.065
1.75	3.44043e+06	20570	5054.58	867.145
1.75	3.53627e+06	21505	5894.71	871.715
1.75	3.65053e+06	22440	6339.83	932.33
1.75	3.77772e+06	23375	7196.21	1417.83
1.75	3.95373e+06	24310	10434.6	1631.59
1.75	4.19736e+06	25245	11801.8	1542.23
1.75	4.34087e+06	26180	14125.7	1550.18
1.75	4.52722e+06	27115	17540.7	1061.89
1.75	4.75704e+06	28050	18705.9	1940.21
1.75	4.90547e+06	28985	19210.6	1540.03
1.75	5.08715e+06	29920	23320.3	679.571
1.75	5.33476e+06	30855	25636.8	804.347
1.75	5.5742e+06	31790	26524.7	823.461
2	300638	1870	2475.08	24.3435
2	477854	2805	2494.04	16.9583
2	619173	3740	2487.54	21.6238
2	814518	4675	2506.71	28.8898
2	1.01534e+06	5610	2527.54	22.9102
2	1.17552e+06	6545	2553.67	38.8556
2	1.42186e+06	7480	2636.62	36.86
2	1.58981e+06	8415	2701.75	62.7671
2	1.75669e+06	9350	2758.21	60.8059
2	1.91265e+06	10285	2908.58	136.556
2	2.0417e+06	11220	3109.92	221.43
2	2.15583e+06	12155	3317.92	300.275
2	2.34098e+06	13090	4159.79	484.069
2	2.52223e+06	14025	6572.17	1243.18
2	2.70005e+06	14960	12489.3	1325
2	2.85691e+06	15895	14794.5	2450.8
2	3.0033e+06	16830	18932.6	1271.88
2	3.11534e+06	17765	22381.3	910.616
2	3.22229e+06	18700	25288.3	1114.76
2	3.33611e+06	19635	27326.5	831.944
2	3.44043e+06	20570	29111.4	742.938
2	3.53627e+06	21505	30887.5	513.916
2	3.65053e+06	22440	31152.2	1546.74
2	3.77772e+06	23375	33606	485.553
2	3.95373e+06	24310	35401.1	1023.26
2	4.19736e+06	25245	38352.8	458.897
2	4.34087e+06	26180	39816	474.851
2	4.52722e+06	27115	41268.9	299.213
2	4.75704e+06	28050	43155.7	377.977
2	4.90547e+06	28985	44081.4	369.156
2	5.08715e+06	29920	45173.5	387.683
2	5.33476e+06	30855	46272	326.359
2	5.5742e+06	31790	47583.5	293.179
2.25	300638	1870	2521.79	21.2403
2.25	477854	2805	2530.25	25.8462
2.25	619173	3740	2525.83	30.2452
2.25	814518	4675	2569.54	27.0275
2.25	1.01534e+06	5610	2593.79	30.3169
2.25	1.17552e+06	6545	2625.79	30.5162
2.25	1.42186e+06	7480	2836.29	107.436
2.25	1.58981e+06	8415	3026.38	160.019
2.25	1.75669e+06	9350	4038.12	551.384
2.25	1.91265e+06	10285	6310.5	746.879
2.25	2.0417e+06	11220	9506	1398.24
2.25	2.15583e+06	12155	15519.6	1697.13
2.25	2.34098e+06	13090	23380.9	762.899
2.25	2.52223e+06	14025	29508.2	671.347
2.25	2.70005e+06	14960	34975.7	723.369
2.25	2.85691e+06	15895	37900.5	463.313
2.25	3.0033e+06	16830	40754.6	452.299
2.25	3.11534e+06	17765	42242.8	394.315
2.25	3.22229e+06	18700	44210.5	395.306
2.25	3.33611e+06	19635	45350.2	374.191
2.25	3.44043e+06	20570	46665.7	388.05
2.25	3.53627e+06	21505	48050.8	326.465
2.25	3.65053e+06	22440	49011.5	309.779
2.25	3.77772e+06	23375	50617.1	354.34
2.25	3.95373e+06	24310	51813.7	413.992
2.25	4.19736e+06	25245	54156.5	376.23
2.25	4.34087e+06	26180	54956.5	306.528
2.25	4.52722e+06	27115	56304.7	269.621
2.25	4.75704e+06	28050	57637.3	357.364
2.25	4.90547e+06	28985	58231.2	338.954
2.25	5.08715e+06	29920	59528.7	258.565
2.25	5.33476e+06	30855	60599.9	256.99
2.25	5.5742e+06	31790	61717	232.147
2.5	300638	1870	2544.04	16.9024
2.5	477854	2805	2573.62	22.1811
2.5	619173	3740	2593.42	26.5325
2.5	814518	4675	2604.58	24.5734
2.5	1.01534e+06	5610	2660.75	27.6566
2.5	1.17552e+06	6545	2779.38	47.2216
2.5	1.42186e+06	7480	3249.58	171.356
2.5	1.58981e+06	8415	5643.71	939.991
2.5	1.75669e+06	9350	14809	1353.85
2.5	1.91265e+06	10285	25980.2	695.726
2.5	2.0417e+06	11220	31167.1	614.57
2.5	2.15583e+06	12155	34709	596.635
2.5	2.34098e+06	13090	41035.7	485.162
2.5	2.52223e+06	14025	45502.6	423.605
2.5	2.70005e+06	14960	49332.4	308.024
2.5	2.85691e+06	15895	52156.9	263.951
2.5	3.0033e+06	16830	54306.4	253.711
2.5	3.11534e+06	17765	55580.4	219.863
2.5	3.22229e+06	18700	57047.7	246.355
2.5	3.33611e+06	19635	58394.9	299.636
2.5	3.44043e+06	20570	59473.9	321.438
2.5	3.53627e+06	21505	60560.1	233.179
2.5	3.65053e+06	22440	61663.4	266.551
2.5	3.77772e+06	23375	62802.8	214.55
2.5	3.95373e+06	24310	64352.8	162.333
2.5	4.19736e+06	25245	65747.5	261.969
2.5	4.34087e+06	26180	66666.3	224.222
2.5	4.52722e+06	27115	67615.3	195.48
2.5	4.75704e+06	28050	68851.5	258.779
2.5	4.90547e+06	28985	69765.9	202.073
2.5	5.08715e+06	29920	70261.5	192.037
2.5	5.33476e+06	30855	71336.7	211.103
2.5	5.5742e+06	31790	72383.6	187.943
2.75	300638	1870	2573.42	32.7489
2.75	477854	2805	2603.38	21.5422
2.75	619173	3740	2624.96	26.6321
2.75	814518	4675	2662.04	29.8035
2.75	1.01534e+06	5610	2771.62	45.9797
2.75	1.17552e+06	6545	3082.54	120.876
2.75	1.42186e+06	7480	7688.75	1003.14
2.75	1.58981e+06	8415	22812.9	834.616
2.75	1.75669e+06	9350	33190.1	453.003
2.75	1.91265e+06	10285	40823.2	348.904
2.75	2.0417e+06	11220	45163.6	358.347
2.75	2.15583e+06	12155	48745.6	361.653
2.75	2.34098e+06	13090	53510.5	215.866
2.75	2.52223e+06	14025	57308.2	239.739
2.75	2.70005e+06	14960	60628.3	210.843
2.75	2.85691e+06	15895	63044.8	242.64
2.75	3.0033e+06	16830	64939.2	200.268
2.75	3.11534e+06	17765	66294.8	223.641
2.75	3.22229e+06	18700	67497.8	184.126
2.75	3.33611e+06	19635	68388	190.333
2.75	3.44043e+06	20570	69452.1	174.366
2.75	3.53627e+06	21505	70435.7	273.076
2.75	3.65053e+06	22440	71240.5	202.916
2.75	3.77772e+06	23375	72057.4	228.245
2.75	3.95373e+06	24310	73188.2	262.782
2.75	4.19736e+06	25245	74583.1	209.959
2.75	4.34087e+06	26180	75550.8	227.275
2.75	4.52722e+06	27115	76493.8	166.69
2.75	4.75704e+06	28050	77602.8	187.893
2.75	4.90547e+06	28985	78099.9	183.878
2.75	5.08715e+06	29920	78629.4	141.005
2.75	5.33476e+06	30855	79541.9	261.597
2.75	5.5742e+06	31790	80269.6	184.463
3	300638	1870	2637.88	19.8152
3	477854	2805	2634.08	20.9104
3	619173	3740	2669.08	27.0993
3	814518	4675	2744.33	44.8706
3	1.01534e+06	5610	2940.58	110.544
3	1.17552e+06	6545	3970.25	532.013
3	1.42186e+06	7480	25188.5	707.393
3	1.58981e+06	8415	37034.1	430.061
3	1.75669e+06	9350	45968.8	398.378
3	1.91265e+06	10285	51962.2	382.994
3	2.0417e+06	11220	56025.4	288.748
3	2.15583e+06	12155	59388	283.714
3	2.34098e+06	13090	63633.6	192.047
3	2.52223e+06	14025	67050.7	215.146
3	2.70005e+06	14960	69761.8	218.368
3	2.85691e+06	15895	71709.7	208.97
3	3.0033e+06	16830	73369.8	247.264
3	3.11534e+06	17765	74528.9	206.631
3	3.22229e+06	18700	75493.5	143.987
3	3.33611e+06	19635	76405.8	159.486
3	3.44043e+06	20570	77231.5	193.868
3	3.53627e+06	21505	77957.5	213.662
3	3.65053e+06	22440	78685.3	183.141
3	3.77772e+06	23375	79671.5	137.264
3	3.95373e+06	24310	80589.5	103.345
3	4.19736e+06	25245	81821.7	167.346
3	4.34087e+06	26180	82523.5	110.275
3	4.52722e+06	27115	83324.9	126.489
3	4.75704e+06	28050	84023.4	171.036
3	4.90547e+06	28985	84682.9	181.57
3	5.08715e+06	29920	85154.9	148.923
3	5.33476e+06	30855	85894.4	143.544
3	5.5742e+06	31790	86596	97.6388
3.25	300638	1870	2662.38	25.3026
3.25	477854	2805	2700.21	20.5898
3.25	619173	3740	2719.08	36.8243
3.25	814518	4675	2820.38	42.833
3.25	1.01534e+06	5610	3414.71	228.605
3.25	1.17552e+06	6545	11984.8	1425.18
3.25	1.42186e+06	7480	37883.1	510.611
3.25	1.58981e+06	8415	48430.8	359.423
3.25	1.75669e+06	9350	56178.8	262.644
3.25	1.91265e+06	10285	61417.8	237.486
3.25	2.0417e+06	11220	65202	242.179
3.25	2.15583e+06	12155	67824.2	233.745
3.25	2.34098e+06	13090	71609.8	256.624
3.25	2.52223e+06	14025	74478.9	225.874
3.25	2.70005e+06	14960	76832.4	192.889
3.25	2.85691e+06	15895	78696.7	182.754
3.25	3.0033e+06	16830	80076.8	174.465
3.25	3.11534e+06	17765	81078.3	144.01
3.25	3.22229e+06	18700	82063.2	188.27
3.25	3.33611e+06	19635	82727.3	167.926
3.25	3.44043e+06	20570	83463.4	170.985
3.25	3.53627e+06	21505	84097.9	173.601
3.25	3.65053e+06	22440	84843.2	151.138
3.25	3.77772e+06	23375	85491.3	118.543
3.25	3.95373e+06	24310	86410.4	159.976
3.25	4.19736e+06	25245	87415.4	161.912
3.25	4.34087e+06	26180	88217.2	120.498
3.25	4.52722e+06	27115	88726.7	161.662
3.25	4.75704e+06	28050	89501.2	125.842
3.25	4.90547e+06	28985	90087.5	161.97
3.25	5.08715e+06	29920	90339.4	126.178
3.25	5.33476e+06	30855	91129.4	119.665
3.25	5.5742e+06	31790	91754.5	135.04
3.5	300638	1870	2736.75	27.2091
3.5	477854	2805	2725.17	25.5405
3.5	619173	3740	2764.54	31.6946
3.5	814518	4675	2920.58	70.5913
3.5	1.01534e+06	5610	4700.71	750.228
3.5	1.17552e+06	6545	25596.7	2071.26
3.5	1.42186e+06	7480	48116.2	380.356
3.5	1.58981e+06	8415	57594.1	257.211
3.5	1.75669e+06	9350	64131	203.55
3.5	1.91265e+06	10285	69244	247.546
3.5	2.0417e+06	11220	72418.4	224.956
3.5	2.15583e+06	12155	74781.2	176.446
3.5	2.34098e+06	13090	77859	122.39
3.5	2.52223e+06	14025	80638.5	160.644
3.5	2.70005e+06	14960	82708.6	207.665
3.5	2.85691e+06	15895	84335.2	201.294
3.5	3.0033e+06	16830	85505.5	166.371
3.5	3.11534e+06	17765	86449.2	155.245
3.5	3.22229e+06	18700	87229.8	158.797
3.5	3.33611e+06	19635	87789.7	154.951
3.5	3.44043e+06	20570	88626.1	107.38
3.5	3.53627e+06	21505	89016.8	104.061
3.5	3.65053e+06	22440	89752.9	117.723
3.5	3.77772e+06	23375	90410.2	87.8014
3.5	3.95373e+06	24310	91274.1	86.7979
3.5	4.19736e+06	25245	92068.1	132.049
3.5	4.34087e+06	26180	92706.1	155.253
3.5	4.52722e+06	27115	93414	127.39
3.5	4.75704e+06	28050	94028.9	129.589
3.5	4.90547e+06	28985	94268.5	95.6713
3.5	5.08715e+06	29920	94759.5	121.671
3.5	5.33476e+06	30855	95396.3	105.694
3.5	5.5742e+06	31790	95899.6	101.786
3.75	300638	1870	2756.88	27.5555
3.75	477854	2805	2798.21	25.8636
3.75	619173	3740	2840.33	33.3091
3.75	814518	4675	3104.75	94.1512
3.75	1.01534e+06	5610	14738.7	1379.24
3.75	1.17552e+06	6545	37609.1	552.65
3.75	1.42186e+06	7480	57183.6	258.297
3.75	1.58981e+06	8415	65199.3	234.089
3.75	1.75669e+06	9350	71152.1	212
3.75	1.91265e+06	10285	75491	178.272
3.75	2.0417e+06	11220	78356.4	138.822
3.75	2.15583e+06	12155	80479.5	147.92
3.75	2.34098e+06	13090	83326.2	163.37
3.75	2.52223e+06	14025	85756.7	99.5396
3.75	2.70005e+06	14960	87574.7	147.715
3.75	2.85691e+06	15895	89014.5	132.413
3.75	3.0033e+06	16830	90122.9	114.694
3.75	3.11534e+06	17765	90990.6	125.382
3.75	3.22229e+06	18700	91608.6	115.659
3.75	3.33611e+06	19635	92329.5	142.232
3.75	3.44043e+06	20570	92856.7	137.448
3.75	3.53627e+06	21505	93246.2	102.789
3.75	3.65053e+06	22440	93883.9	126.029
3.75	3.77772e+06	23375	94479.5	97.4
3.75	3.95373e+06	24310	95170.3	113.223
3.75	4.19736e+06	25245	96111.7	120.9
3.75	4.34087e+06	26180	96588.9	111.709
3.75	4.52722e+06	27115	97001.2	106.107
3.75	4.75704e+06	28050	97661.2	109.718
3.75	4.90547e+06	28985	98094.1	82.1406
3.75	5.08715e+06	29920	98500.6	100.208
3.75	5.33476e+06	30855	99064	86.7584
3.75	5.5742e+06	31790	99401.5	111.995
4	300638	1870	2797.42	29.3957
4	477854	2805	2811.21	31.9078
4	619173	3740	2865.21	33.3572
4	814518	4675	3386.38	161.951
4	1.01534e+06	5610	26862.8	791.907
4	1.17552e+06	6545	46829.7	287.585
4	1.42186e+06	7480	63988.8	266.359
4	1.58981e+06	8415	71328	241.683
4	1.75669e+06	9350	76950.9	196.161
4	1.91265e+06	10285	80921.6	160.661
4	2.0417e+06	11220	83370.7	170.734
4	2.15583e+06	12155	85262.1	168.251
4	2.34098e+06	13090	87954.7	149.674
4	2.52223e+06	14025	89968.8	135.993
4	2.70005e+06	14960	91623.7	122.776
4	2.85691e+06	15895	92862.8	125.036
4	3.0033e+06	16830	93830.8	114.465
4	3.11534e+06	17765	94628.4	96.4116
4	3.22229e+06	18700	95329.5	98.5814
4	3.33611e+06	19635	95940.3	133.179
4	3.44043e+06	20570	96410.7	107.711
4	3.53627e+06	21505	96942.7	104.872
4	3.65053e+06	22440	97419.8	91.0588
4	3.77772e+06	23375	97894.7	95.3105
4	3.95373e+06	24310	98601.2	99.2955
4	4.19736e+06	25245	99408	91.0201
4	4.34087e+06	26180	99890.3	102.28
4	4.52722e+06	27115	100210	89.4462
4	4.75704e+06	28050	100817	87.3825
4	4.90547e+06	28985	101259	111.782
4	5.08715e+06	29920	101589	89.949
4	5.33476e+06	30855	102093	114.039
4	5.5742e+06	31790	102456	91.6495
