1	239601	4016.21	49.3707
1	331257	4000.08	55.8825
1	463688	3935.54	39.9482
1	594221	3875.92	35.7398
1	710642	3897.46	49.0099
1	839812	3834.62	34.1025
1	1046732	3852.33	40.2762
1	1542738	3853.58	38.381
1	1844510	3849.04	29.4988
1	1991801	3829.17	46.3429
1	2135536	3817.67	39.1227
1	2344649	3822.75	40.2705
1	2539344	3816.67	32.165
1	2688843	3846.21	37.0253
1	2931947	3836.46	44.0578
1	3169961	3826.12	38.8722
1	3378835	3823.71	38.4829
1	3612132	3869.04	35.1066
1	4037288	3846.96	40.9256
1	4732389	3812.25	39.26
1	4937944	3881.79	34.7786
1	5419582	3878.42	54.3564
1	5622490	3860.88	40.2118
1	5821469	3846.96	45.2818
1	6020536	3868.96	45.4714
1	6282568	3875.75	31.5687
1	6454818	3865.75	35.4655
1	6571234	3892.96	42.9627
1	6698466	3913.12	45.1438
1	6826254	3911.17	56.1521
1	6894500	3907.75	33.3178
1	6952669	3887.75	49.4398
1	6996483	3854.17	30.6492
1.0625	239601	4198.38	63.2821
1.0625	331257	4135.62	60.6951
1.0625	463688	4113.17	62.447
1.0625	594221	4015.75	36.474
1.0625	710642	3997.75	62.8774
1.0625	839812	3999.42	47.6653
1.0625	1046732	3966.29	54.3602
1.0625	1542738	3964.08	47.441
1.0625	1844510	3943.25	47.0321
1.0625	1991801	3924.08	29.8039
1.0625	2135536	3936.62	42.0994
1.0625	2344649	3902.5	39.7939
1.0625	2539344	3937.83	39.929
1.0625	2688843	3915.08	43.3069
1.0625	2931947	3947.04	36.5465
1.0625	3169961	3935.62	35.336
1.0625	3378835	3933.54	29.3638
1.0625	3612132	3911.67	44.6691
1.0625	4037288	3945.04	52.2854
1.0625	4732389	3956.29	34.7458
1.0625	4937944	3954.12	51.9712
1.0625	5419582	3974.54	43.3822
1.0625	5622490	3972.96	53.7601
1.0625	5821469	4007.17	45.3129
1.0625	6020536	3952.88	52.5686
1.0625	6282568	3997.71	45.5543
1.0625	6454818	4002.33	50.1838
1.0625	6571234	4020.17	51.3549
1.0625	6698466	3980.21	54.9839
1.0625	6826254	4019.67	43.6047
1.0625	6894500	4011.71	50.6802
1.0625	6952669	3995.79	54.644
1.0625	6996483	4024.5	59.7074
1.125	239601	4483.42	140.939
1.125	331257	4367.46	82.469
1.125	463688	4237.17	61.4577
1.125	594221	4159.54	58.2137
1.125	710642	4170.33	71.3243
1.125	839812	4167.46	101.386
1.125	1046732	4088.33	55.6169
1.125	1542738	4090.5	42.4544
1.125	1844510	4068.54	62.2572
1.125	1991801	4061.08	49.6975
1.125	2135536	4000.75	54.8331
1.125	2344649	4045.58	49.0528
1.125	2539344	3999.04	44.9388
1.125	2688843	3992.38	53.6126
1.125	2931947	4067.83	60.6692
1.125	3169961	4040.29	31.4031
1.125	3378835	4029.71	45.7948
1.125	3612132	4099.38	45.4035
1.125	4037288	4071.96	54.1631
1.125	4732389	4084.71	56.9017
1.125	4937944	4141.12	51.9837
1.125	5419582	4127.88	47.615
1.125	5622490	4145.75	70.9254
1.125	5821469	4163.42	74.2482
1.125	6020536	4088.75	50.4163
1.125	6282568	4191.92	64.6587
1.125	6454818	4128.08	72.7696
1.125	6571234	4128.46	74.2174
1.125	6698466	4215.96	101.35
1.125	6826254	4166.21	69.3851
1.125	6894500	4237.21	80.6776
1.125	6952669	4157.67	76.6842
1.125	6996483	4206.96	89.6668
1.1875	239601	4839.71	261.456
1.1875	331257	4639.96	130.163
1.1875	463688	4511.12	152.824
1.1875	594221	4385.08	124.687
1.1875	710642	4310.75	84.0372
1.1875	839812	4264.12	93.7863
1.1875	1046732	4218	80.2054
1.1875	1542738	4254.42	117.028
1.1875	1844510	4256.46	97.6738
1.1875	1991801	4255.21	106.599
1.1875	2135536	4132.62	29.6391
1.1875	2344649	4110.42	55.5374
1.1875	2539344	4144.88	40.0889
1.1875	2688843	4200.75	67.7527
1.1875	2931947	4150.12	59.8409
1.1875	3169961	4168.62	68.9166
1.1875	3378835	4208.42	105.985
1.1875	3612132	4185.33	72.9028
1.1875	4037288	4222.54	68.8383
1.1875	4732389	4173.58	63.8265
1.1875	4937944	4303.5	76.1209
1.1875	5419582	4325.83	95.0138
1.1875	5622490	4339.75	78.0772
1.1875	5821469	4341.21	99.6813
1.1875	6020536	4301.21	87.5559
1.1875	6282568	4399.29	151.198
1.1875	6454818	4341.79	116.495
1.1875	6571234	4431.25	119.722
1.1875	6698466	4396.71	121.649
1.1875	6826254	4462.54	135.495
1.1875	6894500	4429.38	154.624
1.1875	6952669	4429.21	172.808
1.1875	6996483	4466.62	130.285
1.25	239601	5493.42	440.154
1.25	331257	5448.42	395.853
1.25	463688	4950	253.808
1.25	594221	4933.38	297.006
1.25	710642	4665.08	187.783
1.25	839812	4807.38	298.922
1.25	1046732	4512.29	116.204
1.25	1542738	4651.08	257.687
1.25	1844510	4363.08	64.5564
1.25	1991801	4348.21	126.108
1.25	2135536	4397.67	159.893
1.25	2344649	4356.42	91.5407
1.25	2539344	4328	107.345
1.25	2688843	4432.17	183.35
1.25	2931947	4416.71	176.886
1.25	3169961	4483.67	105.177
1.25	3378835	4330.96	96.625
1.25	3612132	4460.79	121.712
1.25	4037288	4437.21	94.8851
1.25	4732389	4376.42	118.277
1.25	4937944	4463.92	191.767
1.25	5419582	4403.67	77.8932
1.25	5622490	4491.38	119.192
1.25	5821469	4668.88	178.219
1.25	6020536	4785	211.581
1.25	6282568	4725.25	203.378
1.25	6454818	4795.12	243.076
1.25	6571234	4877.29	247.611
1.25	6698466	4961.21	253.03
1.25	6826254	4670	154.189
1.25	6894500	5043.04	323.503
1.25	6952669	5036.67	328.058
1.25	6996483	4945.33	287.319
1.3125	239601	6948.38	842.852
1.3125	331257	7163.88	674.346
1.3125	463688	6680.58	633.209
1.3125	594221	5787.25	589.564
1.3125	710642	5787.42	553.285
1.3125	839812	5075.88	378.779
1.3125	1046732	5122.83	359.433
1.3125	1542738	5082.17	380.554
1.3125	1844510	5124.71	337.023
1.3125	1991801	4703.08	272.376
1.3125	2135536	4519.29	129.572
1.3125	2344649	4582	225.74
1.3125	2539344	4885.12	295.383
1.3125	2688843	4666.08	207.328
1.3125	2931947	4711.33	175.343
1.3125	3169961	4840.04	302.221
1.3125	3378835	4642.67	194.219
1.3125	3612132	4779.33	212.219
1.3125	4037288	4759.54	144.089
1.3125	4732389	4793.25	221.703
1.3125	4937944	4847.12	223.051
1.3125	5419582	5088.46	270.895
1.3125	5622490	5043.88	334.353
1.3125	5821469	5102.67	245.519
1.3125	6020536	5262.08	480.244
1.3125	6282568	5436.29	409.77
1.3125	6454818	5904.12	631.242
1.3125	6571234	5989.17	591.879
1.3125	6698466	5829.5	547.853
1.3125	6826254	5236.54	444.066
1.3125	6894500	5738.62	574.553
1.3125	6952669	6084.25	612.366
1.3125	6996483	6061.71	553.471
1.375	239601	9338.75	1277.88
1.375	331257	8429.83	1075.48
1.375	463688	9655.79	1090.84
1.375	594221	7702.62	988.825
1.375	710642	7248.17	943.743
1.375	839812	6680.62	855.465
1.375	1046732	6757.5	774.789
1.375	1542738	6233.17	730.225
1.375	1844510	5531.75	519.465
1.375	1991801	5815.88	619.648
1.375	2135536	5007.29	375.735
1.375	2344649	5429.04	479.951
1.375	2539344	4823.92	253.671
1.375	2688843	5174.96	468.625
1.375	2931947	5318.25	473.928
1.375	3169961	5380.88	448.696
1.375	3378835	5890.17	599.463
1.375	3612132	5266.42	433.438
1.375	4037288	5754.83	481.53
1.375	4732389	5818	487.643
1.375	4937944	5867.88	530.75
1.375	5419582	6183.33	601.293
1.375	5622490	6275.75	668.371
1.375	5821469	7220.25	709.88
1.375	6020536	7110.71	892.927
1.375	6282568	7654.08	1005.24
1.375	6454818	7298.12	1010.66
1.375	6571234	8004.17	1018.17
1.375	6698466	8805.96	1088.85
1.375	6826254	9665.58	996.635
1.375	6894500	8511.71	1272.59
1.375	6952669	10058.6	838.122
1.375	6996483	9524.88	1262.13
1.4375	239601	15059.9	1592.91
1.4375	331257	15328.6	1469.58
1.4375	463688	12261	1158.5
1.4375	594221	10900.3	986.999
1.4375	710642	8683.79	1342.81
1.4375	839812	7824.17	1318.43
1.4375	1046732	8611.25	979.182
1.4375	1542738	8093.21	973.018
1.4375	1844510	8533.92	790.656
1.4375	1991801	7637.17	1047.05
1.4375	2135536	6320.96	641.865
1.4375	2344649	6722.54	815.373
1.4375	2539344	6916.08	773.754
1.4375	2688843	6972.12	789.19
1.4375	2931947	6674.88	706.859
1.4375	3169961	6155.88	683.492
1.4375	3378835	6249	733.184
1.4375	3612132	7019.38	908.841
1.4375	4037288	7287	883.899
1.4375	4732389	7218.38	1088.27
1.4375	4937944	8221.54	920.754
1.4375	5419582	8765.96	1168.62
1.4375	5622490	9443.5	1239.37
1.4375	5821469	9809	1325.47
1.4375	6020536	10869.1	1239.17
1.4375	6282568	10823	1259.9
1.4375	6454818	12197.1	1239.88
1.4375	6571234	12301.9	1441
1.4375	6698466	12119.4	1146.92
1.4375	6826254	13779.8	1464.2
1.4375	6894500	14141.9	1379.01
1.4375	6952669	14408.4	1556.9
1.4375	6996483	13141	1416.18
1.5	239601	21766	1341.89
1.5	331257	19619.7	1925.36
1.5	463688	17176.4	1618.47
1.5	594221	12965.2	1138.27
1.5	710642	12896.2	1118.93
1.5	839812	11930.3	1337.34
1.5	1046732	11212.2	1386.19
1.5	1542738	10900.8	1287.17
1.5	1844510	11723.7	774.426
1.5	1991801	9793.71	1267.11
1.5	2135536	8331.83	1018.28
1.5	2344649	8324.5	988.544
1.5	2539344	8853.92	1105.96
1.5	2688843	9027.62	1045.77
1.5	2931947	8765.96	1226
1.5	3169961	9696.46	1093.96
1.5	3378835	9099.88	1339.1
1.5	3612132	10149.5	1211.46
1.5	4037288	10402.4	1354.22
1.5	4732389	11188.1	1632.02
1.5	4937944	12270.3	1454.06
1.5	5419582	13218.1	1189.27
1.5	5622490	14043.9	1616.24
1.5	5821469	14529.9	1602
1.5	6020536	15383.4	1800.72
1.5	6282568	15872.7	1991.18
1.5	6454818	16528.3	1698.93
1.5	6571234	17388.8	1505.52
1.5	6698466	17588	1717.27
1.5	6826254	18970.6	1253.73
1.5	6894500	19087.1	1613.88
1.5	6952669	17817.4	1790.73
1.5	6996483	18939.7	1856.38
1.5625	239601	27206.4	1758.38
1.5625	331257	24183.3	1401.58
1.5625	463688	21575.4	1414.06
1.5625	594221	15398.2	1224.59
1.5625	710642	14260.1	1492.01
1.5625	839812	13351.2	1788.97
1.5625	1046732	14493.7	604.878
1.5625	1542738	13226.8	1307.73
1.5625	1844510	12421.9	1620.97
1.5625	1991801	12408.1	1240.15
1.5625	2135536	12240.8	689.18
1.5625	2344649	10583	1322.95
1.5625	2539344	12418.8	744.809
1.5625	2688843	12111.8	1222.64
1.5625	2931947	10811.7	1472.3
1.5625	3169961	12046.5	1076.39
1.5625	3378835	13462.2	1121.26
1.5625	3612132	14042.8	1338.42
1.5625	4037288	13469.4	1796.17
1.5625	4732389	16124	1296.48
1.5625	4937944	16408.1	2138.78
1.5625	5419582	19017.5	1124.74
1.5625	5622490	19343.2	1810.65
1.5625	5821469	20012.1	1553.83
1.5625	6020536	21124.5	1123.61
1.5625	6282568	20110.2	1607.49
1.5625	6454818	22198	2186.77
1.5625	6571234	20602.2	2611.12
1.5625	6698466	22980.3	1858.69
1.5625	6826254	23465.6	1060.35
1.5625	6894500	23546.8	1538.53
1.5625	6952669	24113.6	1420.88
1.5625	6996483	24204.7	1939.19
1.625	239601	37868.2	1439.59
1.625	331257	29748.3	2098.41
1.625	463688	25383.6	2086.56
1.625	594221	17232.3	1476.92
1.625	710642	17378.9	1075.72
1.625	839812	17446.8	267.916
1.625	1046732	16858.7	202.817
1.625	1542738	16554	254.4
1.625	1844510	16003.5	965.178
1.625	1991801	14434.1	1511.67
1.625	2135536	14521	385.357
1.625	2344649	12378.7	1571.13
1.625	2539344	13489.1	1356.05
1.625	2688843	13427.3	1568.23
1.625	2931947	15359.2	636.651
1.625	3169961	13991.2	1532.31
1.625	3378835	16673.6	1300.1
1.625	3612132	17442.4	1896.86
1.625	4037288	18309.3	1417.65
1.625	4732389	20231.4	2158.01
1.625	4937944	23342	721.983
1.625	5419582	23191.8	1467.36
1.625	5622490	24559.3	1273.94
1.625	5821469	24902.1	1826.86
1.625	6020536	27115.8	758.553
1.625	6282568	27179.5	1970.11
1.625	6454818	28048.8	620.734
1.625	6571234	28329.2	654.076
1.625	6698466	28542.5	569.037
1.625	6826254	28975.5	1605.14
1.625	6894500	30193.8	657.697
1.625	6952669	29527.6	956.479
1.625	6996483	29508	776.569
1.6875	239601	48147	1820.36
1.6875	331257	35896.5	1698.21
1.6875	463688	30554.2	1524.58
1.6875	594221	19053.4	1666.94
1.6875	710642	19225.8	1188.31
1.6875	839812	19483.5	322.432
1.6875	1046732	18395.8	1155.05
1.6875	1542738	18295.4	207.484
1.6875	1844510	17372	1545.05
1.6875	1991801	17956.1	274.733
1.6875	2135536	15496	1346.96
1.6875	2344649	16019.9	986.301
1.6875	2539344	16941.5	279.765
1.6875	2688843	16528.4	1334.11
1.6875	2931947	17686.9	909.978
1.6875	3169961	19316.6	691.906
1.6875	3378835	21126.5	773.389
1.6875	3612132	22166.5	1318.49
1.6875	4037288	23829.8	1809.98
1.6875	4732389	25133.8	1500.78
1.6875	4937944	25888.7	2241.93
1.6875	5419582	29001	1051.96
1.6875	5622490	29647.5	1412.65
1.6875	5821469	31645.4	757.054
1.6875	6020536	31892	1014.03
1.6875	6282568	33542	924.379
1.6875	6454818	34002	1575.75
1.6875	6571234	33660.7	2088.49
1.6875	6698466	35418	1113.93
1.6875	6826254	36806.2	1128.97
1.6875	6894500	37045.5	970.353
1.6875	6952669	36171	1449.46
1.6875	6996483	36760.6	1503.04
1.75	239601	61745.8	1515.36
1.75	331257	45561.3	2226.27
1.75	463688	37073.4	1774.07
1.75	594221	22312	376.949
1.75	710642	21672.2	322.335
1.75	839812	20757.9	1156.77
1.75	1046732	19561.3	1672.53
1.75	1542738	18929.9	1686.53
1.75	1844510	20259.5	319.673
1.75	1991801	18626.9	1586.69
1.75	2135536	17442.4	1509.52
1.75	2344649	18560.3	334.094
1.75	2539344	18554.3	1208.07
1.75	2688843	17957.3	1910.36
1.75	2931947	20732.6	1164.17
1.75	3169961	23077.3	866.99
1.75	3378835	25340.8	702.63
1.75	3612132	27394.6	965.795
1.75	4037288	28606.1	597.757
1.75	4732389	30404.5	847.087
1.75	4937944	31795.5	984.99
1.75	5419582	33895	814.044
1.75	5622490	35570	900.839
1.75	5821469	36846.2	1240.59
1.75	6020536	38416	969.122
1.75	6282568	40432.6	1097.39
1.75	6454818	41081.5	1268.82
1.75	6571234	41729.9	1618.99
1.75	6698466	43058.2	1480.81
1.75	6826254	44508	1326.25
1.75	6894500	45772.6	1376.24
1.75	6952669	44626.1	1376.77
1.75	6996483	44695.8	1356.78
1.8125	239601	73759.2	2006.16
1.8125	331257	57421.4	2123.08
1.8125	463688	46686.3	1009.03
1.8125	594221	24566	1567.21
1.8125	710642	24310	605.454
1.8125	839812	23512.6	383.837
1.8125	1046732	22839.7	344.99
1.8125	1542738	21898.4	1449.96
1.8125	1844510	22556.2	426.043
1.8125	1991801	21372.8	288.825
1.8125	2135536	20216.1	1334.49
1.8125	2344649	19712	1580.78
1.8125	2539344	21428.5	435.444
1.8125	2688843	22419.4	1172.56
1.8125	2931947	24838.9	727.742
1.8125	3169961	27035.3	908.148
1.8125	3378835	28431.6	1083.41
1.8125	3612132	30866.2	1098.27
1.8125	4037288	33664.5	825.528
1.8125	4732389	33605.5	2481.33
1.8125	4937944	37381.3	1122.38
1.8125	5419582	41196.2	1108.88
1.8125	5622490	42994.2	1368.36
1.8125	5821469	43346.2	1782.37
1.8125	6020536	46241.8	1520.88
1.8125	6282568	47329.5	1770.31
1.8125	6454818	50659.3	1650.58
1.8125	6571234	51016.3	2032.2
1.8125	6698466	53459.9	1771.17
1.8125	6826254	54392.2	2278.38
1.8125	6894500	55564.1	1018.93
1.8125	6952669	55710.7	1266.8
1.8125	6996483	57141.3	1282.9
1.875	239601	90882.8	1968.13
1.875	331257	71289.7	1046.46
1.875	463688	54090.8	2071.25
1.875	594221	29437.1	678.072
1.875	710642	27518.4	690.758
1.875	839812	25410.5	1741.36
1.875	1046732	25639.9	546.914
1.875	1542738	25909.2	600.037
1.875	1844510	23792.6	1629.86
1.875	1991801	23835.5	388.522
1.875	2135536	23276.9	607.712
1.875	2344649	24043.6	800.499
1.875	2539344	24952.3	868.687
1.875	2688843	26770.5	858.002
1.875	2931947	28700.4	1022.11
1.875	3169961	30234	2228.52
1.875	3378835	32856.8	1181.41
1.875	3612132	35604.5	902.372
1.875	4037288	38034.5	913.84
1.875	4732389	41104	1280.34
1.875	4937944	44781.9	1287.64
1.875	5419582	48080.7	1305.11
1.875	5622490	51109.2	1919.96
1.875	5821469	52931.8	1756.5
1.875	6020536	56782	1579.81
1.875	6282568	59178.9	1168.63
1.875	6454818	61286	2268.87
1.875	6571234	62373.1	1321.36
1.875	6698466	64168.3	1580.27
1.875	6826254	66212.8	1545.35
1.875	6894500	65510.9	1454.72
1.875	6952669	67353	1509.88
1.875	6996483	67645.9	1461.7
1.9375	239601	106973	1810.41
1.9375	331257	84476	1421.89
1.9375	463688	65215.5	1729.14
1.9375	594221	35437.8	1113.72
1.9375	710642	31075.7	933.559
1.9375	839812	31456.6	887.291
1.9375	1046732	28896.3	967.337
1.9375	1542738	29543	829.111
1.9375	1844510	27999.2	731.848
1.9375	1991801	27246.2	779.861
1.9375	2135536	26388.5	839.747
1.9375	2344649	27422	1596.41
1.9375	2539344	27670.9	1991.66
1.9375	2688843	31711.2	1080.47
1.9375	2931947	33679.9	899.049
1.9375	3169961	36090.4	799.586
1.9375	3378835	38482.7	993.532
1.9375	3612132	42160.6	1136.1
1.9375	4037288	45876.6	1362.33
1.9375	4732389	49926.4	1380.19
1.9375	4937944	53549.2	1855.53
1.9375	5419582	58516.5	1260.22
1.9375	5622490	61657.5	1332.29
1.9375	5821469	65304.1	1238.02
1.9375	6020536	66605.1	1910.71
1.9375	6282568	69685.5	1615.27
1.9375	6454818	73477.4	1541.25
1.9375	6571234	73743.2	1476.35
1.9375	6698466	77373.1	1625.3
1.9375	6826254	77068.2	1826.96
1.9375	6894500	79055	1350.95
1.9375	6952669	79940.3	1523.01
1.9375	6996483	80456.7	1521.37
2	239601	125587	1304.16
2	331257	99380	1273.12
2	463688	81005.5	1871.11
2	594221	42706.7	1602.66
2	710642	36892.4	1167.68
2	839812	34947.1	1190.73
2	1046732	32762.8	2599
2	1542738	33608.1	1090.33
2	1844510	32276	831.289
2	1991801	31829.4	835.167
2	2135536	31678.5	1114.79
2	2344649	31460.4	1372.72
2	2539344	34423.8	1216.48
2	2688843	37203.1	973.788
2	2931947	39815.4	1278.56
2	3169961	40871.3	1160.83
2	3378835	43869.3	1433.47
2	3612132	48939.7	1372.83
2	4037288	52565.3	2071.88
2	4732389	60722.2	1599.48
2	4937944	64041.3	1846.5
2	5419582	69240.5	1564.69
2	5622490	72784.5	1963.56
2	5821469	77593	1693.72
2	6020536	80031.5	1729.53
2	6282568	84101.1	1184.94
2	6454818	86219.5	1807.73
2	6571234	87593.7	1540.79
2	6698466	88760.3	1732.92
2	6826254	90850.6	1668.73
2	6894500	93134.8	1264.88
2	6952669	93080.8	1197.22
2	6996483	93675.5	1286.61
2.0625	239601	144890	1465.72
2.0625	331257	113856	1396.85
2.0625	463688	94666	1479.54
2.0625	594221	53958.6	1464.41
2.0625	710642	44505.4	1238.82
2.0625	839812	42890.6	1328.79
2.0625	1046732	40560	1265.09
2.0625	1542738	40589.7	1290.84
2.0625	1844510	36749.8	996.432
2.0625	1991801	36266	859.395
2.0625	2135536	36559.4	1078.55
2.0625	2344649	37828.2	1262.63
2.0625	2539344	39544.2	2234.95
2.0625	2688843	44197	1209.01
2.0625	2931947	46013.2	1361.13
2.0625	3169961	46795.5	1468.52
2.0625	3378835	51576.5	1324.38
2.0625	3612132	57682.1	2041.7
2.0625	4037288	64937.8	1812.42
2.0625	4732389	72723.5	1614.7
2.0625	4937944	76034.2	1403.24
2.0625	5419582	82568.6	1757.72
2.0625	5622490	86110.6	982.919
2.0625	5821469	90669.7	1002.11
2.0625	6020536	93878.7	1323.8
2.0625	6282568	97627.5	1133.25
2.0625	6454818	98561.3	1023.24
2.0625	6571234	101021	1231.92
2.0625	6698466	104387	905.485
2.0625	6826254	104856	1182.01
2.0625	6894500	105089	1050.98
2.0625	6952669	106939	1026.22
2.0625	6996483	107282	1024.65
2.125	239601	166108	1390.23
2.125	331257	132775	1352.55
2.125	463688	110169	1478.23
2.125	594221	65291.8	1925.51
2.125	710642	55314.7	2005.09
2.125	839812	51674.9	1679.36
2.125	1046732	47154.1	1252.81
2.125	1542738	46967.5	1262.43
2.125	1844510	42149.4	993.604
2.125	1991801	42308.9	1008.45
2.125	2135536	41900.2	1020.41
2.125	2344649	44119	1282.63
2.125	2539344	47870.4	958.794
2.125	2688843	51066.8	1225.99
2.125	2931947	53126	1574.81
2.125	3169961	56334.6	1347.51
2.125	3378835	60741.9	1932.87
2.125	3612132	67631.8	1757.99
2.125	4037288	76821.1	1521.09
2.125	4732389	84592.8	1272.54
2.125	4937944	89809.2	1544.7
2.125	5419582	94861.5	1441.1
2.125	5622490	100460	1103.76
2.125	5821469	103474	1242.37
2.125	6020536	106879	920.217
2.125	6282568	110166	1343.9
2.125	6454818	112060	1001.75
2.125	6571234	115163	1215.02
2.125	6698466	117681	1075.58
2.125	6826254	118797	1016.01
2.125	6894500	119928	1420.93
2.125	6952669	121439	993.262
2.125	6996483	120775	1106.48
2.1875	239601	185582	1196.68
2.1875	331257	149261	1543.6
2.1875	463688	127557	1514.14
2.1875	594221	81723.5	2154.03
2.1875	710642	67085.7	2034.26
2.1875	839812	61924.7	1964.37
2.1875	1046732	54579.2	1739.23
2.1875	1542738	53120.3	1572.7
2.1875	1844510	47412.4	739.155
2.1875	1991801	48427.3	846.143
2.1875	2135536	48619.1	1173.06
2.1875	2344649	51668.2	935.9
2.1875	2539344	56019	1011.45
2.1875	2688843	58827.4	787.163
2.1875	2931947	64023.2	1408.54
2.1875	3169961	67056.2	2095.5
2.1875	3378835	72771.6	2548.04
2.1875	3612132	81131.7	1649.96
2.1875	4037288	89576.3	1509.49
2.1875	4732389	98876.1	877.595
2.1875	4937944	103673	1220.88
2.1875	5419582	108891	1443.09
2.1875	5622490	112778	1140.55
2.1875	5821469	117798	1539.67
2.1875	6020536	120823	1162.25
2.1875	6282568	124580	857.996
2.1875	6454818	126942	1054.34
2.1875	6571234	130642	945.067
2.1875	6698466	131959	1147.44
2.1875	6826254	133383	1071.12
2.1875	6894500	134271	1033.63
2.1875	6952669	135863	1346.16
2.1875	6996483	137017	1249.63
2.25	239601	207149	1086.14
2.25	331257	168229	1140.83
2.25	463688	144181	1401.47
2.25	594221	98452.1	1862.28
2.25	710642	84355.5	1313.96
2.25	839812	72477.5	1905.22
2.25	1046732	64498.6	1748.87
2.25	1542738	63297.5	1498.58
2.25	1844510	53886.2	948.725
2.25	1991801	54522.7	1268.06
2.25	2135536	55926	1255.52
2.25	2344649	58640	1198.35
2.25	2539344	62679.9	1356.48
2.25	2688843	67780.3	1422.99
2.25	2931947	74770.1	1577.51
2.25	3169961	79966.2	1181.28
2.25	3378835	84291.2	1941.7
2.25	3612132	94133.2	1554.93
2.25	4037288	104487	1098.81
2.25	4732389	112209	1105.32
2.25	4937944	117026	991.667
2.25	5419582	124207	1239.91
2.25	5622490	127887	1266.68
2.25	5821469	132148	1134.2
2.25	6020536	135637	1078.11
2.25	6282568	138944	956.3
2.25	6454818	143580	1213.17
2.25	6571234	144688	671.63
2.25	6698466	147724	1386.27
2.25	6826254	149529	1217.79
2.25	6894500	150667	1402.93
2.25	6952669	151553	1364.31
2.25	6996483	152735	809.514
2.3125	239601	231107	1619.13
2.3125	331257	190341	1307.67
2.3125	463688	162418	1395.77
2.3125	594221	115823	1547.66
2.3125	710642	97517.9	2153.81
2.3125	839812	86693.2	1776.17
2.3125	1046732	75232.1	1430.13
2.3125	1542738	73753	1265
2.3125	1844510	61899.8	1135.68
2.3125	1991801	62511.5	1067.7
2.3125	2135536	64220.2	1018.72
2.3125	2344649	66939.2	1240.83
2.3125	2539344	72717	1335.37
2.3125	2688843	77521.4	1230.26
2.3125	2931947	86939.1	1574.41
2.3125	3169961	91725.9	1663.13
2.3125	3378835	99905	1403.76
2.3125	3612132	109037	1199.64
2.3125	4037288	118308	1136.72
2.3125	4732389	126802	1182.87
2.3125	4937944	131589	1427.53
2.3125	5419582	137346	1152.92
2.3125	5622490	141241	966.114
2.3125	5821469	146884	1239.57
2.3125	6020536	152151	1335.4
2.3125	6282568	156301	1040.67
2.3125	6454818	157416	1029.36
2.3125	6571234	161062	1079.54
2.3125	6698466	164099	1172.49
2.3125	6826254	165099	1269.6
2.3125	6894500	167409	1203.01
2.3125	6952669	168114	1215.37
2.3125	6996483	169153	1193.77
2.375	239601	256969	895.452
2.375	331257	213341	1540.67
2.375	463688	184240	1348.64
2.375	594221	135649	2160.35
2.375	710642	117652	1723.34
2.375	839812	98666.7	1451.42
2.375	1046732	86063.8	1867.77
2.375	1542738	84911.4	1335.31
2.375	1844510	72632.9	1513.03
2.375	1991801	71718.5	1488.59
2.375	2135536	72859.5	1250.78
2.375	2344649	76365.4	1492.32
2.375	2539344	82572.5	1607.01
2.375	2688843	88790.8	1414.95
2.375	2931947	99275.9	1162.06
2.375	3169961	105929	1858.7
2.375	3378835	113444	1076.55
2.375	3612132	124368	1159.69
2.375	4037288	131763	1077.95
2.375	4732389	140755	1343.69
2.375	4937944	146693	1617.04
2.375	5419582	152947	920.419
2.375	5622490	157191	1474.9
2.375	5821469	162662	1285.62
2.375	6020536	168465	1301.42
2.375	6282568	172382	1243.03
2.375	6454818	173642	1217.84
2.375	6571234	177334	1185.04
2.375	6698466	180638	1305.63
2.375	6826254	181711	1244.8
2.375	6894500	184341	1121.63
2.375	6952669	185402	873.434
2.375	6996483	186832	1169.11
2.4375	239601	282095	1821.15
2.4375	331257	239387	1747.78
2.4375	463688	205498	1568.47
2.4375	594221	157084	1487.7
2.4375	710642	137181	2409.34
2.4375	839812	115280	1688
2.4375	1046732	101339	1923.39
2.4375	1542738	97304.2	1500.44
2.4375	1844510	82202.5	1641.34
2.4375	1991801	81788.3	1994.29
2.4375	2135536	83819.2	965.368
2.4375	2344649	88172.2	1469.64
2.4375	2539344	94626.6	1921.33
2.4375	2688843	103255	1802.76
2.4375	2931947	114145	1748.66
2.4375	3169961	121552	1106.87
2.4375	3378835	128545	915.772
2.4375	3612132	138645	1747.06
2.4375	4037288	147997	1292.42
2.4375	4732389	156285	1286.17
2.4375	4937944	162560	1097.97
2.4375	5419582	169848	1375.01
2.4375	5622490	174356	1263.19
2.4375	5821469	179452	1226.44
2.4375	6020536	185095	1194.94
2.4375	6282568	189984	962.766
2.4375	6454818	193085	1401.25
2.4375	6571234	194420	1308.96
2.4375	6698466	198102	898.897
2.4375	6826254	201339	1083.4
2.4375	6894500	201641	933.733
2.4375	6952669	204251	1262.05
2.4375	6996483	205278	877.73
2.5	239601	313902	1420.35
2.5	331257	267197	1862.74
2.5	463688	231128	1733.92
2.5	594221	179485	1840.22
2.5	710642	158541	1962.24
2.5	839812	134361	2180.61
2.5	1046732	117722	1828.89
2.5	1542738	112664	2109.85
2.5	1844510	96896.2	1841.75
2.5	1991801	94297.9	1519.48
2.5	2135536	96328.8	1346.25
2.5	2344649	101121	1545.55
2.5	2539344	109757	1589.47
2.5	2688843	118750	1575.13
2.5	2931947	129405	1780.37
2.5	3169961	136947	1241.84
2.5	3378835	143904	1332.17
2.5	3612132	154929	1390.33
2.5	4037288	163261	1305.21
2.5	4732389	172308	1500.52
2.5	4937944	178971	1457.13
2.5	5419582	186070	1279.22
2.5	5622490	191426	976.556
2.5	5821469	197525	1452.64
2.5	6020536	202666	795.3
2.5	6282568	207350	1478.02
2.5	6454818	212608	1055.1
2.5	6571234	212953	1101.18
2.5	6698466	217599	1439.22
2.5	6826254	219234	1048.99
2.5	6894500	221174	1117.31
2.5	6952669	221936	1116.59
2.5	6996483	223999	1060.22
2.5625	239601	344890	1343.16
2.5625	331257	296936	2102.71
2.5625	463688	258831	1441.36
2.5625	594221	205627	2067.47
2.5625	710642	184807	2263.97
2.5625	839812	155672	2454.23
2.5625	1046732	136996	1752.75
2.5625	1542738	131647	2435.48
2.5625	1844510	114568	1869.5
2.5625	1991801	112363	2057.92
2.5625	2135536	111052	1760.63
2.5625	2344649	116373	1725.79
2.5625	2539344	126621	1781.76
2.5625	2688843	135745	2077.46
2.5625	2931947	147286	1751.18
2.5625	3169961	153597	1501.66
2.5625	3378835	161398	1171.89
2.5625	3612132	171246	1535.06
2.5625	4037288	181119	1221.74
2.5625	4732389	190648	1412.75
2.5625	4937944	196968	1344.71
2.5625	5419582	205404	1148.39
2.5625	5622490	209885	1259.17
2.5625	5821469	216683	1027.55
2.5625	6020536	220648	1301.09
2.5625	6282568	225800	1237.52
2.5625	6454818	230227	1378.63
2.5625	6571234	231730	1414.51
2.5625	6698466	234724	1226.25
2.5625	6826254	238875	1117.18
2.5625	6894500	240348	1429.03
2.5625	6952669	242765	1180.42
2.5625	6996483	244196	1262.72
2.625	239601	380002	1838.38
2.625	331257	330661	2111.88
2.625	463688	290023	2078.37
2.625	594221	234632	1562.37
2.625	710642	210820	2200.05
2.625	839812	180218	2041.1
2.625	1046732	158786	2227.23
2.625	1542738	154672	1871.04
2.625	1844510	133835	1792.49
2.625	1991801	128877	2235.15
2.625	2135536	129167	1999.15
2.625	2344649	136803	2169.68
2.625	2539344	143760	1720.3
2.625	2688843	153695	1404.6
2.625	2931947	168287	1910.44
2.625	3169961	171452	1653.29
2.625	3378835	179206	1735.55
2.625	3612132	189512	1521.58
2.625	4037288	199541	1301.39
2.625	4732389	210245	1451.68
2.625	4937944	217029	1503.35
2.625	5419582	224738	1255.75
2.625	5622490	231395	1586.51
2.625	5821469	237204	1102.04
2.625	6020536	243312	889.189
2.625	6282568	247417	1523.71
2.625	6454818	249805	1386.95
2.625	6571234	253899	1576.32
2.625	6698466	258104	1751.3
2.625	6826254	260173	1306.01
2.625	6894500	261798	1418.88
2.625	6952669	263633	1057.63
2.625	6996483	265002	1344.93
2.6875	239601	417360	1883.86
2.6875	331257	365706	1797.58
2.6875	463688	323206	1687.76
2.6875	594221	267116	1961.51
2.6875	710642	241720	1269.17
2.6875	839812	206842	1477.69
2.6875	1046732	184470	2088.12
2.6875	1542738	180045	1698.83
2.6875	1844510	159652	1732.38
2.6875	1991801	152495	1864.41
2.6875	2135536	153423	2251.95
2.6875	2344649	159806	1408.77
2.6875	2539344	167525	2445.32
2.6875	2688843	177756	1961.52
2.6875	2931947	190320	1810.67
2.6875	3169961	195447	1641.03
2.6875	3378835	202327	927.818
2.6875	3612132	211438	1603.84
2.6875	4037288	220807	1692.89
2.6875	4732389	231802	1699.44
2.6875	4937944	237742	1549.73
2.6875	5419582	246134	1658.11
2.6875	5622490	250461	1314.19
2.6875	5821469	257823	1271.06
2.6875	6020536	263907	1468.01
2.6875	6282568	267533	1373.18
2.6875	6454818	272897	1082.83
2.6875	6571234	275798	1606.34
2.6875	6698466	279231	1426.21
2.6875	6826254	282613	1505.08
2.6875	6894500	284282	1546.27
2.6875	6952669	286408	937.526
2.6875	6996483	289136	1080.36
2.75	239601	454461	1861.03
2.75	331257	405198	2048.72
2.75	463688	357070	1516.67
2.75	594221	301030	2300.65
2.75	710642	272974	2143.07
2.75	839812	238776	2540.58
2.75	1046732	213831	1850.56
2.75	1542738	211004	2772.27
2.75	1844510	187476	2408.32
2.75	1991801	178793	2607.56
2.75	2135536	182098	2203.14
2.75	2344649	187237	2238.58
2.75	2539344	193955	1868.65
2.75	2688843	202369	2478.31
2.75	2931947	213375	2069.84
2.75	3169961	216101	1962.53
2.75	3378835	225108	1449.54
2.75	3612132	237396	1713.08
2.75	4037288	245727	1867.73
2.75	4732389	253183	1678.9
2.75	4937944	260012	1230.98
2.75	5419582	268760	1782.39
2.75	5622490	276006	1635.86
2.75	5821469	282042	1515.86
2.75	6020536	288912	1249.13
2.75	6282568	292118	1942.14
2.75	6454818	297316	1438.28
2.75	6571234	299409	1392.98
2.75	6698466	303909	1616.28
2.75	6826254	306880	1355.76
2.75	6894500	309945	1274.8
2.75	6952669	311549	2057.7
2.75	6996483	311353	1369.45
2.8125	239601	495587	1970.88
2.8125	331257	445145	2291.97
2.8125	463688	394977	1710.81
2.8125	594221	336370	2546.27
2.8125	710642	309880	3105.47
2.8125	839812	271974	2653.2
2.8125	1046732	245412	2359.83
2.8125	1542738	242817	2164.96
2.8125	1844510	223466	2571.35
2.8125	1991801	213016	2313.24
2.8125	2135536	211627	2648.9
2.8125	2344649	217722	2348.4
2.8125	2539344	222742	2261.83
2.8125	2688843	231165	2094.43
2.8125	2931947	241118	1413.24
2.8125	3169961	244157	2266.08
2.8125	3378835	253923	1495.63
2.8125	3612132	263806	1873.3
2.8125	4037288	269994	1957.48
2.8125	4732389	279656	1674.82
2.8125	4937944	287102	1934.57
2.8125	5419582	294765	1796.84
2.8125	5622490	302489	1368.57
2.8125	5821469	307049	1290.45
2.8125	6020536	313790	1545.61
2.8125	6282568	319320	1253.94
2.8125	6454818	322417	1488.76
2.8125	6571234	325277	1525.45
2.8125	6698466	330439	1505.73
2.8125	6826254	331221	1401.92
2.8125	6894500	335759	1130.04
2.8125	6952669	337547	1544.02
2.8125	6996483	339172	1653.83
2.875	239601	538768	1839.53
2.875	331257	487230	2032.83
2.875	463688	434715	1537.68
2.875	594221	374525	2298.42
2.875	710642	348447	2075.51
2.875	839812	309506	2491.04
2.875	1046732	280189	2694.38
2.875	1542738	276493	2150.94
2.875	1844510	259063	2428.52
2.875	1991801	247510	2196.14
2.875	2135536	247805	2681.05
2.875	2344649	250216	2150.51
2.875	2539344	253528	2212.79
2.875	2688843	259884	2325.86
2.875	2931947	272282	2494.16
2.875	3169961	273887	2055.48
2.875	3378835	283068	1810.45
2.875	3612132	292429	1778.02
2.875	4037288	298226	1426.3
2.875	4732389	307073	1852.58
2.875	4937944	314678	1816.69
2.875	5419582	320810	1198.28
2.875	5622490	329331	1204.56
2.875	5821469	334482	1638.43
2.875	6020536	340669	1657.5
2.875	6282568	346908	1409.31
2.875	6454818	350514	1355.43
2.875	6571234	353152	1398.87
2.875	6698466	357094	1746.82
2.875	6826254	361009	1488.15
2.875	6894500	362194	1771.4
2.875	6952669	366140	1498.39
2.875	6996483	368042	1418.09
2.9375	239601	584622	1855.03
2.9375	331257	529713	2149.81
2.9375	463688	478360	1852.35
2.9375	594221	417977	2765.1
2.9375	710642	385826	1654.06
2.9375	839812	348368	2292.69
2.9375	1046732	319518	2254.31
2.9375	1542738	316115	1833.85
2.9375	1844510	295805	2525.68
2.9375	1991801	285905	2706.24
2.9375	2135536	286250	2290.87
2.9375	2344649	284111	2035.83
2.9375	2539344	288770	1800.41
2.9375	2688843	297143	2129.91
2.9375	2931947	304862	1448.98
2.9375	3169961	306868	1300.43
2.9375	3378835	315563	2059.49
2.9375	3612132	324464	1885.03
2.9375	4037288	327873	1886.21
2.9375	4732389	335597	2186.78
2.9375	4937944	342267	1706.83
2.9375	5419582	352021	1581.86
2.9375	5622490	359618	1966.77
2.9375	5821469	365592	1720.16
2.9375	6020536	371007	1778.18
2.9375	6282568	375280	1593.27
2.9375	6454818	377785	1901.79
2.9375	6571234	382535	1994.72
2.9375	6698466	386625	1347.05
2.9375	6826254	390956	1865.28
2.9375	6894500	393244	1343.88
2.9375	6952669	395771	1576.05
2.9375	6996483	398506	1709.44
3	239601	631709	2022.32
3	331257	580248	2335.71
3	463688	524792	1904.32
3	594221	464534	2492.19
3	710642	429365	1946.62
3	839812	388486	2548.77
3	1046732	359489	1875.85
3	1542738	355334	2344.6
3	1844510	336841	2230.63
3	1991801	322644	1844.84
3	2135536	322924	2782.93
3	2344649	325234	2352.23
3	2539344	325337	1681.98
3	2688843	331631	1569.4
3	2931947	340642	1607.7
3	3169961	341041	2074.14
3	3378835	350600	2430.11
3	3612132	359610	2078.34
3	4037288	362620	2011.1
3	4732389	369070	1561.34
3	4937944	377790	1808.61
3	5419582	385614	2015.57
3	5622490	389961	1580.24
3	5821469	395723	2123.98
3	6020536	403648	2129.68
3	6282568	407920	1737.22
3	6454818	409714	1633.38
3	6571234	413887	1596.19
3	6698466	419460	1855.79
3	6826254	423671	1649.65
3	6894500	425358	1718.59
3	6952669	428762	1798.23
3	6996483	430107	1514.22
