2	239601	127866	932.641
2	331257	99658.8	1202.57
2	463688	80708	1552.48
2	594221	42688.9	1572.62
2	710642	37610.3	1292.17
2	839812	35186.1	922.213
2	1046732	33540.6	1134
2	1542738	33481.3	1196.01
2	1844510	31629.7	994.066
2	1991801	31192.6	859.922
2	2135536	30317	1059.58
2	2344649	31766.8	2255.48
2	2539344	34515.2	1402.27
2	2688843	37759.8	1142.95
2	2931947	40013.4	1286.77
2	3169961	41390.1	1192.17
2	3378835	43529.7	1068.54
2	3612132	48899.4	1170.49
2	4037288	54185.4	1683.48
2	4732389	59748	1213.51
2	4937944	64508.8	1551.98
2	5419582	69104	1329.45
2	5622490	71592.5	1699.36
2	5821469	76196.7	1439.77
2	6020536	80701.3	1273.81
2	6282568	83057.4	1565.13
2	6454818	85727.4	1471.48
2	6571234	88262.6	1485.61
2	6698466	88928.7	1534.97
2	6826254	90884.7	1057.35
2	6894500	92254	1495.51
2	6952669	94314.4	1111.68
2	6996483	93339	1181.91
2.0625	239601	144890	1465.72
2.0625	331257	113856	1396.85
2.0625	463688	94666	1479.54
2.0625	594221	53958.6	1464.41
2.0625	710642	44505.4	1238.82
2.0625	839812	42890.6	1328.79
2.0625	1046732	40560	1265.09
2.0625	1542738	40589.7	1290.84
2.0625	1844510	36749.8	996.432
2.0625	1991801	36266	859.395
2.0625	2135536	36559.4	1078.55
2.0625	2344649	37828.2	1262.63
2.0625	2539344	39544.2	2234.95
2.0625	2688843	44197	1209.01
2.0625	2931947	46013.2	1361.13
2.0625	3169961	46795.5	1468.52
2.0625	3378835	51576.5	1324.38
2.0625	3612132	57682.1	2041.7
2.0625	4037288	64937.8	1812.42
2.0625	4732389	72723.5	1614.7
2.0625	4937944	76034.2	1403.24
2.0625	5419582	82568.6	1757.72
2.0625	5622490	86110.6	982.919
2.0625	5821469	90669.7	1002.11
2.0625	6020536	93878.7	1323.8
2.0625	6282568	97627.5	1133.25
2.0625	6454818	98561.3	1023.24
2.0625	6571234	101021	1231.92
2.0625	6698466	104387	905.485
2.0625	6826254	104856	1182.01
2.0625	6894500	105089	1050.98
2.0625	6952669	106939	1026.22
2.0625	6996483	107282	1024.65
2.125	239601	166108	1390.23
2.125	331257	132775	1352.55
2.125	463688	110169	1478.23
2.125	594221	65291.8	1925.51
2.125	710642	55314.7	2005.09
2.125	839812	51674.9	1679.36
2.125	1046732	47154.1	1252.81
2.125	1542738	46967.5	1262.43
2.125	1844510	42149.4	993.604
2.125	1991801	42308.9	1008.45
2.125	2135536	41900.2	1020.41
2.125	2344649	44119	1282.63
2.125	2539344	47870.4	958.794
2.125	2688843	51066.8	1225.99
2.125	2931947	53126	1574.81
2.125	3169961	56334.6	1347.51
2.125	3378835	60741.9	1932.87
2.125	3612132	67631.8	1757.99
2.125	4037288	76821.1	1521.09
2.125	4732389	84592.8	1272.54
2.125	4937944	89809.2	1544.7
2.125	5419582	94861.5	1441.1
2.125	5622490	100460	1103.76
2.125	5821469	103474	1242.37
2.125	6020536	106879	920.217
2.125	6282568	110166	1343.9
2.125	6454818	112060	1001.75
2.125	6571234	115163	1215.02
2.125	6698466	117681	1075.58
2.125	6826254	118797	1016.01
2.125	6894500	119928	1420.93
2.125	6952669	121439	993.262
2.125	6996483	120775	1106.48
2.1875	239601	185582	1196.68
2.1875	331257	149261	1543.6
2.1875	463688	127557	1514.14
2.1875	594221	81723.5	2154.03
2.1875	710642	67085.7	2034.26
2.1875	839812	61924.7	1964.37
2.1875	1046732	54579.2	1739.23
2.1875	1542738	53120.3	1572.7
2.1875	1844510	47412.4	739.155
2.1875	1991801	48427.3	846.143
2.1875	2135536	48619.1	1173.06
2.1875	2344649	51668.2	935.9
2.1875	2539344	56019	1011.45
2.1875	2688843	58827.4	787.163
2.1875	2931947	64023.2	1408.54
2.1875	3169961	67056.2	2095.5
2.1875	3378835	72771.6	2548.04
2.1875	3612132	81131.7	1649.96
2.1875	4037288	89576.3	1509.49
2.1875	4732389	98876.1	877.595
2.1875	4937944	103673	1220.88
2.1875	5419582	108891	1443.09
2.1875	5622490	112778	1140.55
2.1875	5821469	117798	1539.67
2.1875	6020536	120823	1162.25
2.1875	6282568	124580	857.996
2.1875	6454818	126942	1054.34
2.1875	6571234	130642	945.067
2.1875	6698466	131959	1147.44
2.1875	6826254	133383	1071.12
2.1875	6894500	134271	1033.63
2.1875	6952669	135863	1346.16
2.1875	6996483	137017	1249.63
2.25	239601	207149	1086.14
2.25	331257	168229	1140.83
2.25	463688	144181	1401.47
2.25	594221	98452.1	1862.28
2.25	710642	84355.5	1313.96
2.25	839812	72477.5	1905.22
2.25	1046732	64498.6	1748.87
2.25	1542738	63297.5	1498.58
2.25	1844510	53886.2	948.725
2.25	1991801	54522.7	1268.06
2.25	2135536	55926	1255.52
2.25	2344649	58640	1198.35
2.25	2539344	62679.9	1356.48
2.25	2688843	67780.3	1422.99
2.25	2931947	74770.1	1577.51
2.25	3169961	79966.2	1181.28
2.25	3378835	84291.2	1941.7
2.25	3612132	94133.2	1554.93
2.25	4037288	104487	1098.81
2.25	4732389	112209	1105.32
2.25	4937944	117026	991.667
2.25	5419582	124207	1239.91
2.25	5622490	127887	1266.68
2.25	5821469	132148	1134.2
2.25	6020536	135637	1078.11
2.25	6282568	138944	956.3
2.25	6454818	143580	1213.17
2.25	6571234	144688	671.63
2.25	6698466	147724	1386.27
2.25	6826254	149529	1217.79
2.25	6894500	150667	1402.93
2.25	6952669	151553	1364.31
2.25	6996483	152735	809.514
2.3125	239601	231107	1619.13
2.3125	331257	190341	1307.67
2.3125	463688	162418	1395.77
2.3125	594221	115823	1547.66
2.3125	710642	97517.9	2153.81
2.3125	839812	86693.2	1776.17
2.3125	1046732	75232.1	1430.13
2.3125	1542738	73753	1265
2.3125	1844510	61899.8	1135.68
2.3125	1991801	62511.5	1067.7
2.3125	2135536	64220.2	1018.72
2.3125	2344649	66939.2	1240.83
2.3125	2539344	72717	1335.37
2.3125	2688843	77521.4	1230.26
2.3125	2931947	86939.1	1574.41
2.3125	3169961	91725.9	1663.13
2.3125	3378835	99905	1403.76
2.3125	3612132	109037	1199.64
2.3125	4037288	118308	1136.72
2.3125	4732389	126802	1182.87
2.3125	4937944	131589	1427.53
2.3125	5419582	137346	1152.92
2.3125	5622490	141241	966.114
2.3125	5821469	146884	1239.57
2.3125	6020536	152151	1335.4
2.3125	6282568	156301	1040.67
2.3125	6454818	157416	1029.36
2.3125	6571234	161062	1079.54
2.3125	6698466	164099	1172.49
2.3125	6826254	165099	1269.6
2.3125	6894500	167409	1203.01
2.3125	6952669	168114	1215.37
2.3125	6996483	169153	1193.77
2.375	239601	256969	895.452
2.375	331257	213341	1540.67
2.375	463688	184240	1348.64
2.375	594221	135649	2160.35
2.375	710642	117652	1723.34
2.375	839812	98666.7	1451.42
2.375	1046732	86063.8	1867.77
2.375	1542738	84911.4	1335.31
2.375	1844510	72632.9	1513.03
2.375	1991801	71718.5	1488.59
2.375	2135536	72859.5	1250.78
2.375	2344649	76365.4	1492.32
2.375	2539344	82572.5	1607.01
2.375	2688843	88790.8	1414.95
2.375	2931947	99275.9	1162.06
2.375	3169961	105929	1858.7
2.375	3378835	113444	1076.55
2.375	3612132	124368	1159.69
2.375	4037288	131763	1077.95
2.375	4732389	140755	1343.69
2.375	4937944	146693	1617.04
2.375	5419582	152947	920.419
2.375	5622490	157191	1474.9
2.375	5821469	162662	1285.62
2.375	6020536	168465	1301.42
2.375	6282568	172382	1243.03
2.375	6454818	173642	1217.84
2.375	6571234	177334	1185.04
2.375	6698466	180638	1305.63
2.375	6826254	181711	1244.8
2.375	6894500	184341	1121.63
2.375	6952669	185402	873.434
2.375	6996483	186832	1169.11
2.4375	239601	282095	1821.15
2.4375	331257	239387	1747.78
2.4375	463688	205498	1568.47
2.4375	594221	157084	1487.7
2.4375	710642	137181	2409.34
2.4375	839812	115280	1688
2.4375	1046732	101339	1923.39
2.4375	1542738	97304.2	1500.44
2.4375	1844510	82202.5	1641.34
2.4375	1991801	81788.3	1994.29
2.4375	2135536	83819.2	965.368
2.4375	2344649	88172.2	1469.64
2.4375	2539344	94626.6	1921.33
2.4375	2688843	103255	1802.76
2.4375	2931947	114145	1748.66
2.4375	3169961	121552	1106.87
2.4375	3378835	128545	915.772
2.4375	3612132	138645	1747.06
2.4375	4037288	147997	1292.42
2.4375	4732389	156285	1286.17
2.4375	4937944	162560	1097.97
2.4375	5419582	169848	1375.01
2.4375	5622490	174356	1263.19
2.4375	5821469	179452	1226.44
2.4375	6020536	185095	1194.94
2.4375	6282568	189984	962.766
2.4375	6454818	193085	1401.25
2.4375	6571234	194420	1308.96
2.4375	6698466	198102	898.897
2.4375	6826254	201339	1083.4
2.4375	6894500	201641	933.733
2.4375	6952669	204251	1262.05
2.4375	6996483	205278	877.73
2.5	239601	313902	1420.35
2.5	331257	267197	1862.74
2.5	463688	231128	1733.92
2.5	594221	179485	1840.22
2.5	710642	158541	1962.24
2.5	839812	134361	2180.61
2.5	1046732	117722	1828.89
2.5	1542738	112664	2109.85
2.5	1844510	96896.2	1841.75
2.5	1991801	94297.9	1519.48
2.5	2135536	96328.8	1346.25
2.5	2344649	101121	1545.55
2.5	2539344	109757	1589.47
2.5	2688843	118750	1575.13
2.5	2931947	129405	1780.37
2.5	3169961	136947	1241.84
2.5	3378835	143904	1332.17
2.5	3612132	154929	1390.33
2.5	4037288	163261	1305.21
2.5	4732389	172308	1500.52
2.5	4937944	178971	1457.13
2.5	5419582	186070	1279.22
2.5	5622490	191426	976.556
2.5	5821469	197525	1452.64
2.5	6020536	202666	795.3
2.5	6282568	207350	1478.02
2.5	6454818	212608	1055.1
2.5	6571234	212953	1101.18
2.5	6698466	217599	1439.22
2.5	6826254	219234	1048.99
2.5	6894500	221174	1117.31
2.5	6952669	221936	1116.59
2.5	6996483	223999	1060.22
2.5625	239601	344890	1343.16
2.5625	331257	296936	2102.71
2.5625	463688	258831	1441.36
2.5625	594221	205627	2067.47
2.5625	710642	184807	2263.97
2.5625	839812	155672	2454.23
2.5625	1046732	136996	1752.75
2.5625	1542738	131647	2435.48
2.5625	1844510	114568	1869.5
2.5625	1991801	112363	2057.92
2.5625	2135536	111052	1760.63
2.5625	2344649	116373	1725.79
2.5625	2539344	126621	1781.76
2.5625	2688843	135745	2077.46
2.5625	2931947	147286	1751.18
2.5625	3169961	153597	1501.66
2.5625	3378835	161398	1171.89
2.5625	3612132	171246	1535.06
2.5625	4037288	181119	1221.74
2.5625	4732389	190648	1412.75
2.5625	4937944	196968	1344.71
2.5625	5419582	205404	1148.39
2.5625	5622490	209885	1259.17
2.5625	5821469	216683	1027.55
2.5625	6020536	220648	1301.09
2.5625	6282568	225800	1237.52
2.5625	6454818	230227	1378.63
2.5625	6571234	231730	1414.51
2.5625	6698466	234724	1226.25
2.5625	6826254	238875	1117.18
2.5625	6894500	240348	1429.03
2.5625	6952669	242765	1180.42
2.5625	6996483	244196	1262.72
2.625	239601	380002	1838.38
2.625	331257	330661	2111.88
2.625	463688	290023	2078.37
2.625	594221	234632	1562.37
2.625	710642	210820	2200.05
2.625	839812	180218	2041.1
2.625	1046732	158786	2227.23
2.625	1542738	154672	1871.04
2.625	1844510	133835	1792.49
2.625	1991801	128877	2235.15
2.625	2135536	129167	1999.15
2.625	2344649	136803	2169.68
2.625	2539344	143760	1720.3
2.625	2688843	153695	1404.6
2.625	2931947	168287	1910.44
2.625	3169961	171452	1653.29
2.625	3378835	179206	1735.55
2.625	3612132	189512	1521.58
2.625	4037288	199541	1301.39
2.625	4732389	210245	1451.68
2.625	4937944	217029	1503.35
2.625	5419582	224738	1255.75
2.625	5622490	231395	1586.51
2.625	5821469	237204	1102.04
2.625	6020536	243312	889.189
2.625	6282568	247417	1523.71
2.625	6454818	249805	1386.95
2.625	6571234	253899	1576.32
2.625	6698466	258104	1751.3
2.625	6826254	260173	1306.01
2.625	6894500	261798	1418.88
2.625	6952669	263633	1057.63
2.625	6996483	265002	1344.93
2.6875	239601	417360	1883.86
2.6875	331257	365706	1797.58
2.6875	463688	323206	1687.76
2.6875	594221	267116	1961.51
2.6875	710642	241720	1269.17
2.6875	839812	206842	1477.69
2.6875	1046732	184470	2088.12
2.6875	1542738	180045	1698.83
2.6875	1844510	159652	1732.38
2.6875	1991801	152495	1864.41
2.6875	2135536	153423	2251.95
2.6875	2344649	159806	1408.77
2.6875	2539344	167525	2445.32
2.6875	2688843	177756	1961.52
2.6875	2931947	190320	1810.67
2.6875	3169961	195447	1641.03
2.6875	3378835	202327	927.818
2.6875	3612132	211438	1603.84
2.6875	4037288	220807	1692.89
2.6875	4732389	231802	1699.44
2.6875	4937944	237742	1549.73
2.6875	5419582	246134	1658.11
2.6875	5622490	250461	1314.19
2.6875	5821469	257823	1271.06
2.6875	6020536	263907	1468.01
2.6875	6282568	267533	1373.18
2.6875	6454818	272897	1082.83
2.6875	6571234	275798	1606.34
2.6875	6698466	279231	1426.21
2.6875	6826254	282613	1505.08
2.6875	6894500	284282	1546.27
2.6875	6952669	286408	937.526
2.6875	6996483	289136	1080.36
2.75	239601	454461	1861.03
2.75	331257	405198	2048.72
2.75	463688	357070	1516.67
2.75	594221	301030	2300.65
2.75	710642	272974	2143.07
2.75	839812	238776	2540.58
2.75	1046732	213831	1850.56
2.75	1542738	211004	2772.27
2.75	1844510	187476	2408.32
2.75	1991801	178793	2607.56
2.75	2135536	182098	2203.14
2.75	2344649	187237	2238.58
2.75	2539344	193955	1868.65
2.75	2688843	202369	2478.31
2.75	2931947	213375	2069.84
2.75	3169961	216101	1962.53
2.75	3378835	225108	1449.54
2.75	3612132	237396	1713.08
2.75	4037288	245727	1867.73
2.75	4732389	253183	1678.9
2.75	4937944	260012	1230.98
2.75	5419582	268760	1782.39
2.75	5622490	276006	1635.86
2.75	5821469	282042	1515.86
2.75	6020536	288912	1249.13
2.75	6282568	292118	1942.14
2.75	6454818	297316	1438.28
2.75	6571234	299409	1392.98
2.75	6698466	303909	1616.28
2.75	6826254	306880	1355.76
2.75	6894500	309945	1274.8
2.75	6952669	311549	2057.7
2.75	6996483	311353	1369.45
2.8125	239601	495587	1970.88
2.8125	331257	445145	2291.97
2.8125	463688	394977	1710.81
2.8125	594221	336370	2546.27
2.8125	710642	309880	3105.47
2.8125	839812	271974	2653.2
2.8125	1046732	245412	2359.83
2.8125	1542738	242817	2164.96
2.8125	1844510	223466	2571.35
2.8125	1991801	213016	2313.24
2.8125	2135536	211627	2648.9
2.8125	2344649	217722	2348.4
2.8125	2539344	222742	2261.83
2.8125	2688843	231165	2094.43
2.8125	2931947	241118	1413.24
2.8125	3169961	244157	2266.08
2.8125	3378835	253923	1495.63
2.8125	3612132	263806	1873.3
2.8125	4037288	269994	1957.48
2.8125	4732389	279656	1674.82
2.8125	4937944	287102	1934.57
2.8125	5419582	294765	1796.84
2.8125	5622490	302489	1368.57
2.8125	5821469	307049	1290.45
2.8125	6020536	313790	1545.61
2.8125	6282568	319320	1253.94
2.8125	6454818	322417	1488.76
2.8125	6571234	325277	1525.45
2.8125	6698466	330439	1505.73
2.8125	6826254	331221	1401.92
2.8125	6894500	335759	1130.04
2.8125	6952669	337547	1544.02
2.8125	6996483	339172	1653.83
2.875	239601	538768	1839.53
2.875	331257	487230	2032.83
2.875	463688	434715	1537.68
2.875	594221	374525	2298.42
2.875	710642	348447	2075.51
2.875	839812	309506	2491.04
2.875	1046732	280189	2694.38
2.875	1542738	276493	2150.94
2.875	1844510	259063	2428.52
2.875	1991801	247510	2196.14
2.875	2135536	247805	2681.05
2.875	2344649	250216	2150.51
2.875	2539344	253528	2212.79
2.875	2688843	259884	2325.86
2.875	2931947	272282	2494.16
2.875	3169961	273887	2055.48
2.875	3378835	283068	1810.45
2.875	3612132	292429	1778.02
2.875	4037288	298226	1426.3
2.875	4732389	307073	1852.58
2.875	4937944	314678	1816.69
2.875	5419582	320810	1198.28
2.875	5622490	329331	1204.56
2.875	5821469	334482	1638.43
2.875	6020536	340669	1657.5
2.875	6282568	346908	1409.31
2.875	6454818	350514	1355.43
2.875	6571234	353152	1398.87
2.875	6698466	357094	1746.82
2.875	6826254	361009	1488.15
2.875	6894500	362194	1771.4
2.875	6952669	366140	1498.39
2.875	6996483	368042	1418.09
2.9375	239601	584622	1855.03
2.9375	331257	529713	2149.81
2.9375	463688	478360	1852.35
2.9375	594221	417977	2765.1
2.9375	710642	385826	1654.06
2.9375	839812	348368	2292.69
2.9375	1046732	319518	2254.31
2.9375	1542738	316115	1833.85
2.9375	1844510	295805	2525.68
2.9375	1991801	285905	2706.24
2.9375	2135536	286250	2290.87
2.9375	2344649	284111	2035.83
2.9375	2539344	288770	1800.41
2.9375	2688843	297143	2129.91
2.9375	2931947	304862	1448.98
2.9375	3169961	306868	1300.43
2.9375	3378835	315563	2059.49
2.9375	3612132	324464	1885.03
2.9375	4037288	327873	1886.21
2.9375	4732389	335597	2186.78
2.9375	4937944	342267	1706.83
2.9375	5419582	352021	1581.86
2.9375	5622490	359618	1966.77
2.9375	5821469	365592	1720.16
2.9375	6020536	371007	1778.18
2.9375	6282568	375280	1593.27
2.9375	6454818	377785	1901.79
2.9375	6571234	382535	1994.72
2.9375	6698466	386625	1347.05
2.9375	6826254	390956	1865.28
2.9375	6894500	393244	1343.88
2.9375	6952669	395771	1576.05
2.9375	6996483	398506	1709.44
3	239601	631709	2022.32
3	331257	580248	2335.71
3	463688	524792	1904.32
3	594221	464534	2492.19
3	710642	429365	1946.62
3	839812	388486	2548.77
3	1046732	359489	1875.85
3	1542738	355334	2344.6
3	1844510	336841	2230.63
3	1991801	322644	1844.84
3	2135536	322924	2782.93
3	2344649	325234	2352.23
3	2539344	325337	1681.98
3	2688843	331631	1569.4
3	2931947	340642	1607.7
3	3169961	341041	2074.14
3	3378835	350600	2430.11
3	3612132	359610	2078.34
3	4037288	362620	2011.1
3	4732389	369070	1561.34
3	4937944	377790	1808.61
3	5419582	385614	2015.57
3	5622490	389961	1580.24
3	5821469	395723	2123.98
3	6020536	403648	2129.68
3	6282568	407920	1737.22
3	6454818	409714	1633.38
3	6571234	413887	1596.19
3	6698466	419460	1855.79
3	6826254	423671	1649.65
3	6894500	425358	1718.59
3	6952669	428762	1798.23
3	6996483	430107	1514.22
