1	239601	4013.42	56.4069
1	331257	3951.71	50.949
1	463688	3972.79	64.0211
1	594221	3920.21	32.1802
1	710642	3903.75	40.1918
1	839812	3848.96	46.614
1	1046732	3869.58	45.9921
1	1542738	3864.75	38.797
1	1844510	3813.17	33.0067
1	1991801	3851.08	38.3865
1	2135536	3821.79	31.85
1	2344649	3811.54	30.1943
1	2539344	3849.58	37.5048
1	2688843	3823.25	23.2869
1	2931947	3829.21	34.784
1	3169961	3841.96	32.1801
1	3378835	3835.88	36.9877
1	3612132	3823.83	38.7604
1	4037288	3859.17	53.2113
1	4732389	3841.92	41.7093
1	4937944	3859.46	36.1713
1	5419582	3868.21	37.2314
1	5622490	3874.83	40.274
1	5821469	3874	46.9823
1	6020536	3855.96	41.5088
1	6282568	3862.5	47.2287
1	6454818	3868.54	50.8013
1	6571234	3907.58	39.623
1	6698466	3855.12	44.7676
1	6826254	3942.71	57.4927
1	6894500	3896.12	47.1475
1	6952669	3868.75	36.6122
1	6996483	3888.96	44.6553
1.21875	239601	4942.79	287.402
1.21875	331257	4794.08	169.973
1.21875	463688	4703.29	183.419
1.21875	594221	4412.5	112.691
1.21875	710642	4416.88	135.984
1.21875	839812	4525.33	224.987
1.21875	1046732	4434.92	141.331
1.21875	1542738	4296.79	62.7198
1.21875	1844510	4312.62	155.627
1.21875	1991801	4280.62	83.6403
1.21875	2135536	4249.54	60.9041
1.21875	2344649	4227.5	53.6267
1.21875	2539344	4228.67	54.003
1.21875	2688843	4303.21	147.578
1.21875	2931947	4193.38	62.7036
1.21875	3169961	4283.46	84.703
1.21875	3378835	4315.83	106.259
1.21875	3612132	4316.33	78.5658
1.21875	4037288	4393.67	124.526
1.21875	4732389	4325.79	75.7298
1.21875	4937944	4379.46	91.5801
1.21875	5419582	4424.96	152.155
1.21875	5622490	4390.21	121.037
1.21875	5821469	4441.25	123.721
1.21875	6020536	4471.96	142.427
1.21875	6282568	4449.04	144.141
1.21875	6454818	4674.96	195.373
1.21875	6571234	4530.88	116.195
1.21875	6698466	4622.38	212.599
1.21875	6826254	4517.29	169.193
1.21875	6894500	4551	192.559
1.21875	6952669	4512.25	179.025
1.21875	6996483	4700.21	235.498
1.4375	239601	15178	1636.57
1.4375	331257	13802.3	2026.07
1.4375	463688	11810	1566.43
1.4375	594221	10330.8	1203.63
1.4375	710642	9286.54	1179.68
1.4375	839812	8032.33	1295.21
1.4375	1046732	8001	1061.08
1.4375	1542738	8017.88	925.346
1.4375	1844510	8308.88	973.704
1.4375	1991801	6699.88	989.254
1.4375	2135536	6238.67	631.799
1.4375	2344649	6152.88	695.583
1.4375	2539344	7033.83	913.162
1.4375	2688843	6302.38	746.902
1.4375	2931947	6595.83	917.393
1.4375	3169961	7423.46	897.555
1.4375	3378835	6684.92	850.577
1.4375	3612132	7612.38	903.458
1.4375	4037288	6765.25	889.768
1.4375	4732389	7618.33	815.693
1.4375	4937944	8240.08	922.687
1.4375	5419582	9597.21	1041.31
1.4375	5622490	9488.67	1079.14
1.4375	5821469	9761.5	1516.13
1.4375	6020536	9745.25	1219.59
1.4375	6282568	10864	1148.33
1.4375	6454818	11420.8	1155.68
1.4375	6571234	12518.9	1536.96
1.4375	6698466	12184.7	1662.64
1.4375	6826254	12842.4	1710.19
1.4375	6894500	13221.2	1094.32
1.4375	6952669	14329.3	1094.86
1.4375	6996483	13538.7	1410.18
1.65625	239601	43106.3	1521.24
1.65625	331257	31659.3	1872.62
1.65625	463688	26834.1	2322.28
1.65625	594221	18772.2	1177.99
1.65625	710642	18540.5	1157.31
1.65625	839812	18612.8	267.018
1.65625	1046732	15227.3	2128.37
1.65625	1542738	16960.7	1024.53
1.65625	1844510	16861.7	983.064
1.65625	1991801	16158.1	962.268
1.65625	2135536	14562.8	1191.16
1.65625	2344649	13814.5	1605.15
1.65625	2539344	14910.9	1291.84
1.65625	2688843	16036.2	960.363
1.65625	2931947	14671.9	1836.04
1.65625	3169961	16586.7	1123.64
1.65625	3378835	17631.4	1770.06
1.65625	3612132	20372.2	794.896
1.65625	4037288	21006.6	1572.31
1.65625	4732389	24214.2	913.301
1.65625	4937944	24332.4	1808.43
1.65625	5419582	25764.7	894.138
1.65625	5622490	25942.9	1608.95
1.65625	5821469	28804.8	760.009
1.65625	6020536	27911	953.139
1.65625	6282568	29169.6	2348.26
1.65625	6454818	30019.8	731.039
1.65625	6571234	31028.1	2209.22
1.65625	6698466	32643.8	818.624
1.65625	6826254	32122.6	1209.91
1.65625	6894500	32836.1	1624.49
1.65625	6952669	33356.9	1485.42
1.65625	6996483	33065	1463.75
1.875	239601	91005	973.413
1.875	331257	71086.8	1391.18
1.875	463688	55723.1	1192.64
1.875	594221	28686.9	1897.49
1.875	710642	27177.6	648.319
1.875	839812	26477.1	702.866
1.875	1046732	25595.3	611.394
1.875	1542738	25382.5	510.91
1.875	1844510	23981.2	476.828
1.875	1991801	24594.8	565.016
1.875	2135536	23129	408.294
1.875	2344649	23502.7	443.847
1.875	2539344	23883.2	1637.02
1.875	2688843	26517.3	994.615
1.875	2931947	28789.5	784.677
1.875	3169961	30473.2	1249.03
1.875	3378835	33213.7	928.816
1.875	3612132	34481.7	2207.68
1.875	4037288	38330.7	1189.02
1.875	4732389	41709	1229.03
1.875	4937944	45015.4	1583.46
1.875	5419582	46522.5	1452
1.875	5622490	51323.2	1756.02
1.875	5821469	52257.6	1277.83
1.875	6020536	55758.8	1394.78
1.875	6282568	57935.2	2066.82
1.875	6454818	60132.5	1820.25
1.875	6571234	60632.1	1771.13
1.875	6698466	64030.8	1870.18
1.875	6826254	64965.6	1465.29
1.875	6894500	65783.9	1599.33
1.875	6952669	66667.9	1486.08
1.875	6996483	67713.6	1432.76
2	239601	126585	1505.52
2	331257	100461	1197.9
2	463688	81951	1448.95
2	594221	42366.1	1489.09
2	710642	38018.4	989.242
2	839812	35704.4	1113.19
2	1046732	34155.6	1326.75
2	1542738	33465.4	1020.63
2	1844510	31754	1117.77
2	1991801	32144.9	854.435
2	2135536	30543.4	927.109
2	2344649	33080.1	992.209
2	2539344	34124.2	1244.52
2	2688843	36891.3	2330.79
2	2931947	39429.6	1049.31
2	3169961	41548.8	1424
2	3378835	44483.8	1222.64
2	3612132	48459.1	1425.5
2	4037288	53995.3	1151.93
2	4732389	58882.5	1581.27
2	4937944	63722	1335.93
2	5419582	69255.2	1386.2
2	5622490	71979.2	1748.57
2	5821469	77176.3	1582.7
2	6020536	79237.5	1230.15
2	6282568	82702.5	1487.12
2	6454818	86099.2	1271.93
2	6571234	87938.6	1892.43
2	6698466	89632.9	1052.17
2	6826254	91689.2	1302.37
2	6894500	93562.5	932.748
2	6952669	93424.4	1433.64
2	6996483	95229.8	885.448
2.21875	239601	195183	1459.53
2.21875	331257	159126	1353.89
2.21875	463688	133942	1291.69
2.21875	594221	90118.5	1107.26
2.21875	710642	76355.1	2375.56
2.21875	839812	67095.6	1784.76
2.21875	1046732	59580.8	1813.08
2.21875	1542738	57185.1	1747.21
2.21875	1844510	50774	1287.2
2.21875	1991801	51266.7	994.866
2.21875	2135536	52111.1	1053.76
2.21875	2344649	54882.4	1114.66
2.21875	2539344	58505.2	1391.37
2.21875	2688843	61998.5	1495.02
2.21875	2931947	69737.2	1262.62
2.21875	3169961	73938.4	1056.63
2.21875	3378835	79355.5	1124.98
2.21875	3612132	88690.4	1326.42
2.21875	4037288	97551.3	1232.58
2.21875	4732389	104270	1468.25
2.21875	4937944	110715	1305.67
2.21875	5419582	115684	1018.49
2.21875	5622490	120196	874.965
2.21875	5821469	124502	1204.51
2.21875	6020536	128958	1195.38
2.21875	6282568	131490	1409.48
2.21875	6454818	134234	1068
2.21875	6571234	137422	1183.8
2.21875	6698466	139312	993.402
2.21875	6826254	140362	1506.01
2.21875	6894500	141762	1211.14
2.21875	6952669	143987	1045.99
2.21875	6996483	144305	1229.43
2.4375	239601	284794	1416.05
2.4375	331257	238538	1586.85
2.4375	463688	206558	1510.29
2.4375	594221	157435	1809.92
2.4375	710642	136818	2467.79
2.4375	839812	116190	1649.82
2.4375	1046732	101562	1933.6
2.4375	1542738	97436.3	1451.6
2.4375	1844510	82412.7	1509.68
2.4375	1991801	81372.5	1944.17
2.4375	2135536	82826.3	1419.05
2.4375	2344649	87628.4	1658.82
2.4375	2539344	95851.4	1841.13
2.4375	2688843	102508	2004.12
2.4375	2931947	114541	1097.91
2.4375	3169961	120171	1880.24
2.4375	3378835	129062	1370.46
2.4375	3612132	137623	1100.66
2.4375	4037288	147578	1296.73
2.4375	4732389	156979	1144.02
2.4375	4937944	161707	1212.33
2.4375	5419582	170548	713.485
2.4375	5622490	173607	1312.79
2.4375	5821469	180179	1329.65
2.4375	6020536	184302	1122.32
2.4375	6282568	188933	1141.7
2.4375	6454818	192679	1015.05
2.4375	6571234	194865	770.73
2.4375	6698466	197051	1401.53
2.4375	6826254	200773	1140.45
2.4375	6894500	201944	1203.04
2.4375	6952669	204127	1004
2.4375	6996483	204784	1467.41
2.65625	239601	396361	1706.23
2.65625	331257	347185	1782.12
2.65625	463688	304856	1680.01
2.65625	594221	249097	2099.85
2.65625	710642	225875	2019.68
2.65625	839812	192981	2267.42
2.65625	1046732	171642	1647.31
2.65625	1542738	166839	2763.84
2.65625	1844510	147683	1992.27
2.65625	1991801	140555	1707.41
2.65625	2135536	139359	2956.98
2.65625	2344649	148522	1874.46
2.65625	2539344	156692	2282.53
2.65625	2688843	164485	1605.35
2.65625	2931947	177602	1708.32
2.65625	3169961	183646	2245.63
2.65625	3378835	191226	1606.32
2.65625	3612132	202081	1677.57
2.65625	4037288	209914	1123.68
2.65625	4732389	219887	1329.99
2.65625	4937944	227181	1274.53
2.65625	5419582	235204	1180.75
2.65625	5622490	241078	1720.73
2.65625	5821469	247550	1958.22
2.65625	6020536	254131	1522.48
2.65625	6282568	258192	1135.67
2.65625	6454818	262583	1627.38
2.65625	6571234	263823	1485.05
2.65625	6698466	267397	1289.99
2.65625	6826254	271201	1460.31
2.65625	6894500	273266	1865.33
2.65625	6952669	275738	1283.6
2.65625	6996483	276179	1547.66
2.875	239601	538787	1868.43
2.875	331257	484023	2216.33
2.875	463688	433812	1544.56
2.875	594221	377255	1517.14
2.875	710642	349674	1820.42
2.875	839812	308175	2527.93
2.875	1046732	280028	2265.05
2.875	1542738	277303	2253.57
2.875	1844510	258544	2011.85
2.875	1991801	244455	2622.93
2.875	2135536	248856	2032.6
2.875	2344649	252081	2296.34
2.875	2539344	254831	1990.78
2.875	2688843	263267	2611.42
2.875	2931947	273648	2042.42
2.875	3169961	274024	2068.33
2.875	3378835	283008	1928.05
2.875	3612132	292999	2042.71
2.875	4037288	297983	1895.29
2.875	4732389	305390	1655.87
2.875	4937944	313261	1514.91
2.875	5419582	322422	1726.06
2.875	5622490	329851	1518.21
2.875	5821469	334663	2001.83
2.875	6020536	340858	1641.66
2.875	6282568	345977	1476.47
2.875	6454818	349410	1567.78
2.875	6571234	352940	1888.4
2.875	6698466	357824	1911.3
2.875	6826254	360479	1435.35
2.875	6894500	363848	1458.48
2.875	6952669	365373	1536.4
2.875	6996483	368009	1676.67
3	239601	634087	1837.79
3	331257	580471	2075.88
3	463688	524813	1700.97
3	594221	461215	1735.99
3	710642	431223	1647.35
3	839812	389821	1562.51
3	1046732	360401	1675.58
3	1542738	357710	2069.17
3	1844510	336062	2058.51
3	1991801	322331	1994.32
3	2135536	324044	2245.58
3	2344649	325941	2304.37
3	2539344	323972	2608.95
3	2688843	330749	2793.24
3	2931947	342506	1633.27
3	3169961	339591	1670.12
3	3378835	348363	1845.35
3	3612132	358617	2134.05
3	4037288	361713	2485.25
3	4732389	368526	1854.22
3	4937944	376052	1344.58
3	5419582	384182	1894.3
3	5622490	391271	1988.98
3	5821469	395784	1924.7
3	6020536	403368	2042.16
3	6282568	408528	1540.72
3	6454818	409172	1437.03
3	6571234	413227	1680.3
3	6698466	417654	1941.5
3	6826254	422840	1546.53
3	6894500	426019	1740.32
3	6952669	428440	1963.23
3	6996483	430457	1750.99
3.21875	239601	820031	2407.99
3.21875	331257	762623	2391.18
3.21875	463688	700211	2003.59
3.21875	594221	634354	2161.85
3.21875	710642	598582	2036.1
3.21875	839812	553913	2136.93
3.21875	1046732	525866	2455.13
3.21875	1542738	521492	2537.9
3.21875	1844510	497251	2122.01
3.21875	1991801	479117	2026.69
3.21875	2135536	476519	1941.83
3.21875	2344649	474994	2569.98
3.21875	2539344	471907	2462.29
3.21875	2688843	475023	2015.92
3.21875	2931947	479347	2363.97
3.21875	3169961	473263	2146.67
3.21875	3378835	482864	1770.61
3.21875	3612132	491190	2086.73
3.21875	4037288	492020	2075.11
3.21875	4732389	496906	2082.85
3.21875	4937944	502633	1686.15
3.21875	5419582	509936	2304.02
3.21875	5622490	518018	1942.93
3.21875	5821469	522212	1697.5
3.21875	6020536	529624	2235.19
3.21875	6282568	533644	2482.74
3.21875	6454818	532571	1866.1
3.21875	6571234	538065	2058.46
3.21875	6698466	542918	1702.47
3.21875	6826254	547933	1296.72
3.21875	6894500	550551	2258.01
3.21875	6952669	552191	1666.51
3.21875	6996483	557138	2211.92
3.4375	239601	1.03544e+06	1972.53
3.4375	331257	975818	2228.42
3.4375	463688	906287	2596.82
3.4375	594221	834851	2364.15
3.4375	710642	796053	2535.68
3.4375	839812	748075	2632.64
3.4375	1046732	720052	2849.59
3.4375	1542738	710087	2899.77
3.4375	1844510	681949	2585.5
3.4375	1991801	664750	2296.65
3.4375	2135536	659014	2758.6
3.4375	2344649	649395	2228.99
3.4375	2539344	640533	1579.52
3.4375	2688843	639741	2203.05
3.4375	2931947	642575	1783.36
3.4375	3169961	633833	1845.44
3.4375	3378835	640441	2242.69
3.4375	3612132	646883	1895.79
3.4375	4037288	645218	2091.03
3.4375	4732389	649140	2133.82
3.4375	4937944	652892	2056.39
3.4375	5419582	659940	1730.57
3.4375	5622490	664458	1912.43
3.4375	5821469	668092	1740.75
3.4375	6020536	674639	1665.52
3.4375	6282568	679060	1725.39
3.4375	6454818	677532	1883.16
3.4375	6571234	681913	1640.74
3.4375	6698466	686224	2179.19
3.4375	6826254	690948	1321.38
3.4375	6894500	694978	1507.94
3.4375	6952669	696772	1685.07
3.4375	6996483	702107	1814.87
3.65625	239601	1.27727e+06	2115.18
3.65625	331257	1.21505e+06	2004.15
3.65625	463688	1.13819e+06	2378.35
3.65625	594221	1.06282e+06	2340.44
3.65625	710642	1.02118e+06	2221.55
3.65625	839812	972268	2752.54
3.65625	1046732	938381	2244.64
3.65625	1542738	927043	2527.19
3.65625	1844510	896253	3005.11
3.65625	1991801	873828	2476.63
3.65625	2135536	864576	2832.49
3.65625	2344649	856053	2484.11
3.65625	2539344	839121	2733.09
3.65625	2688843	835049	2753.15
3.65625	2931947	834531	1839.49
3.65625	3169961	818324	2306.21
3.65625	3378835	821106	2029.62
3.65625	3612132	825461	1822.78
3.65625	4037288	822285	2039.85
3.65625	4732389	822060	2143.21
3.65625	4937944	825233	2197.95
3.65625	5419582	832394	2447.41
3.65625	5622490	835196	2019.79
3.65625	5821469	840065	1942.4
3.65625	6020536	843815	3009.88
3.65625	6282568	850163	2806.48
3.65625	6454818	844706	1790.02
3.65625	6571234	847147	1992.26
3.65625	6698466	855361	1900.83
3.65625	6826254	858713	1933.77
3.65625	6894500	862411	1910.75
3.65625	6952669	864194	1669.09
3.65625	6996483	869415	2455.29
3.875	239601	1.53972e+06	2160.4
3.875	331257	1.4743e+06	1766.95
3.875	463688	1.39387e+06	2651.74
3.875	594221	1.31349e+06	2666.1
3.875	710642	1.26942e+06	2992.19
3.875	839812	1.21619e+06	2172.79
3.875	1046732	1.18148e+06	1790.86
3.875	1542738	1.16614e+06	3361.91
3.875	1844510	1.13069e+06	2351.04
3.875	1991801	1.10895e+06	2270.97
3.875	2135536	1.09592e+06	2435.6
3.875	2344649	1.07819e+06	2790.49
3.875	2539344	1.05902e+06	2185.1
3.875	2688843	1.05244e+06	2434.89
3.875	2931947	1.04516e+06	2407.17
3.875	3169961	1.02775e+06	2488.47
3.875	3378835	1.02672e+06	2308.8
3.875	3612132	1.02945e+06	2213.36
3.875	4037288	1.02556e+06	2476.3
3.875	4732389	1.01758e+06	2748.88
3.875	4937944	1.02267e+06	2097.11
3.875	5419582	1.02408e+06	2227.36
3.875	5622490	1.03033e+06	2819.33
3.875	5821469	1.02968e+06	2180.46
3.875	6020536	1.03548e+06	2151.97
3.875	6282568	1.03719e+06	3025.3
3.875	6454818	1.03247e+06	2206.03
3.875	6571234	1.03805e+06	1871.31
3.875	6698466	1.04272e+06	1709.47
3.875	6826254	1.04584e+06	2113.88
3.875	6894500	1.05195e+06	2248.86
3.875	6952669	1.05335e+06	1892.89
3.875	6996483	1.05745e+06	2344.14
4.09375	239601	1.81462e+06	2315.27
4.09375	331257	1.74927e+06	1725.28
4.09375	463688	1.66024e+06	2322.04
4.09375	594221	1.58313e+06	2590.66
4.09375	710642	1.53631e+06	2155.84
4.09375	839812	1.48302e+06	2908.27
4.09375	1046732	1.44534e+06	2850.16
4.09375	1542738	1.42259e+06	1986.19
4.09375	1844510	1.38639e+06	2032.5
4.09375	1991801	1.3598e+06	2762.31
4.09375	2135536	1.34869e+06	2506.01
4.09375	2344649	1.32593e+06	2321.81
4.09375	2539344	1.30018e+06	2663.52
4.09375	2688843	1.28896e+06	2141.83
4.09375	2931947	1.28327e+06	2552.35
4.09375	3169961	1.2584e+06	2342.56
4.09375	3378835	1.2568e+06	2535.28
4.09375	3612132	1.25393e+06	2131.77
4.09375	4037288	1.24592e+06	2462.93
4.09375	4732389	1.23948e+06	2792.97
4.09375	4937944	1.23809e+06	2110.79
4.09375	5419582	1.24094e+06	1867.7
4.09375	5622490	1.24548e+06	2612.66
4.09375	5821469	1.24475e+06	2860.12
4.09375	6020536	1.24707e+06	1747.43
4.09375	6282568	1.24889e+06	2699.61
4.09375	6454818	1.2422e+06	2451.77
4.09375	6571234	1.24695e+06	2153.95
4.09375	6698466	1.25224e+06	2220.41
4.09375	6826254	1.25555e+06	2111.45
4.09375	6894500	1.26007e+06	2000.15
4.09375	6952669	1.2679e+06	2150.83
4.09375	6996483	1.26972e+06	2288.35
4.3125	239601	2.09599e+06	1622.78
4.3125	331257	2.02848e+06	2275.64
4.3125	463688	1.93789e+06	3284.64
4.3125	594221	1.86207e+06	1803.05
4.3125	710642	1.81589e+06	2422.53
4.3125	839812	1.7596e+06	3191.58
4.3125	1046732	1.71588e+06	3342.18
4.3125	1542738	1.69393e+06	2727.6
4.3125	1844510	1.65405e+06	2510.23
4.3125	1991801	1.62778e+06	2270.66
4.3125	2135536	1.60989e+06	2124.49
4.3125	2344649	1.58533e+06	2596.98
4.3125	2539344	1.55603e+06	2799.02
4.3125	2688843	1.54531e+06	2450.03
4.3125	2931947	1.5322e+06	2981.72
4.3125	3169961	1.50708e+06	1967.99
4.3125	3378835	1.49943e+06	2448.25
4.3125	3612132	1.49402e+06	2633.76
4.3125	4037288	1.48696e+06	1910.34
4.3125	4732389	1.47457e+06	2315.39
4.3125	4937944	1.47451e+06	2204.83
4.3125	5419582	1.47646e+06	2663.12
4.3125	5622490	1.47708e+06	2470.51
4.3125	5821469	1.47451e+06	1891.19
4.3125	6020536	1.47657e+06	3083.64
4.3125	6282568	1.47621e+06	1747.97
4.3125	6454818	1.47029e+06	2450.05
4.3125	6571234	1.47435e+06	1925.17
4.3125	6698466	1.48004e+06	2006.19
4.3125	6826254	1.48103e+06	1713.21
4.3125	6894500	1.48741e+06	2239.55
4.3125	6952669	1.4899e+06	1688.43
4.3125	6996483	1.49605e+06	2588.73
4.53125	239601	2.37672e+06	2580.42
4.53125	331257	2.3103e+06	1525.1
4.53125	463688	2.21567e+06	1781.32
4.53125	594221	2.13911e+06	2132.02
4.53125	710642	2.09206e+06	1965.23
4.53125	839812	2.03614e+06	2115.71
4.53125	1046732	1.99172e+06	3358.11
4.53125	1542738	1.963e+06	2394.47
4.53125	1844510	1.92653e+06	2083.72
4.53125	1991801	1.89854e+06	2277.68
4.53125	2135536	1.88101e+06	2314.21
4.53125	2344649	1.85316e+06	2471.14
4.53125	2539344	1.8215e+06	2300.8
4.53125	2688843	1.80796e+06	2102.47
4.53125	2931947	1.78974e+06	2171.81
4.53125	3169961	1.76534e+06	3006.23
4.53125	3378835	1.75608e+06	2322.01
4.53125	3612132	1.74862e+06	1642.77
4.53125	4037288	1.73677e+06	1968.3
4.53125	4732389	1.72428e+06	2372.78
4.53125	4937944	1.71933e+06	1893.49
4.53125	5419582	1.72065e+06	2987.63
4.53125	5622490	1.72088e+06	2987.64
4.53125	5821469	1.71594e+06	2264.44
4.53125	6020536	1.71573e+06	1923.75
4.53125	6282568	1.71684e+06	2325.69
4.53125	6454818	1.71133e+06	2611.21
4.53125	6571234	1.71236e+06	1731.22
4.53125	6698466	1.71644e+06	2487.43
4.53125	6826254	1.71951e+06	2519.57
4.53125	6894500	1.72293e+06	3110.27
4.53125	6952669	1.72752e+06	2811.43
4.53125	6996483	1.73375e+06	2504.16
4.75	239601	2.64779e+06	1794.33
4.75	331257	2.58215e+06	1974.06
4.75	463688	2.48961e+06	2749.42
4.75	594221	2.41505e+06	2631.81
4.75	710642	2.36551e+06	2481.6
4.75	839812	2.31356e+06	2460.35
4.75	1046732	2.26835e+06	2005.28
4.75	1542738	2.23481e+06	2294.12
4.75	1844510	2.19445e+06	1873.74
4.75	1991801	2.16723e+06	2363.19
4.75	2135536	2.14787e+06	2613.34
4.75	2344649	2.11983e+06	2173.49
4.75	2539344	2.08924e+06	2132.97
4.75	2688843	2.06985e+06	2507.56
4.75	2931947	2.05188e+06	2426.8
4.75	3169961	2.02635e+06	2899.11
4.75	3378835	2.0138e+06	2215.69
4.75	3612132	2.00381e+06	2602.44
4.75	4037288	1.99056e+06	2157.73
4.75	4732389	1.97617e+06	2477.34
4.75	4937944	1.97302e+06	2575.76
4.75	5419582	1.97063e+06	1657.9
4.75	5622490	1.9713e+06	1959.61
4.75	5821469	1.96497e+06	2536.2
4.75	6020536	1.9637e+06	2235.2
4.75	6282568	1.96223e+06	2130.23
4.75	6454818	1.95498e+06	2585.19
4.75	6571234	1.95887e+06	2461.55
4.75	6698466	1.96006e+06	2365.61
4.75	6826254	1.96176e+06	2742.41
4.75	6894500	1.96532e+06	2448.02
4.75	6952669	1.9692e+06	2344.09
4.75	6996483	1.97395e+06	2439.87
4.96875	239601	2.90668e+06	2009.82
4.96875	331257	2.84359e+06	1911.13
4.96875	463688	2.75401e+06	2244.32
4.96875	594221	2.68173e+06	1935.9
4.96875	710642	2.63449e+06	1980.29
4.96875	839812	2.58e+06	2877.23
4.96875	1046732	2.53127e+06	2095.18
4.96875	1542738	2.49808e+06	2402.52
4.96875	1844510	2.4611e+06	2140.28
4.96875	1991801	2.43293e+06	2509.06
4.96875	2135536	2.41267e+06	1896.33
4.96875	2344649	2.38608e+06	1937.37
4.96875	2539344	2.34962e+06	2391.91
4.96875	2688843	2.33431e+06	2202.35
4.96875	2931947	2.31083e+06	2321.56
4.96875	3169961	2.28553e+06	2371.17
4.96875	3378835	2.2725e+06	2975.68
4.96875	3612132	2.25888e+06	1833.93
4.96875	4037288	2.24421e+06	1608.65
4.96875	4732389	2.22985e+06	3008.9
4.96875	4937944	2.22628e+06	1941.77
4.96875	5419582	2.22154e+06	2284.16
4.96875	5622490	2.21946e+06	1914.24
4.96875	5821469	2.21125e+06	2069.98
4.96875	6020536	2.21415e+06	2008.02
4.96875	6282568	2.21267e+06	2086.27
4.96875	6454818	2.20182e+06	2731.7
4.96875	6571234	2.20535e+06	1696.67
4.96875	6698466	2.20556e+06	2547.65
4.96875	6826254	2.20708e+06	2176.81
4.96875	6894500	2.20963e+06	1845.37
4.96875	6952669	2.21492e+06	1359.39
4.96875	6996483	2.21753e+06	2130.23
5	239601	2.9455e+06	1900.08
5	331257	2.87937e+06	2104.48
5	463688	2.79068e+06	1958.68
5	594221	2.71808e+06	1714.41
5	710642	2.67309e+06	2285.39
5	839812	2.61847e+06	1713.89
5	1046732	2.5707e+06	2334.64
5	1542738	2.53617e+06	2262.02
5	1844510	2.49649e+06	2132.79
5	1991801	2.46976e+06	2319.27
5	2135536	2.44945e+06	2742.23
5	2344649	2.42051e+06	1808.35
5	2539344	2.38862e+06	2226.26
5	2688843	2.36787e+06	2347.05
5	2931947	2.3478e+06	2717.49
5	3169961	2.32482e+06	2333.02
5	3378835	2.30729e+06	2369.45
5	3612132	2.29538e+06	2453.48
5	4037288	2.28267e+06	2624.81
5	4732389	2.2671e+06	2027.07
5	4937944	2.26308e+06	2482.02
5	5419582	2.25689e+06	2207.35
5	5622490	2.25481e+06	2256.46
5	5821469	2.24916e+06	2620.39
5	6020536	2.24723e+06	1851.41
5	6282568	2.24878e+06	2602.58
5	6454818	2.2385e+06	2134.44
5	6571234	2.24111e+06	1731.98
5	6698466	2.23985e+06	2155.54
5	6826254	2.24308e+06	2062.27
5	6894500	2.24571e+06	2037.44
5	6952669	2.24853e+06	2225.48
5	6996483	2.25428e+06	2175.13
5.21875	239601	3.18905e+06	1616.15
5.21875	331257	3.13076e+06	1662.92
5.21875	463688	3.0402e+06	1538.51
5.21875	594221	2.9725e+06	2182.32
5.21875	710642	2.92664e+06	2292.98
5.21875	839812	2.87351e+06	1650.45
5.21875	1046732	2.82604e+06	2608.28
5.21875	1542738	2.78969e+06	2189.95
5.21875	1844510	2.75111e+06	1924.49
5.21875	1991801	2.72374e+06	2958.33
5.21875	2135536	2.70312e+06	2431.03
5.21875	2344649	2.67445e+06	2199.74
5.21875	2539344	2.64091e+06	2682.2
5.21875	2688843	2.62345e+06	2427.76
5.21875	2931947	2.60124e+06	2630.07
5.21875	3169961	2.57415e+06	2424.38
5.21875	3378835	2.55981e+06	2844.99
5.21875	3612132	2.5482e+06	2268.56
5.21875	4037288	2.53128e+06	2724.88
5.21875	4732389	2.5155e+06	2361.65
5.21875	4937944	2.50778e+06	2245.33
5.21875	5419582	2.50376e+06	1918.45
5.21875	5622490	2.50062e+06	2691.02
5.21875	5821469	2.49112e+06	2632.05
5.21875	6020536	2.49123e+06	2762.88
5.21875	6282568	2.4889e+06	1905.29
5.21875	6454818	2.48096e+06	2349.22
5.21875	6571234	2.48254e+06	2359.88
5.21875	6698466	2.48258e+06	2546.09
5.21875	6826254	2.48342e+06	2373.25
5.21875	6894500	2.48472e+06	1713.61
5.21875	6952669	2.48977e+06	2019.56
5.21875	6996483	2.49078e+06	2759.21
5.4375	239601	3.42437e+06	1870.73
5.4375	331257	3.36521e+06	1715.49
5.4375	463688	3.28216e+06	1240.12
5.4375	594221	3.21346e+06	1759.22
5.4375	710642	3.16906e+06	1976.68
5.4375	839812	3.11767e+06	1717.09
5.4375	1046732	3.07001e+06	1822.77
5.4375	1542738	3.03275e+06	2013.6
5.4375	1844510	2.99502e+06	2481.92
5.4375	1991801	2.96596e+06	2530.92
5.4375	2135536	2.94598e+06	2542.23
5.4375	2344649	2.91909e+06	2212.9
5.4375	2539344	2.88472e+06	1933.12
5.4375	2688843	2.86805e+06	2493.42
5.4375	2931947	2.8431e+06	1314.52
5.4375	3169961	2.8197e+06	2090.63
5.4375	3378835	2.80063e+06	1901.15
5.4375	3612132	2.78839e+06	2041.77
5.4375	4037288	2.77415e+06	2178.82
5.4375	4732389	2.75494e+06	2415.14
5.4375	4937944	2.75079e+06	2938.29
5.4375	5419582	2.74147e+06	1784.51
5.4375	5622490	2.7389e+06	2125.92
5.4375	5821469	2.73402e+06	2545.16
5.4375	6020536	2.72857e+06	2307.36
5.4375	6282568	2.72555e+06	1948.68
5.4375	6454818	2.71839e+06	2448.9
5.4375	6571234	2.71832e+06	2136.15
5.4375	6698466	2.71696e+06	2024.99
5.4375	6826254	2.71729e+06	1880.92
5.4375	6894500	2.72098e+06	2397.53
5.4375	6952669	2.72237e+06	2211.74
5.4375	6996483	2.72462e+06	1922.08
5.65625	239601	3.64309e+06	1499.18
5.65625	331257	3.58548e+06	1620.87
5.65625	463688	3.50468e+06	1672.71
5.65625	594221	3.44084e+06	1753.39
5.65625	710642	3.39777e+06	2083.78
5.65625	839812	3.34747e+06	2511.49
5.65625	1046732	3.29988e+06	1724.35
5.65625	1542738	3.26205e+06	1632.64
5.65625	1844510	3.22573e+06	1621.24
5.65625	1991801	3.19902e+06	1873.75
5.65625	2135536	3.17695e+06	1721.11
5.65625	2344649	3.15222e+06	1869.73
5.65625	2539344	3.11803e+06	1820.4
5.65625	2688843	3.10033e+06	1440.4
5.65625	2931947	3.07648e+06	2402.45
5.65625	3169961	3.0524e+06	2135.08
5.65625	3378835	3.03566e+06	2201.14
5.65625	3612132	3.01871e+06	2117.91
5.65625	4037288	3.0035e+06	1470.82
5.65625	4732389	2.98984e+06	2049.64
5.65625	4937944	2.98096e+06	2117.81
5.65625	5419582	2.97369e+06	2258.17
5.65625	5622490	2.97073e+06	2027.83
5.65625	5821469	2.95996e+06	2721.32
5.65625	6020536	2.95885e+06	1797.9
5.65625	6282568	2.95275e+06	2263.52
5.65625	6454818	2.94696e+06	1755.48
5.65625	6571234	2.94549e+06	1931.56
5.65625	6698466	2.94306e+06	2083.22
5.65625	6826254	2.94361e+06	2192.19
5.65625	6894500	2.94773e+06	2528.49
5.65625	6952669	2.94941e+06	1881.96
5.65625	6996483	2.95203e+06	1764.09
5.875	239601	3.85011e+06	1365.01
5.875	331257	3.79382e+06	2047.87
5.875	463688	3.7167e+06	1858.01
5.875	594221	3.65654e+06	1837.82
5.875	710642	3.61341e+06	1805.04
5.875	839812	3.56644e+06	1770.41
5.875	1046732	3.51821e+06	2084.35
5.875	1542738	3.4809e+06	1944.08
5.875	1844510	3.44285e+06	1999.09
5.875	1991801	3.41735e+06	1919.4
5.875	2135536	3.39534e+06	1717.3
5.875	2344649	3.37197e+06	1958.12
5.875	2539344	3.33934e+06	1920.6
5.875	2688843	3.32207e+06	1561.37
5.875	2931947	3.29987e+06	1926.84
5.875	3169961	3.27561e+06	2001.63
5.875	3378835	3.25926e+06	1964.16
5.875	3612132	3.23981e+06	1886.3
5.875	4037288	3.22467e+06	2076.73
5.875	4732389	3.2102e+06	2127.35
5.875	4937944	3.20171e+06	1892.25
5.875	5419582	3.19361e+06	2008.85
5.875	5622490	3.18986e+06	2130.96
5.875	5821469	3.18178e+06	1969.43
5.875	6020536	3.17789e+06	2123.95
5.875	6282568	3.17003e+06	1996.48
5.875	6454818	3.1649e+06	1668.49
5.875	6571234	3.16452e+06	1916.71
5.875	6698466	3.16116e+06	1714.73
5.875	6826254	3.16213e+06	1866.87
5.875	6894500	3.16458e+06	1778.01
5.875	6952669	3.16608e+06	1650.16
5.875	6996483	3.16915e+06	1536.75
6.09375	239601	4.04248e+06	1431.02
6.09375	331257	3.9909e+06	1772.12
6.09375	463688	3.91612e+06	2062.42
6.09375	594221	3.85761e+06	1603.9
6.09375	710642	3.8158e+06	1664.38
6.09375	839812	3.77026e+06	1692.5
6.09375	1046732	3.72356e+06	1241.17
6.09375	1542738	3.6854e+06	1606.43
6.09375	1844510	3.64931e+06	2204.17
6.09375	1991801	3.62453e+06	1816.46
6.09375	2135536	3.60242e+06	1945.44
6.09375	2344649	3.58051e+06	1660.81
6.09375	2539344	3.5472e+06	2166.11
6.09375	2688843	3.53025e+06	1888.34
6.09375	2931947	3.50935e+06	2135.04
6.09375	3169961	3.48662e+06	1345.85
6.09375	3378835	3.46801e+06	1857.56
6.09375	3612132	3.45079e+06	1683.99
6.09375	4037288	3.43642e+06	1970.82
6.09375	4732389	3.41951e+06	1879.52
6.09375	4937944	3.41099e+06	1506.85
6.09375	5419582	3.40452e+06	1884.99
6.09375	5622490	3.39998e+06	2104.76
6.09375	5821469	3.39052e+06	1858.74
6.09375	6020536	3.38493e+06	1733.03
6.09375	6282568	3.38058e+06	1681.54
6.09375	6454818	3.3744e+06	1553.39
6.09375	6571234	3.37114e+06	2119.27
6.09375	6698466	3.36999e+06	1328.38
6.09375	6826254	3.36799e+06	1881.1
6.09375	6894500	3.369e+06	1497.74
6.09375	6952669	3.37108e+06	1856.22
6.09375	6996483	3.37526e+06	2114.38
6.3125	239601	4.22215e+06	1469.2
6.3125	331257	4.17258e+06	1520.42
6.3125	463688	4.10023e+06	1460.49
6.3125	594221	4.04639e+06	1367.55
6.3125	710642	4.00638e+06	1771.36
6.3125	839812	3.95992e+06	1274.4
6.3125	1046732	3.91569e+06	2013.18
6.3125	1542738	3.87783e+06	1483.39
6.3125	1844510	3.84608e+06	1360.6
6.3125	1991801	3.82087e+06	1611.77
6.3125	2135536	3.79709e+06	1560.2
6.3125	2344649	3.77555e+06	1156.51
6.3125	2539344	3.74625e+06	1584.99
6.3125	2688843	3.72897e+06	1866.97
6.3125	2931947	3.70577e+06	2037.64
6.3125	3169961	3.68378e+06	1661.55
6.3125	3378835	3.66594e+06	1487.55
6.3125	3612132	3.64958e+06	1672.5
6.3125	4037288	3.6344e+06	1471.1
6.3125	4732389	3.62103e+06	1309.26
6.3125	4937944	3.61224e+06	1850.11
6.3125	5419582	3.602e+06	1845.64
6.3125	5622490	3.59579e+06	2065.03
6.3125	5821469	3.58779e+06	1940.06
6.3125	6020536	3.58129e+06	1604.81
6.3125	6282568	3.57852e+06	1607.82
6.3125	6454818	3.57095e+06	1744.25
6.3125	6571234	3.57021e+06	1995.53
6.3125	6698466	3.56704e+06	1989.59
6.3125	6826254	3.56619e+06	1821
6.3125	6894500	3.56655e+06	1498.68
6.3125	6952669	3.56696e+06	2050.1
6.3125	6996483	3.56936e+06	1582.91
6.53125	239601	4.39127e+06	1390.25
6.53125	331257	4.34289e+06	1379.04
6.53125	463688	4.27414e+06	1313.57
6.53125	594221	4.22218e+06	1413.99
6.53125	710642	4.18338e+06	1645.28
6.53125	839812	4.1402e+06	1285.93
6.53125	1046732	4.09709e+06	1412.73
6.53125	1542738	4.05941e+06	1861.04
6.53125	1844510	4.02607e+06	1708.25
6.53125	1991801	4.00464e+06	1800.55
6.53125	2135536	3.98245e+06	1612.48
6.53125	2344649	3.96105e+06	1545.41
6.53125	2539344	3.93062e+06	1786.69
6.53125	2688843	3.9141e+06	1936.54
6.53125	2931947	3.89298e+06	1599.53
6.53125	3169961	3.87231e+06	1774.96
6.53125	3378835	3.85326e+06	1948.27
6.53125	3612132	3.83864e+06	1350.33
6.53125	4037288	3.82195e+06	1560.82
6.53125	4732389	3.80761e+06	1577.8
6.53125	4937944	3.79982e+06	1786
6.53125	5419582	3.7916e+06	1755.31
6.53125	5622490	3.78489e+06	1615.13
6.53125	5821469	3.77685e+06	1890.17
6.53125	6020536	3.76914e+06	1524.66
6.53125	6282568	3.76409e+06	2195.88
6.53125	6454818	3.75981e+06	1490.38
6.53125	6571234	3.75734e+06	1444.49
6.53125	6698466	3.75385e+06	1569.76
6.53125	6826254	3.75298e+06	1523.17
6.53125	6894500	3.75309e+06	2069.27
6.53125	6952669	3.75503e+06	1777.19
6.53125	6996483	3.75515e+06	1923.06
6.75	239601	4.5472e+06	1249.85
6.75	331257	4.50266e+06	1450.78
6.75	463688	4.4369e+06	1436.76
6.75	594221	4.3871e+06	1283.31
6.75	710642	4.3509e+06	1440.52
6.75	839812	4.30783e+06	1425.96
6.75	1046732	4.2649e+06	1385.76
6.75	1542738	4.22987e+06	1220.59
6.75	1844510	4.19804e+06	1406.2
6.75	1991801	4.1749e+06	2157.89
6.75	2135536	4.15483e+06	2150.01
6.75	2344649	4.13341e+06	1565.92
6.75	2539344	4.1049e+06	1733.36
6.75	2688843	4.08889e+06	1540.4
6.75	2931947	4.06757e+06	1245.07
6.75	3169961	4.04929e+06	2009.54
6.75	3378835	4.03186e+06	1550.74
6.75	3612132	4.01352e+06	1459.3
6.75	4037288	3.9996e+06	1418.26
6.75	4732389	3.98499e+06	2024.07
6.75	4937944	3.97692e+06	1327.17
6.75	5419582	3.96829e+06	1436.52
6.75	5622490	3.96111e+06	1379.9
6.75	5821469	3.95177e+06	1638.98
6.75	6020536	3.94813e+06	1696.76
6.75	6282568	3.94201e+06	1332.56
6.75	6454818	3.93572e+06	1605.66
6.75	6571234	3.933e+06	1267.58
6.75	6698466	3.92997e+06	1711.91
6.75	6826254	3.92946e+06	1456.24
6.75	6894500	3.92737e+06	1803.83
6.75	6952669	3.92876e+06	1838.36
6.75	6996483	3.93084e+06	1294.16
6.96875	239601	4.69406e+06	1334.21
6.96875	331257	4.65026e+06	1134.51
6.96875	463688	4.58845e+06	1320
6.96875	594221	4.54157e+06	1299.18
6.96875	710642	4.50614e+06	950.85
6.96875	839812	4.46446e+06	1369.86
6.96875	1046732	4.42266e+06	1626.86
6.96875	1542738	4.38709e+06	1472.08
6.96875	1844510	4.35721e+06	1267.35
6.96875	1991801	4.33656e+06	1617.43
6.96875	2135536	4.31498e+06	1145.68
6.96875	2344649	4.29482e+06	1509.43
6.96875	2539344	4.26898e+06	1337.16
6.96875	2688843	4.25246e+06	1487.4
6.96875	2931947	4.23122e+06	1487.78
6.96875	3169961	4.21285e+06	1132.65
6.96875	3378835	4.19555e+06	1880.64
6.96875	3612132	4.18092e+06	1600.52
6.96875	4037288	4.16424e+06	1388.38
6.96875	4732389	4.15196e+06	1780.81
6.96875	4937944	4.1437e+06	1623.97
6.96875	5419582	4.13408e+06	1538.02
6.96875	5622490	4.12727e+06	1896.42
6.96875	5821469	4.1181e+06	1713.14
6.96875	6020536	4.11208e+06	1779.25
6.96875	6282568	4.10787e+06	1395.45
6.96875	6454818	4.10314e+06	1862.82
6.96875	6571234	4.1007e+06	1439.98
6.96875	6698466	4.09714e+06	1106.7
6.96875	6826254	4.09619e+06	1742.19
6.96875	6894500	4.09457e+06	1865.09
6.96875	6952669	4.09592e+06	1522.75
6.96875	6996483	4.09568e+06	1231.07
7.1875	239601	4.83109e+06	1155.86
7.1875	331257	4.78909e+06	1036.6
7.1875	463688	4.73126e+06	1355.67
7.1875	594221	4.68531e+06	1360.83
7.1875	710642	4.651e+06	1449.46
7.1875	839812	4.6138e+06	1041.27
7.1875	1046732	4.57006e+06	1216.77
7.1875	1542738	4.53601e+06	1230.4
7.1875	1844510	4.50692e+06	1507.73
7.1875	1991801	4.48692e+06	1212.94
7.1875	2135536	4.46708e+06	1681.09
7.1875	2344649	4.44739e+06	1629.8
7.1875	2539344	4.4218e+06	1579.99
7.1875	2688843	4.40717e+06	1453.96
7.1875	2931947	4.38622e+06	1388.52
7.1875	3169961	4.3676e+06	1472.79
7.1875	3378835	4.35154e+06	1444.95
7.1875	3612132	4.33542e+06	1563.98
7.1875	4037288	4.32196e+06	1891.48
7.1875	4732389	4.30739e+06	1292.02
7.1875	4937944	4.29889e+06	1651.64
7.1875	5419582	4.29076e+06	1347.16
7.1875	5622490	4.28516e+06	1251.72
7.1875	5821469	4.27584e+06	1395.24
7.1875	6020536	4.2693e+06	1652.84
7.1875	6282568	4.26564e+06	1557.19
7.1875	6454818	4.26094e+06	1458.02
7.1875	6571234	4.26009e+06	1267.99
7.1875	6698466	4.25496e+06	1249.76
7.1875	6826254	4.25097e+06	1090.52
7.1875	6894500	4.25115e+06	1790.74
7.1875	6952669	4.25168e+06	1175.31
7.1875	6996483	4.25203e+06	1387.43
7.40625	239601	4.95898e+06	1203.84
7.40625	331257	4.91804e+06	732.642
7.40625	463688	4.86297e+06	1176.35
7.40625	594221	4.81907e+06	1016.02
7.40625	710642	4.78546e+06	1200.02
7.40625	839812	4.74961e+06	2057.42
7.40625	1046732	4.70893e+06	1364.39
7.40625	1542738	4.67678e+06	1380.57
7.40625	1844510	4.64668e+06	1586.69
7.40625	1991801	4.62803e+06	1335.97
7.40625	2135536	4.60797e+06	1519.66
7.40625	2344649	4.59094e+06	2000.51
7.40625	2539344	4.56671e+06	1411.89
7.40625	2688843	4.55231e+06	1850.95
7.40625	2931947	4.53106e+06	1205.42
7.40625	3169961	4.51397e+06	1456.56
7.40625	3378835	4.49751e+06	1505.72
7.40625	3612132	4.48143e+06	1127.37
7.40625	4037288	4.4682e+06	843.146
7.40625	4732389	4.45555e+06	1175.59
7.40625	4937944	4.44748e+06	1102.67
7.40625	5419582	4.43946e+06	1221.93
7.40625	5622490	4.43307e+06	1096.63
7.40625	5821469	4.42453e+06	1700.38
7.40625	6020536	4.41753e+06	1899.53
7.40625	6282568	4.41348e+06	1268.39
7.40625	6454818	4.40959e+06	1897.09
7.40625	6571234	4.40544e+06	1235.72
7.40625	6698466	4.4022e+06	1524.43
7.40625	6826254	4.39987e+06	1013.9
7.40625	6894500	4.39973e+06	1667.53
7.40625	6952669	4.39766e+06	1432.68
7.40625	6996483	4.40035e+06	1699.54
7.625	239601	5.07909e+06	1254.96
7.625	331257	5.04063e+06	1072.49
7.625	463688	4.98686e+06	1302.21
7.625	594221	4.94645e+06	1269.08
7.625	710642	4.91299e+06	1204.31
7.625	839812	4.87874e+06	1179.83
7.625	1046732	4.83876e+06	1315.85
7.625	1542738	4.80569e+06	1310.97
7.625	1844510	4.77809e+06	1270.81
7.625	1991801	4.75945e+06	1059.11
7.625	2135536	4.74032e+06	1412.55
7.625	2344649	4.72397e+06	1542.61
7.625	2539344	4.70142e+06	1377.53
7.625	2688843	4.68675e+06	1537.96
7.625	2931947	4.6664e+06	1309.56
7.625	3169961	4.65055e+06	679.955
7.625	3378835	4.63598e+06	1431.45
7.625	3612132	4.6187e+06	1190.27
7.625	4037288	4.60653e+06	1052.08
7.625	4732389	4.59409e+06	1654.17
7.625	4937944	4.58592e+06	1077.95
7.625	5419582	4.57623e+06	1441.12
7.625	5622490	4.56885e+06	1591.63
7.625	5821469	4.56263e+06	1349.71
7.625	6020536	4.55722e+06	1794.83
7.625	6282568	4.55006e+06	1496.55
7.625	6454818	4.54592e+06	1192.58
7.625	6571234	4.5438e+06	1118.35
7.625	6698466	4.54137e+06	1589.56
7.625	6826254	4.5379e+06	1370.24
7.625	6894500	4.5392e+06	1077.52
7.625	6952669	4.53733e+06	1790.62
7.625	6996483	4.53794e+06	1150.36
7.84375	239601	5.19071e+06	1200.66
7.84375	331257	5.15393e+06	953.498
7.84375	463688	5.10273e+06	1090.08
7.84375	594221	5.06368e+06	1175.21
7.84375	710642	5.033e+06	1237.49
7.84375	839812	4.99726e+06	896.775
7.84375	1046732	4.96057e+06	990.333
7.84375	1542738	4.92794e+06	1266.23
7.84375	1844510	4.90289e+06	1152.35
7.84375	1991801	4.8837e+06	1428.4
7.84375	2135536	4.86592e+06	1379.09
7.84375	2344649	4.84879e+06	1121.29
7.84375	2539344	4.82621e+06	1163.54
7.84375	2688843	4.81285e+06	1081.91
7.84375	2931947	4.79338e+06	980.623
7.84375	3169961	4.77909e+06	890.67
7.84375	3378835	4.76409e+06	1256.89
7.84375	3612132	4.7486e+06	1408.11
7.84375	4037288	4.73657e+06	1474.35
7.84375	4732389	4.72422e+06	1491.97
7.84375	4937944	4.71578e+06	900.128
7.84375	5419582	4.7066e+06	1252.27
7.84375	5622490	4.70102e+06	1223.87
7.84375	5821469	4.6933e+06	1085.38
7.84375	6020536	4.68752e+06	1242.91
7.84375	6282568	4.68275e+06	1053.6
7.84375	6454818	4.67865e+06	1028.98
7.84375	6571234	4.67516e+06	1200.65
7.84375	6698466	4.67109e+06	1191.96
7.84375	6826254	4.66884e+06	1282.36
7.84375	6894500	4.66822e+06	941.95
7.84375	6952669	4.6679e+06	1178.03
7.84375	6996483	4.6683e+06	1173.76
