0 4926 62.166157912700754
1 72248 5.858795870868899
2 10044 4.921466431504702
3 44327 8.224299494823914
4 29061 8.768869971598324
5 25792 3.6827043214099833
6 53710 5.4667620081637445
7 41332 5.076308075558651
8 31407 7.895747007322042
9 45921 8.707002503486503
10 38613 2.695151483327336
11 11165 1.7414544005609291
12 35059 6.0783795137274765
13 5859 21.35026417110813
14 34088 18.824521194692792
15 46117 19.660941286214452
16 45342 4.385307962816817
17 35949 5.770725192549155
18 43620 24.483855137552762
19 67137 12.618137999094976
20 53191 12.535879316815368
21 49028 16.834988424656792
22 27489 7.488167126643058
23 21885 8.372974314938912
24 11199 30.503539784740315
25 26458 10.353170362179284
26 51019 8.810073251304638
27 49824 5.920717779387394
28 12153 5.2337736699938375
29 49343 11.113022917480698
30 29168 7.979767087723959
31 51921 8.291705212533802
32 36964 7.473054701411744
33 29751 10.61280554195618
34 44420 6.959880122996709
35 28217 4.548048099064552
36 63576 9.636989437788902
37 28075 6.67951357303586
38 52969 10.465803316463242
39 25700 9.378164686477312
40 63786 10.347213577823526
41 33705 9.563476741977183
42 39341 5.093591939422113
43 26838 4.7761379589403505
44 32154 7.031714046551567
45 17724 3.1768857616328723
46 11927 2.1842498884164714
47 14586 2.486531211727622
48 28749 4.786656154391449
49 41329 6.052468968968196
50 15588 5.714620685501245
51 23948 3.8025809385989433
52 3397 0.846025927533255
53 15107 3.9029192413246703
54 15760 3.0569512291176637
55 63916 10.72111801290199
56 35372 9.5982962083222
57 56039 6.431953352679626
58 42847 9.103909361742216
59 59039 10.610007845596195
60 14107 10.263252957156558
61 27415 9.399692585448273
62 27570 9.38721685196997
63 31257 8.992839735164797
64 28498 4.539490144355881
65 26696 5.749670654844733
66 23204 12.401412670637857
67 18929 5.994035879702918
68 37858 5.437827511169936
69 32890 5.537428744843606
70 57663 13.33639538098246
71 45235 17.347738676781514
72 22658 11.223977485609971
73 21427 113.73868295914885
74 26551 78.31212036503644
75 12704 53.452808661661756
76 7669 26.270467662398435
77 459 21.094839821651682
78 12042 3.213184771512455
79 26312 8.658532780846862
80 40748 7.2038449598994285
81 29659 9.680438673847137
82 24879 5.201764641380578
83 29140 6.188542958500194
84 44963 7.381770880791725
85 16921 6.809172474930386
86 9549 3.967106025201661
87 30790 4.655588751762556
88 19155 4.478944690091228
89 30879 8.666868726804912
90 32570 11.264143694874262
91 29156 6.654062489864818
92 13074 6.2531594740979495
93 14449 11.427720514535203
94 49396 21.61591636718008
95 36017 46.35931826711166
96 15162 7.189551843483445
97 41722 9.489984123478564
98 20221 5.023410533176215
99 20082 6.147025777725611
100 16421 6.434914370259631
101 41896 11.729363610951093
102 23443 6.135820320403029
103 35938 10.822637402181014
104 53766 10.757388837322798
105 29754 8.062688321335852
106 19260 6.706244584916996
107 38548 8.975263205852691
108 20969 9.209709079733187
109 22088 21.342420891525364
110 48808 18.41961507157562
111 65245 41.77446690872699
112 14557 7.4007346752185725
113 19743 657.8229096042144
114 18715 4.607234473673237
115 18290 8.860847617826801
116 21720 5.400754366429497
117 32104 6.41193202439548
118 14414 46.51958348841771
119 53718 27.90256171071063
120 6265 7.095512025538342
121 19100 12.974413008863362
122 10817 18.554043879739982
123 12093 3.8805646975970545
124 7742 88.81474470151986
125 16315 39.59329772956477
126 37456 5.21590138641569
127 27571 4.217683634055447
128 43539 5.191378492873326
129 28909 3.3015647176743674
130 43788 7.383004477240821
131 46867 5.020964961999824
132 1 5.937160326611552
133 31926 4.179895428086925
134 13791 1.4272888523035627
135 26903 3.103389282112504
136 27811 3.493926612787395
137 7562 0.39706554624963514
138 26108 1.102590822814623
139 29758 2.5375260425917032
140 36066 2.156320801486339
141 52677 3.904942416721622
142 14995 3.1226870549207177
143 31315 13.579425464519527
144 19410 2.0231649721929212
145 13833 1.350709733018068
146 6694 2.7924418954836856
147 63226 14.811887545424922
148 39353 6.898386015688104
149 46933 7.254631295589014
150 52606 7.07657873318332
151 33141 5.070027737580252
152 50170 12.296001371434926
153 56149 7.628889400259769
154 18413 3.214881690571539
155 40053 4.247450567338536
156 30840 3.4047914507712003
157 14917 0.4065022695085846
158 39489 56.37384651975221
159 13497 20.778230246626624
160 16929 15.404058628843067
161 53206 7.688254540175476
162 21075 2.4391418029736047
163 37664 6.586879553109899
164 46044 7.5357136789822965
165 32524 3.0948328718125335
166 23828 5.555506048676674
167 0 0.006832077986461713
168 33852 3.8125435330202304
169 23038 9.560613794349626
170 40654 6.1713274347217055
171 43194 6.004931683081157
172 63544 5.8406482964399835
173 12389 4.708678186925963
174 35249 2.3228559360120586
175 21210 3.0505670296541916
176 594 0.313725005675702
177 13971 1.7651016143704141
178 18846 4.143124987451679
179 46187 4.316109572708445
180 27189 4.5849467256218945
181 12253 13.170751756378793
182 11593 1.7790279337201562
183 122 0.3033307490227754
184 18613 279.74594361054955
185 34110 18.371289751149426
