0 0
1 1
2 2
3 2
4 3
5 4
6 5
7 2
8 6
9 7
10 8
11 9
12 10
13 11
14 12
15 13
16 13
17 14
18 15
19 16
20 17
21 18
22 19
23 20
24 21
25 22
26 23
27 9
28 24
29 25
30 13
31 13
32 13
33 13
34 13
35 13
36 13
37 13
38 13
39 13
40 26
41 13
42 13
43 27
44 28
45 13
46 13
47 13
48 13
49 29
50 30
51 13
52 13
53 13
54 31
55 32
56 33
57 34
58 35
59 36
60 2
61 37
62 38
63 39
64 40
65 41
66 42
67 43
68 44
69 45
70 46
71 47
72 48
73 49
74 50
75 51
76 52
77 53
78 54
79 55
80 56
81 57
82 47
83 58
84 59
85 60
86 61
87 62
88 63
89 64
90 65
91 66
92 67
93 68
94 69
95 70
96 13
97 71
98 72
99 73
100 74
101 75
102 76
103 77
104 78
105 79
106 80
107 81
108 82
109 81
110 81
111 83
112 84
113 85
114 86
115 87
116 88
117 89
118 90
119 91
120 92
121 93
122 94
123 95
124 13
125 96
126 97
127 98
128 99
129 100
130 101
131 2
132 102
133 103
134 104
135 105
136 106
137 107
138 108
139 109
140 110
141 111
142 112
143 113
144 114
145 115
146 116
147 45
148 70
149 117
150 118
151 119
152 120
153 121
154 122
155 123
156 124
157 125
158 17
159 126
160 127
161 128
162 17
163 127
164 129
165 130
166 131
167 132
168 133
