0 0
1 1
2 2
3 3
4 4
5 5
6 6
7 7
8 8
9 9
10 9
11 9
12 9
13 9
14 9
15 9
16 9
17 9
18 9
19 9
20 9
21 9
22 9
23 9
24 9
25 9
26 9
27 9
28 9
29 9
30 9
31 9
32 10
33 9
34 11
35 9
36 9
37 9
38 9
39 9
40 9
41 12
42 13
43 14
44 15
45 16
46 17
47 18
48 19
49 9
50 9
51 20
52 9
53 21
54 9
55 21
56 9
57 9
58 9
59 22
60 9
61 23
62 9
63 9
64 9
65 9
66 9
67 24
68 25
69 26
70 27
71 28
72 29
73 29
74 18
75 29
76 30
77 31
78 32
79 33
80 34
81 35
82 36
83 37
84 38
85 39
86 9
87 18
88 40
89 41
90 42
91 43
92 44
93 45
94 46
95 47
96 48
97 49
