population	links	tests	detected	time	error	time_error
76877	28	1200000	109688	20.1146	2184.37	3.17392
95665	42	1200000	109689	20.0417	2274.26	3.19962
113116	56	1200000	109674	20.1146	2267.94	3.3338
124272	70	1200000	109616	20.1562	2327.05	3.2666
129247	84	1200000	109635	20.1354	2359.34	3.17077
130344	99	1200000	109071	20.2083	2227.32	3.23693
132850	113	1200000	107168	20.2083	2127.31	3.28601
133762	127	1200000	106453	20.2604	2103.51	3.2533
134041	141	1200000	106253	20.3021	2222.25	3.32478
134193	155	1200000	106106	20.2917	2108.23	3.31027
134409	169	1200000	105977	20.3125	2164.62	3.26641
139996	184	1200000	101928	20.4583	2118.74	3.32234
147378	198	1200000	96996.9	20.6771	1966.42	3.32929
150259	212	1200000	95200.4	20.7396	2035.95	3.49065
151336	226	1200000	94543.8	20.7812	1965.77	3.51303
151748	240	1200000	94335.1	20.7708	2011.63	3.44721
151943	254	1200000	94213.6	20.7604	1930.7	3.46187
172269	269	1200000	83523.7	21.3021	1726.44	3.20216
183735	283	1200000	78515.4	21.5312	1730.87	3.39427
186474	297	1200000	77437.3	21.6146	1726.39	3.39918
187659	311	1200000	76964.1	21.6771	1646.67	3.37703
188334	325	1200000	76669.7	21.6146	1740.06	3.33979
189855	339	1200000	76090.7	21.6875	1704.02	3.51428
205383	354	1200000	70629.9	22	1575.49	3.29917
214520	368	1200000	67744.1	22.1771	1556.98	3.39476
220892	382	1200000	65878.1	22.3438	1535.25	3.26047
224057	396	1200000	64987.1	22.4375	1482.73	3.30901
226284	410	1200000	64374.9	22.4479	1443.56	3.3338
227674	424	1200000	63985.4	22.4792	1412.42	3.37091
228058	439	1200000	63895	22.4479	1455.07	3.32177
230688	453	1200000	63148	22.5417	1403.56	3.34634
232710	467	1200000	62703	22.5521	1427.25	3.49781
234092	481	1200000	62312.2	22.5625	1433.22	3.49716
234653	495	1200000	62183.2	22.5833	1456.28	3.51831
237639	509	1200000	61439.1	22.6042	1412.14	3.41221
253283	524	1200000	57864.3	22.8854	1273.69	3.29759
258660	538	1200000	56694.4	22.9688	1260.4	3.36466
266784	552	1200000	55049.3	23.1042	1244.36	3.34111
269874	566	1200000	54499.5	23.1042	1271.68	3.30498
271119	580	1200000	54211.5	23.1771	1272.37	3.3711
271302	594	1200000	54170.4	23.1771	1193.66	3.3711
279132	609	1200000	52755.1	23.2812	1290.82	3.24664
284851	623	1200000	51699.7	23.3333	1151.3	3.40267
291416	637	1200000	50645.2	23.5104	1227.56	3.3353
296625	651	1200000	49781.8	23.5729	1211.82	3.40359
301793	665	1200000	48957.3	23.6354	1106.26	3.4314
303077	679	1200000	48766.3	23.625	1159.81	3.36225
303937	694	1200000	48690.8	23.6354	1108.78	3.45464
304306	708	1200000	48602.2	23.625	1173.36	3.43292
307314	722	1200000	48127	23.6979	1184	3.50067
309828	736	1200000	47753.2	23.7292	1108.46	3.47035
310595	750	1200000	47677.1	23.7188	1148.54	3.50733
310962	764	1200000	47639.8	23.7396	1211.07	3.46765
312426	779	1200000	47397.1	23.75	1104.02	3.43
315510	793	1200000	46987.9	23.75	1125.76	3.45325
316542	807	1200000	46861.7	23.8021	1138.06	3.44885
316771	821	1200000	46812.9	23.7917	1097.13	3.45229
318915	835	1200000	46531.5	23.8958	1091.35	3.35306
319793	849	1200000	46392.3	23.8646	1108.58	3.46043
320321	864	1200000	46311.2	23.8333	1098.2	3.40267
320446	878	1200000	46305.6	23.8229	1074.64	3.40653
326998	892	1200000	45464.5	23.9062	1097	3.3602
340423	906	1200000	43723.3	24.0625	1056.68	3.33311
349490	920	1200000	42653.9	24.25	1048.42	3.40659
355854	934	1200000	41934.9	24.2812	1041.03	3.46139
362131	949	1200000	41264.1	24.375	1071.49	3.37413
371697	963	1200000	40263.8	24.5	1042.07	3.34734
375118	977	1200000	39924.2	24.4792	1027.59	3.41807
375631	991	1200000	39844.5	24.5625	980.342	3.35704
375798	1005	1200000	39866	24.5521	1011.66	3.40506
381959	1019	1200000	39254.9	24.6042	1004.27	3.43559
391914	1034	1200000	38283.6	24.7396	949.568	3.3383
396292	1048	1200000	37858.2	24.7708	970.364	3.38867
399014	1062	1200000	37631.6	24.8125	897.483	3.27864
403466	1076	1200000	37231.9	24.7708	951.37	3.37685
404642	1090	1200000	37121.6	24.8021	986.843	3.39033
405122	1104	1200000	37096	24.8438	920.129	3.41044
405621	1119	1200000	37067.1	24.7604	956.545	3.40359
406348	1133	1200000	36982.9	24.8333	954.117	3.42611
407576	1147	1200000	36890.6	24.8646	933.41	3.29456
414006	1161	1200000	36331.1	24.9167	963.485	3.31933
420856	1175	1200000	35770.8	25.0104	908.295	3.38886
423290	1189	1200000	35591.3	24.9479	973.608	3.33979
427712	1204	1200000	35279.9	25.0625	950.088	3.2969
427907	1218	1200000	35244.2	25.0625	882.664	3.42781
438278	1232	1200000	34507.1	25.1562	894.574	3.36318
451215	1246	1200000	33521.3	25.2917	847.027	3.35828
458879	1260	1200000	33010.3	25.3333	849.353	3.31933
463621	1274	1200000	32672.1	25.4375	867.137	3.34509
467067	1289	1200000	32437	25.4271	869.774	3.28391
468332	1303	1200000	32410.3	25.5	795.76	3.35927
468534	1317	1200000	32374.7	25.4792	832.456	3.20041
476741	1331	1200000	31835.5	25.5625	800.191	3.45108
482808	1345	1200000	31435	25.625	750.179	3.44455
488715	1359	1200000	31142.3	25.6042	885.82	3.42392
493596	1374	1200000	30843.9	25.6562	849.552	3.42799
494613	1388	1200000	30748.4	25.6562	805.828	3.49733
495512	1402	1200000	30725.7	25.6667	820.006	3.42611
495890	1416	1200000	30692.4	25.6979	822.095	3.4314
497510	1430	1200000	30602.6	25.6979	772.507	3.38443
499435	1444	1200000	30467.8	25.7188	815.106	3.4031
500233	1459	1200000	30459.2	25.7604	820.19	3.48492
501550	1473	1200000	30360.2	25.7188	809.496	3.34379
505923	1487	1200000	30120	25.7917	819.762	3.35828
510331	1501	1200000	29889	25.7604	776.175	3.39181
512639	1515	1200000	29758.8	25.7708	780.773	3.42392
513146	1529	1200000	29728.6	25.8125	790.27	3.31505
513347	1544	1200000	29741.4	25.8646	855.602	3.40212
517208	1558	1200000	29510.9	25.8229	752.547	3.42994
518495	1572	1200000	29461.2	25.875	777.438	3.40952
519593	1586	1200000	29352.5	25.875	788.691	3.35032
519758	1600	1200000	29372.4	25.8438	806.318	3.30315
524499	1614	1200000	29112.2	25.9167	775.698	3.25849
532586	1629	1200000	28734.9	25.8646	762.764	3.39033
541765	1643	1200000	28273.3	26.0208	802.138	3.26233
549531	1657	1200000	27899.9	26.0729	782.138	3.31424
553528	1671	1200000	27705	26.1667	785.994	3.3553
556285	1685	1200000	27559.3	26.1667	722.075	3.28296
557476	1699	1200000	27520.6	26.1146	778.315	3.35772
557903	1714	1200000	27480	26.1667	724.52	3.41441
558678	1728	1200000	27489.7	26.2292	731.131	3.47035
562692	1742	1200000	27268.7	26.2812	730.967	3.20945
566516	1756	1200000	27160.3	26.2604	726.701	3.31424
567956	1770	1200000	27035.8	26.3229	777.764	3.30517
568938	1784	1200000	27014	26.2812	663.815	3.30769
569011	1799	1200000	27020.3	26.2917	747.781	3.40561
572798	1813	1200000	26847.8	26.2604	777.194	3.36219
577824	1827	1200000	26634.4	26.3646	748.766	3.31273
580959	1841	1200000	26497.3	26.3646	695.934	3.32478
583421	1855	1200000	26431.6	26.3958	713.847	3.36497
585799	1869	1200000	26295.8	26.375	717.576	3.3022
586024	1883	1200000	26282.5	26.4375	707.967	3.35704
587890	1898	1200000	26213.4	26.4688	749.14	3.34678
596055	1912	1200000	25885.8	26.5104	722.835	3.32328
601670	1926	1200000	25649.6	26.5208	704.506	3.40634
606093	1940	1200000	25459	26.5521	686.449	3.46332
608786	1954	1200000	25366.7	26.5417	707.106	3.39384
609396	1968	1200000	25341.3	26.5521	673.151	3.3097
609934	1983	1200000	25342.4	26.5104	756.896	3.3711
612669	1997	1200000	25218.3	26.5625	706.935	3.42781
621612	2011	1200000	24902.3	26.625	704.315	3.36225
626145	2025	1200000	24714.1	26.6875	729.257	3.45687
628870	2039	1200000	24646.7	26.6875	724.998	3.38671
635512	2053	1200000	24374.9	26.7188	647.138	3.42653
637972	2068	1200000	24275.8	26.75	705.524	3.39482
638390	2082	1200000	24283.7	26.7604	691.47	3.40359
639173	2096	1200000	24249.4	26.75	745.667	3.43
640787	2110	1200000	24179.6	26.7708	728.15	3.49334
640976	2124	1200000	24203	26.7812	683.963	3.38541
650029	2138	1200000	23882.7	26.7812	649.297	3.47869
652997	2153	1200000	23766.1	26.7917	710.651	3.44068
658475	2167	1200000	23572.4	26.8854	650.891	3.45175
661942	2181	1200000	23484.4	26.8854	654.058	3.36962
664673	2195	1200000	23351.5	26.9479	653.445	3.38738
665136	2209	1200000	23380.2	26.9167	700.16	3.39089
667019	2223	1200000	23302.9	26.9271	696.586	3.32629
673577	2238	1200000	23104.8	26.9688	651.18	3.25587
678024	2252	1200000	22921.9	27	684.249	3.27482
681446	2266	1200000	22851	27.0625	674.504	3.2969
682361	2280	1200000	22832.8	27.0208	683.249	3.31103
684540	2294	1200000	22762.4	27.0312	641.051	3.37654
685011	2308	1200000	22723.7	27.0417	644.606	3.29816
685714	2323	1200000	22690.3	27.1042	660.677	3.38867
685957	2337	1200000	22697	27.0625	657.009	3.36894
686318	2351	1200000	22701.6	27.0208	668.706	3.32309
696253	2365	1200000	22374.8	27.0625	611.449	3.33311
710224	2379	1200000	21971.6	27.2812	617.788	3.36764
718160	2393	1200000	21767.1	27.2708	656.439	3.41221
724059	2408	1200000	21595.6	27.3125	670.544	3.36299
730860	2422	1200000	21384.4	27.3333	624.764	3.41441
734794	2436	1200000	21313.6	27.3854	632.625	3.36367
738321	2450	1200000	21185.2	27.375	640.024	3.36225
741745	2464	1200000	21093.8	27.4167	633.702	3.33136
743064	2478	1200000	21059.9	27.4583	632.281	3.31027
743858	2493	1200000	21053.1	27.4167	602.511	3.33136
751611	2507	1200000	20834.5	27.5104	608.974	3.39476
755015	2521	1200000	20762.8	27.4896	601.982	3.42994
760626	2535	1200000	20612.9	27.5208	577.157	3.42976
761943	2549	1200000	20563.3	27.4896	648.299	3.42994
766012	2563	1200000	20478.6	27.5833	604.851	3.34335
766258	2578	1200000	20489.9	27.5208	599.263	3.34709
766901	2592	1200000	20466.7	27.5312	593.894	3.40604
767264	2606	1200000	20440.9	27.5625	584.355	3.42781
769075	2620	1200000	20398.1	27.5417	588.801	3.38203
775469	2634	1200000	20237.7	27.6042	593.152	3.37685
783599	2648	1200000	20045.1	27.625	629.258	3.43292
797413	2663	1200000	19742	27.7188	597.377	3.4031
807049	2677	1200000	19522.3	27.7292	598.725	3.4588
812022	2691	1200000	19383	27.8333	594.186	3.3672
820033	2705	1200000	19219.3	27.7708	606.997	3.44721
823565	2719	1200000	19113.1	27.8229	541.895	3.35921
829463	2733	1200000	19034.2	27.8542	528.466	3.31103
834253	2748	1200000	18932.3	27.9062	583.436	3.44256
841366	2762	1200000	18735.6	27.9271	602.445	3.43285
844802	2776	1200000	18681.6	27.9479	538.794	3.32779
847677	2790	1200000	18636.8	27.9896	594.326	3.37703
849953	2804	1200000	18548.2	27.9375	582.305	3.32108
850250	2818	1200000	18590.3	27.9271	555.086	3.32629
855616	2833	1200000	18491.1	27.9479	581.166	3.36367
861126	2847	1200000	18377.2	28.0208	598.205	3.31103
868884	2861	1200000	18198.7	28.0417	572.257	3.42903
871596	2875	1200000	18155.3	28.0729	521.793	3.2533
876197	2889	1200000	18048.6	28.0938	544.738	3.3602
879660	2903	1200000	18005	28.0833	543.309	3.30725
881321	2918	1200000	17950	28.125	550.996	3.33836
882983	2932	1200000	17933.1	28.1354	575.583	3.34279
883121	2946	1200000	17944.4	28.1042	532.03	3.36497
884876	2960	1200000	17908.9	28.125	534.644	3.33836
885681	2974	1200000	17895.4	28.1354	545.774	3.35474
888986	2988	1200000	17832.4	28.1667	562.952	3.29513
891714	3003	1200000	17768.6	28.1667	570.351	3.39089
897563	3017	1200000	17674.8	28.2396	513.113	3.40359
899862	3031	1200000	17602.6	28.2708	530.413	3.36497
901219	3045	1200000	17585.5	28.2708	573.715	3.32911
902864	3059	1200000	17539.8	28.2708	536.675	3.34111
903977	3073	1200000	17548.8	28.3125	516.911	3.26641
909243	3088	1200000	17458	28.3438	535.332	3.32127
912283	3102	1200000	17366.7	28.3438	542.419	3.26047
913481	3116	1200000	17389.8	28.3125	529.441	3.3985
915630	3130	1200000	17334.1	28.3333	563.387	3.39089
915943	3144	1200000	17333.8	28.3125	550.402	3.37487
922666	3158	1200000	17208.5	28.3333	543.323	3.41441
931374	3173	1200000	17038.1	28.3958	516.979	3.34111
936066	3187	1200000	16979.4	28.4479	527.67	3.28543
939624	3201	1200000	16909.3	28.4271	562.515	3.42702
940196	3215	1200000	16905.8	28.5	521.73	3.45325
941064	3229	1200000	16876.1	28.5104	486.19	3.41825
945910	3243	1200000	16793.4	28.4375	509.903	3.45108
946932	3258	1200000	16809.2	28.5	547.406	3.4993
947252	3272	1200000	16822.9	28.4583	502.288	3.33436
952275	3286	1200000	16700.7	28.4688	539.978	3.32278
959076	3300	1200000	16593.4	28.5208	484.849	3.41807
964336	3314	1200000	16513.6	28.5417	509.737	3.41734
970049	3328	1200000	16421.7	28.5625	501.103	3.36894
974721	3343	1200000	16351.8	28.5833	516.059	3.54098
976895	3357	1200000	16332.7	28.5938	491.848	3.41337
980873	3371	1200000	16255.2	28.6042	486.471	3.42392
982861	3385	1200000	16215.1	28.625	543.868	3.39777
984004	3399	1200000	16217.4	28.6042	509.339	3.40046
989352	3413	1200000	16114.6	28.5729	500.541	3.36813
994870	3428	1200000	16036.8	28.6562	492.696	3.34528
998038	3442	1200000	16003.3	28.6562	491.102	3.42799
1004797	3456	1200000	15882.7	28.6771	494.562	3.31725
1005158	3470	1200000	15903.3	28.6979	464.293	3.48922
1006617	3484	1200000	15862.8	28.6979	500.605	3.47773
1017813	3498	1200000	15699.7	28.8021	499.854	3.36665
1028302	3513	1200000	15554.9	28.8229	491.763	3.39476
1032168	3527	1200000	15498.7	28.8229	461.681	3.39476
1036367	3541	1200000	15458.4	28.7917	518.81	3.44068
1038600	3555	1200000	15410.5	28.8333	536.087	3.31933
1043133	3569	1200000	15362.3	28.8229	518.042	3.46476
1043360	3583	1200000	15342.4	28.8021	487.393	3.46043
1047403	3598	1200000	15290.6	28.8854	478.182	3.35772
1051966	3612	1200000	15224.1	28.9167	479.41	3.3553
1052886	3626	1200000	15239.1	28.9167	449.027	3.3553
1053841	3640	1200000	15212.5	28.9271	465.66	3.37407
1059076	3654	1200000	15124.6	28.9167	485.76	3.34335
1065243	3668	1200000	15071.1	28.9688	486.882	3.32879
1071447	3682	1200000	14982	28.9896	522.853	3.32929
1084279	3697	1200000	14807.1	29.0938	485.952	3.38394
1089537	3711	1200000	14750.7	29.0625	470.593	3.33311
1092416	3725	1200000	14712.6	29.0938	448.091	3.3363
1095354	3739	1200000	14656.8	29.0938	439.39	3.34827
1096518	3753	1200000	14653.6	29.125	463.971	3.39777
1102581	3767	1200000	14603.2	29.0833	488.238	3.3672
1105702	3782	1200000	14563	29.1667	523.987	3.3672
1108214	3796	1200000	14485.9	29.125	489.733	3.3143
1109370	3810	1200000	14499	29.1354	480.449	3.50638
1111780	3824	1200000	14475.5	29.125	464.731	3.40952
1113493	3838	1200000	14450.9	29.1979	459.054	3.29456
1119527	3852	1200000	14360.6	29.2396	454.739	3.25945
1121326	3867	1200000	14350	29.1875	466.982	3.45687
1123205	3881	1200000	14327.5	29.2396	473.829	3.42702
1129097	3895	1200000	14260.7	29.2708	438.827	3.37685
1133707	3909	1200000	14231.4	29.2188	489.89	3.40897
1138104	3923	1200000	14154.2	29.2917	464.085	3.28601
1141028	3937	1200000	14130.1	29.2708	472.527	3.28067
1143496	3952	1200000	14100.6	29.2812	471.883	3.34379
1148021	3966	1200000	14051.9	29.2917	455.897	3.42903
1157116	3980	1200000	13934.4	29.3646	461.202	3.39623
1161702	3994	1200000	13893.2	29.3542	456.464	3.37091
1163410	4008	1200000	13884.6	29.3333	457.052	3.40267
1165049	4022	1200000	13867.8	29.3438	462.374	3.39279
1166674	4037	1200000	13843.5	29.4062	442.03	3.31826
1167022	4051	1200000	13816.6	29.3854	413.649	3.26711
1167162	4065	1200000	13836.8	29.3646	449.668	3.47773
1168904	4079	1200000	13801.6	29.4271	485.982	3.41532
1170331	4093	1200000	13780.8	29.4375	504.652	3.41612
1177099	4107	1200000	13697.6	29.4688	413.153	3.35871
1185579	4122	1200000	13598	29.4896	433.649	3.40653
1194564	4136	1200000	13550.9	29.4375	470.249	3.39261
1198045	4150	1200000	13482	29.5208	441.102	3.35902
1211052	4164	1200000	13368.7	29.5521	402.935	3.28543
1220770	4178	1200000	13245.3	29.6042	414.578	3.41221
1224251	4192	1200000	13243	29.6354	425.621	3.40799
1230445	4207	1200000	13154.4	29.6042	468.105	3.38867
1238885	4221	1200000	13062.2	29.6562	436.674	3.48587
1239077	4235	1200000	13056.4	29.6771	412.281	3.40065
1241058	4249	1200000	13048.4	29.625	428.815	3.50216
1248426	4263	1200000	12977.2	29.6354	403.178	3.39623
1249352	4277	1200000	12969.2	29.6875	409.291	3.45687
1251297	4292	1200000	12958.2	29.6458	433.602	3.42976
1255331	4306	1200000	12922.7	29.6667	387.305	3.3672
1266992	4320	1200000	12808.3	29.6875	437.092	3.55953
1273123	4334	1200000	12761.2	29.7292	402.883	3.35306
1277287	4348	1200000	12708.2	29.7188	462.837	3.47293
1282382	4362	1200000	12664.4	29.8125	450.469	3.36299
1285824	4377	1200000	12634.8	29.7708	421.09	3.4588
1294505	4391	1200000	12559.4	29.7917	405.796	3.45229
1296335	4405	1200000	12546.1	29.8333	413.085	3.42611
1297240	4419	1200000	12530.5	29.875	431.919	3.42124
1297488	4433	1200000	12510.4	29.8646	407.328	3.35474
1302125	4447	1200000	12474.7	29.8229	403.582	3.39476
1304504	4462	1200000	12464.9	29.8958	405.609	3.25619
1312494	4476	1200000	12371.6	29.9271	408.142	3.38591
1316402	4490	1200000	12348.9	29.9062	434.131	3.37209
1324789	4504	1200000	12295.3	29.9167	379.851	3.40267
1326796	4518	1200000	12264	29.9896	384.072	3.4474
1329280	4532	1200000	12254.6	29.9062	410.38	3.52298
1331406	4547	1200000	12227.9	29.9375	394.993	3.35704
1337978	4561	1200000	12170.1	29.9792	406.488	3.32309
1339754	4575	1200000	12163	30.0417	419.978	3.31027
1342029	4589	1200000	12116.3	29.9583	396.438	3.40561
1343090	4603	1200000	12110.7	30.0104	420.854	3.26864
1343298	4617	1200000	12124.8	29.9375	396.139	3.28474
1346626	4632	1200000	12105.3	30.0208	404.471	3.38277
1348202	4646	1200000	12084	29.9583	427.142	3.42903
1348442	4660	1200000	12084.4	30	371.429	3.35927
1350714	4674	1200000	12051	30.0417	436.001	3.35828
1357704	4688	1200000	12001.1	30.1354	406.844	3.31876
1358298	4702	1200000	11994.2	30.0625	412.262	3.40438
1359972	4717	1200000	11992.3	30.0417	380.058	3.31027
1363893	4731	1200000	11957.2	30.0833	382.052	3.3553
1367418	4745	1200000	11914.5	30.0417	421.667	3.35828
1371195	4759	1200000	11907.6	30.0312	418.467	3.32879
1375895	4773	1200000	11859.8	30.0729	412.353	3.38591
1391251	4787	1200000	11722.8	30.1979	432.602	3.37851
1399089	4802	1200000	11679.3	30.2292	420.657	3.36497
1404208	4816	1200000	11635.4	30.2083	389.923	3.33436
1406481	4830	1200000	11619.9	30.2188	399.008	3.28949
1408809	4844	1200000	11601.7	30.2292	350.438	3.29285
1410096	4858	1200000	11598.7	30.2396	405.107	3.37999
1410906	4872	1200000	11573.4	30.2292	374.615	3.36497
1415673	4887	1200000	11571.8	30.2604	424.516	3.44449
1419949	4901	1200000	11542.5	30.3333	398.679	3.46097
1423600	4915	1200000	11500.7	30.3021	363.354	3.38443
1426782	4929	1200000	11467.6	30.2708	392.826	3.37685
1431394	4943	1200000	11430.8	30.2917	404.026	3.48689
1435838	4957	1200000	11409	30.375	394.307	3.37413
1437580	4972	1200000	11383.9	30.3333	372.85	3.43777
1447172	4986	1200000	11314.5	30.3854	402.594	3.37555
1450112	5000	1200000	11303	30.4062	369.623	3.31826
1452041	5014	1200000	11264.3	30.4167	376.057	3.40267
1453450	5028	1200000	11274	30.4167	390.752	3.39089
1456346	5042	1200000	11243.3	30.3646	372.796	3.34877
1460588	5057	1200000	11206.3	30.4062	408.911	3.44836
1462613	5071	1200000	11191.4	30.3958	394.617	3.4588
1462997	5085	1200000	11190.6	30.4375	403.776	3.34509
1463368	5099	1200000	11199.2	30.4167	360.43	3.3553
1470047	5113	1200000	11163.9	30.4062	398.863	3.3303
1472202	5127	1200000	11143	30.4688	364.895	3.35871
1474453	5142	1200000	11108.7	30.4375	376.522	3.40438
1477130	5156	1200000	11093.3	30.4271	395.272	3.36813
1480485	5170	1200000	11065.7	30.4583	388.913	3.34634
1482881	5184	1200000	11038.5	30.4792	392.485	3.35902
1485169	5198	1200000	11060.6	30.4583	401.325	3.33436
1488527	5212	1200000	11019.2	30.5104	399.4	3.38295
1493018	5227	1200000	10994.5	30.4688	353.026	3.4411
1493531	5241	1200000	10978	30.5208	393.556	3.42976
1496011	5255	1200000	10962.9	30.5312	384.966	3.38246
1497728	5269	1200000	10958.2	30.4896	346.304	3.32328
1499677	5283	1200000	10969.7	30.5208	385.157	3.34709
1502008	5297	1200000	10937.3	30.5104	357.809	3.23789
1505473	5312	1200000	10887.5	30.5312	353.716	3.2986
1506093	5326	1200000	10908.4	30.5833	392.8	3.50692
1507537	5340	1200000	10865.6	30.6146	347.871	3.38738
1509903	5354	1200000	10873.4	30.5521	385.776	3.41679
1512012	5368	1200000	10859.3	30.5417	368.689	3.40561
1513360	5382	1200000	10859.9	30.5625	369.773	3.46266
1516007	5397	1200000	10846.2	30.6042	399.109	3.40046
1519285	5411	1200000	10800.1	30.5417	387.03	3.44068
1521826	5425	1200000	10780.3	30.5521	348.554	3.34578
1522608	5439	1200000	10800.4	30.5625	370.01	3.49716
1523253	5453	1200000	10797.3	30.5521	392.508	3.29759
1524977	5467	1200000	10766.6	30.5521	386.236	3.45175
1527495	5481	1200000	10753.3	30.5625	368.731	3.47419
1530778	5496	1200000	10741.2	30.6042	400.125	3.42392
1531623	5510	1200000	10730.6	30.6042	364.566	3.36497
1533662	5524	1200000	10722.4	30.6354	399.565	3.52346
1534712	5538	1200000	10710.4	30.625	358.653	3.43292
1535509	5552	1200000	10701.3	30.6146	341.635	3.31574
1537772	5566	1200000	10657.6	30.6562	386.98	3.39279
1541440	5581	1200000	10664.8	30.6146	353.31	3.43431
1545182	5595	1200000	10644.8	30.6979	367.737	3.52346
1548456	5609	1200000	10618	30.6562	388.355	3.49733
1548744	5623	1200000	10609.4	30.6146	364.357	3.38738
1551091	5637	1200000	10597.7	30.6354	391.286	3.48922
1551866	5651	1200000	10598.6	30.7292	368.049	3.40046
1553889	5666	1200000	10590.5	30.6458	368.234	3.4414
1554917	5680	1200000	10588.9	30.6458	374.791	3.47611
1555027	5694	1200000	10585.7	30.6979	373.403	3.50067
1556660	5708	1200000	10558.9	30.6979	354.687	3.4314
1557493	5722	1200000	10539.6	30.7292	365.171	3.47035
1558365	5736	1200000	10548.3	30.6771	362.397	3.41239
1559297	5751	1200000	10553.1	30.6667	345.49	3.42611
1560635	5765	1200000	10531.3	30.7083	394.833	3.49835
1561134	5779	1200000	10534.6	30.6875	391.965	3.45687
1563083	5793	1200000	10524.5	30.6979	372.384	3.48922
1564324	5807	1200000	10504.2	30.6771	371.281	3.43577
1565264	5821	1200000	10520.9	30.6771	364.621	3.32929
1565637	5836	1200000	10523.6	30.6562	370.12	3.42799
1566494	5850	1200000	10497	30.6875	382.895	3.50287
1568841	5864	1200000	10501.5	30.7188	358.073	3.3318
1569373	5878	1200000	10488	30.6979	362.118	3.51208
1572377	5892	1200000	10466.4	30.7292	340.326	3.34111
1576115	5906	1200000	10448.8	30.7604	392.945	3.43868
1577306	5921	1200000	10422.9	30.7292	385.947	3.41221
1581933	5935	1200000	10395.4	30.6979	299.082	3.3607
1583096	5949	1200000	10408.8	30.7292	411.908	3.47035
1585995	5963	1200000	10379.2	30.7917	331.055	3.39384
1589325	5977	1200000	10371.3	30.8021	356.967	3.44885
1591178	5991	1200000	10332.7	30.7917	360.635	3.39384
1594142	6006	1200000	10337.7	30.7604	355.546	3.40359
1595527	6020	1200000	10306.6	30.7917	382.426	3.49835
1597088	6034	1200000	10313.1	30.8125	357.708	3.3985
1598297	6048	1200000	10321.5	30.7708	325.716	3.36497
1598512	6062	1200000	10324.2	30.8125	383.672	3.42197
1599046	6076	1200000	10298.2	30.8333	365.62	3.43777
1600431	6091	1200000	10292.8	30.7708	360.966	3.35306
1602924	6105	1200000	10271.6	30.8333	352.005	3.46097
1605621	6119	1200000	10263.8	30.8229	358.339	3.34727
1610882	6133	1200000	10223.4	30.8542	344.032	3.37091
1611937	6147	1200000	10233.6	30.7812	361.995	3.39721
1613609	6161	1200000	10210.4	30.8438	348.924	3.39869
1615389	6176	1200000	10193.5	30.8542	365.313	3.35902
1616396	6190	1200000	10199	30.8333	345.871	3.40267
1623012	6204	1200000	10153.7	30.8542	339.618	3.41807
1626888	6218	1200000	10146.6	30.8438	357.069	3.3393
1627233	6232	1200000	10132.8	30.8854	353.396	3.36962
1632293	6246	1200000	10099.6	30.8646	335.536	3.44885
1634962	6261	1200000	10075	30.8542	364.192	3.4414
1638939	6275	1200000	10077.2	30.9062	357.077	3.39574
1643754	6289	1200000	10050.6	30.8854	348.048	3.34578
1648623	6303	1200000	9998.8	30.9271	317.232	3.38591
1650442	6317	1200000	9980.93	30.9479	353.079	3.31574
1659203	6331	1200000	9934.78	30.9792	373.892	3.34709
1661137	6346	1200000	9942.31	30.9479	324.988	3.24252
1661318	6360	1200000	9933.59	30.9792	354.153	3.41807
1662928	6374	1200000	9901.4	30.9896	355.057	3.43577
1698907	6388	1200000	9724.96	31.0938	347.079	3.34827
1701213	6402	1200000	9712.09	31.1354	341.689	3.34279
1702816	6416	1200000	9704.6	31.0104	346.133	3.30517
1703916	6431	1200000	9674.84	31.0833	346.297	3.44939
1705759	6445	1200000	9671.74	31.0833	351.045	3.41441
1707334	6459	1200000	9690.08	31.1042	341.069	3.30498
1708622	6473	1200000	9654.84	31.1458	347.349	3.42976
1710677	6487	1200000	9657.4	31.1667	348.226	3.44939
1715680	6501	1200000	9643.8	31.1562	332.043	3.44546
1716169	6516	1200000	9629.89	31.1354	343.319	3.44885
1717021	6530	1200000	9619.65	31.1458	345.178	3.45301
1718079	6544	1200000	9617.52	31.1458	345.664	3.31103
1718927	6558	1200000	9611.68	31.1562	334.866	3.30315
1719848	6572	1200000	9615.48	31.1771	348.83	3.46476
1720746	6586	1200000	9596.21	31.1458	347.787	3.40634
1721222	6601	1200000	9591.92	31.1771	346.517	3.3353
1722472	6615	1200000	9583.69	31.1458	345.997	3.35902
1732080	6629	1200000	9548.86	31.1875	343.021	3.3985
1732320	6643	1200000	9541.68	31.25	341.669	3.37116
1733169	6657	1200000	9530.42	31.125	341.658	3.44455
1734087	6671	1200000	9531.91	31.1875	370.477	3.33911
1734641	6686	1200000	9530.27	31.1771	337.797	3.42994
1735235	6700	1200000	9513.53	31.2708	304.885	3.43559
1735793	6714	1200000	9516.99	31.2083	332.057	3.34634
1736779	6728	1200000	9500.08	31.1562	322.511	3.2666
1737351	6742	1200000	9513.11	31.2292	335.795	3.36497
1737686	6756	1200000	9516.53	31.2292	299.348	3.42392
1738820	6771	1200000	9495.49	31.2083	300.972	3.45229
1739765	6785	1200000	9495.67	31.2292	352.367	3.36497
1740374	6799	1200000	9489.35	31.2083	309.597	3.33436
1741462	6813	1200000	9484.67	31.2396	373.694	3.40359
1741968	6827	1200000	9496.72	31.2083	332.928	3.33436
1742567	6841	1200000	9482.98	31.25	321.433	3.47635
1742975	6856	1200000	9489.52	31.2396	336.199	3.39181
1743349	6870	1200000	9490.03	31.2292	340.338	3.38867
1743635	6884	1200000	9472.39	31.1875	345.898	3.44528
1744334	6898	1200000	9469.29	31.1979	342.906	3.40212
1744836	6912	1200000	9469.46	31.2292	345.857	3.44721
1745161	6926	1200000	9474.36	31.2188	337.122	3.3378
1745673	6941	1200000	9486.73	31.2292	343.584	3.34111
1745980	6955	1200000	9456.52	31.2708	321.152	3.20665
1746188	6969	1200000	9456.88	31.1979	315.193	3.39033
1747418	6983	1200000	9469.56	31.2292	361.959	3.40046
1747763	6997	1200000	9450.54	31.2917	318.803	3.34634
1748179	7011	1200000	9436.27	31.25	345.028	3.37116
1748971	7026	1200000	9439.92	31.2812	319.956	3.3795
1756102	7040	1200000	9413.07	31.3333	331.189	3.43777
1756279	7054	1200000	9405.05	31.2708	323.531	3.44721
1756622	7068	1200000	9424.33	31.2396	333.005	3.2717
1757137	7082	1200000	9409.15	31.2604	328.755	3.3383
1757514	7096	1200000	9404.86	31.25	300.833	3.43
1757848	7111	1200000	9392.55	31.3333	368.899	3.37907
1758104	7125	1200000	9400.36	31.25	343.544	3.38301
1760262	7139	1200000	9395.28	31.2708	338.563	3.36497
1760533	7153	1200000	9399.46	31.2604	338.908	3.37407
1760779	7167	1200000	9376.93	31.2917	345.788	3.39384
1762193	7181	1200000	9386.44	31.2708	321.521	3.35306
1762655	7196	1200000	9401.23	31.2708	347.955	3.4588
1763034	7210	1200000	9395.32	31.2083	330.995	3.29816
1769332	7224	1200000	9352.99	31.3333	317.317	3.50692
1770118	7238	1200000	9345.23	31.2604	352.546	3.3383
1770266	7252	1200000	9347.08	31.3333	321.676	3.41441
1770662	7266	1200000	9338.26	31.375	360.883	3.42124
1771984	7281	1200000	9319.46	31.3021	324.016	3.26405
