population	links	tests	detected	time	error	time_error
76877	28	1200000	33428.1	31.0938	21398.4	8.21428
95665	42	1200000	33448.2	31.1146	21447.7	8.19375
113116	56	1200000	33424	31.0833	21376.2	8.23174
124272	70	1200000	33401.6	31.1667	21357.3	8.13393
129247	84	1200000	33415.9	31.0208	21369.8	8.19428
130344	99	1200000	33222.5	31.1354	21225	8.22665
132850	113	1200000	32614.9	31.2604	20891.6	8.2685
133762	127	1200000	32395	31.2812	20721.9	8.18805
134041	141	1200000	32354.7	31.3542	20673.8	8.2284
134193	155	1200000	32306.1	31.3125	20639.8	8.18614
134409	169	1200000	32252.9	31.3125	20679.8	8.31227
139996	184	1200000	30990.4	31.5938	19846.5	8.15315
147378	198	1200000	29473.6	32	18860.8	8.14541
150259	212	1200000	28907.9	32.125	18514	8.21024
151336	226	1200000	28714.5	32.1875	18396	8.29299
151748	240	1200000	28670.6	32.1875	18326.3	8.35548
151943	254	1200000	28580.9	32.2292	18307.6	8.28897
172269	269	1200000	25283.3	33.0729	16199.7	8.29266
183735	283	1200000	23700.8	33.4792	15171.4	8.26237
186474	297	1200000	23361.2	33.6042	14967.3	8.36107
187659	311	1200000	23220.8	33.7292	14851.8	8.29862
188334	325	1200000	23155.6	33.7396	14780.5	8.28783
189855	339	1200000	23003.6	33.8229	14769.2	8.209
205383	354	1200000	21261.2	34.375	13603	8.21511
214520	368	1200000	20364.6	34.625	13059	8.28786
220892	382	1200000	19789.3	34.8125	12672.2	8.30263
224057	396	1200000	19512.1	34.9896	12514.1	8.47995
226284	410	1200000	19318	35.1042	12411.8	8.37541
227674	424	1200000	19211.2	35.1458	12334.1	8.3778
228058	439	1200000	19187.4	35.0833	12302.6	8.338
230688	453	1200000	18964.6	35.1771	12181.8	8.33958
232710	467	1200000	18814.2	35.1354	12063.8	8.33778
234092	481	1200000	18690	35.2917	11963.2	8.18421
234653	495	1200000	18648.3	35.3646	11963.4	8.44033
237639	509	1200000	18407.9	35.4479	11787.6	8.40589
253283	524	1200000	17317.3	35.8333	11077.8	8.36675
258660	538	1200000	16939.3	36.0208	10890.4	8.28655
266784	552	1200000	16460.1	36.2396	10579.3	8.36712
269874	566	1200000	16275.9	36.25	10408.4	8.27215
271119	580	1200000	16197.5	36.3333	10386	8.48076
271302	594	1200000	16184.9	36.3125	10393.7	8.42701
279132	609	1200000	15726.3	36.6146	10070	8.42254
284851	623	1200000	15428.7	36.6979	9885.23	8.44981
291416	637	1200000	15088.2	36.8438	9705.7	8.48388
296625	651	1200000	14817.8	37.0104	9489.28	8.35156
301793	665	1200000	14570.2	37.125	9372.07	8.47879
303077	679	1200000	14509.1	37.1354	9316.03	8.4711
303937	694	1200000	14481.2	37.1458	9281.29	8.47752
304306	708	1200000	14473.9	37.2188	9280.95	8.32136
307314	722	1200000	14317	37.2812	9142.55	8.38126
309828	736	1200000	14219.1	37.2812	9147.07	8.48565
310595	750	1200000	14170.7	37.3229	9096.23	8.37549
310962	764	1200000	14149.5	37.3333	9052.47	8.46659
312426	779	1200000	14094.6	37.3958	9023.97	8.47515
315510	793	1200000	13952.9	37.4375	8974.41	8.5003
316542	807	1200000	13944.7	37.4271	8964.31	8.33838
316771	821	1200000	13911.5	37.5312	8893.22	8.48211
318915	835	1200000	13832.3	37.5312	8856.56	8.49154
319793	849	1200000	13789.4	37.5625	8833.7	8.35309
320321	864	1200000	13740.2	37.6146	8818.45	8.49351
320446	878	1200000	13738	37.5729	8821.79	8.39577
326998	892	1200000	13493.8	37.75	8658.49	8.37312
340423	906	1200000	12961.4	37.9583	8308.88	8.39182
349490	920	1200000	12627.7	38.1771	8106.38	8.49174
355854	934	1200000	12411.1	38.3333	7965.3	8.49019
362131	949	1200000	12222	38.4479	7853.01	8.58955
371697	963	1200000	11879.5	38.7083	7640.21	8.60838
375118	977	1200000	11779.1	38.6875	7563.19	8.48381
375631	991	1200000	11775.4	38.7604	7549.08	8.41957
375798	1005	1200000	11773.3	38.6562	7528.13	8.46736
381959	1019	1200000	11576	38.8333	7405	8.4287
391914	1034	1200000	11300.5	39.0312	7255.76	8.40867
396292	1048	1200000	11167.7	39.0938	7173.12	8.58586
399014	1062	1200000	11079.3	39.2083	7110.13	8.47722
403466	1076	1200000	10980.4	39.1771	7036.37	8.59944
404642	1090	1200000	10952.4	39.2292	7000.22	8.55037
405122	1104	1200000	10939.9	39.2292	7030.74	8.49873
405621	1119	1200000	10918.7	39.3542	6992.54	8.65503
406348	1133	1200000	10882.2	39.2812	6980.18	8.56544
407576	1147	1200000	10856.4	39.3229	6974.38	8.47051
414006	1161	1200000	10701.3	39.4583	6883.07	8.53368
420856	1175	1200000	10540.8	39.5104	6765.03	8.42551
423290	1189	1200000	10480.6	39.6146	6739.22	8.55453
427712	1204	1200000	10369.5	39.625	6654.19	8.59597
427907	1218	1200000	10367.8	39.6979	6647.38	8.44507
438278	1232	1200000	10114.9	39.8646	6475.26	8.49468
451215	1246	1200000	9836.76	40.0833	6300.53	8.49961
458879	1260	1200000	9668.36	40.25	6213.88	8.57617
463621	1274	1200000	9585.9	40.2396	6161.44	8.58896
467067	1289	1200000	9513.09	40.3125	6101.79	8.59627
468332	1303	1200000	9486.09	40.375	6116.02	8.63314
468534	1317	1200000	9503.02	40.3854	6123.83	8.63833
476741	1331	1200000	9330.09	40.5208	5991.74	8.57607
482808	1345	1200000	9221.83	40.5104	5906.87	8.49645
488715	1359	1200000	9108.21	40.6562	5860.15	8.67281
493596	1374	1200000	9002.22	40.7292	5764.42	8.47988
494613	1388	1200000	9001.46	40.7188	5802.37	8.57478
495512	1402	1200000	8985.32	40.7292	5766.77	8.49873
495890	1416	1200000	8979.42	40.7292	5748.04	8.56907
497510	1430	1200000	8951.55	40.7708	5742.01	8.50814
499435	1444	1200000	8926.64	40.8229	5751.72	8.47759
500233	1459	1200000	8893.73	40.8229	5680.91	8.48702
501550	1473	1200000	8880.64	40.8646	5684.97	8.48054
505923	1487	1200000	8811.93	40.875	5639.01	8.45989
510331	1501	1200000	8740.01	40.9167	5586.98	8.49961
512639	1515	1200000	8671.95	41.0312	5559.27	8.53619
513146	1529	1200000	8677.89	41.0104	5578.56	8.5598
513347	1544	1200000	8691.72	40.9688	5572.71	8.50331
517208	1558	1200000	8604.77	41.1458	5525.78	8.51049
518495	1572	1200000	8596.46	41.1042	5510.85	8.5644
519593	1586	1200000	8594.7	41.125	5516.13	8.58666
519758	1600	1200000	8574.71	41.1458	5489.13	8.50108
524499	1614	1200000	8504.81	41.0938	5449.99	8.52975
532586	1629	1200000	8361.86	41.3125	5360.82	8.41751
541765	1643	1200000	8229.52	41.3958	5273.63	8.5784
549531	1657	1200000	8127.25	41.4792	5220.98	8.61332
553528	1671	1200000	8080.74	41.5	5194.17	8.59481
556285	1685	1200000	8011.7	41.6354	5136.54	8.42135
557476	1699	1200000	7999.79	41.6667	5155.15	8.4287
557903	1714	1200000	7995.48	41.6146	5131.68	8.56856
558678	1728	1200000	7997.93	41.5729	5133.43	8.47169
562692	1742	1200000	7936.39	41.6771	5119.15	8.42788
566516	1756	1200000	7885.34	41.7396	5080.47	8.5633
567956	1770	1200000	7877.32	41.7292	5024.72	8.40403
568938	1784	1200000	7848.08	41.8125	5002.34	8.37939
569011	1799	1200000	7848.78	41.7708	5026.86	8.58307
572798	1813	1200000	7820.24	41.7604	5027.12	8.49998
577824	1827	1200000	7746.27	41.8542	4967.12	8.45861
580959	1841	1200000	7682.9	41.9583	4920.64	8.54773
583421	1855	1200000	7650.57	41.9688	4918.06	8.39438
585799	1869	1200000	7640.14	41.9375	4928.73	8.46728
586024	1883	1200000	7622.98	41.9896	4912.8	8.47995
587890	1898	1200000	7588.36	42.0729	4889.4	8.41719
596055	1912	1200000	7516.09	42.0521	4832.22	8.451
601670	1926	1200000	7442.2	42.1979	4783.16	8.35216
606093	1940	1200000	7396.55	42.2188	4764.65	8.4265
608786	1954	1200000	7355.91	42.2708	4697.5	8.45151
609396	1968	1200000	7354.82	42.2083	4729.42	8.40611
609934	1983	1200000	7361.33	42.2188	4726.19	8.40748
612669	1997	1200000	7325.64	42.2708	4731.84	8.50814
621612	2011	1200000	7203.61	42.4688	4625.95	8.38723
626145	2025	1200000	7149.49	42.4688	4582.11	8.48683
628870	2039	1200000	7121.54	42.5625	4575.64	8.38655
635512	2053	1200000	7044.03	42.6146	4536.26	8.38444
637972	2068	1200000	7017.97	42.6146	4534.73	8.48408
638390	2082	1200000	7018.68	42.6771	4523.32	8.34677
639173	2096	1200000	7010.55	42.6354	4500.51	8.50645
640787	2110	1200000	6999.45	42.6458	4530.3	8.43967
640976	2124	1200000	6983.39	42.7396	4503.78	8.48349
650029	2138	1200000	6897.48	42.75	4438.85	8.36356
652997	2153	1200000	6871.5	42.7812	4411.84	8.20514
658475	2167	1200000	6818.99	42.8229	4363.65	8.38265
661942	2181	1200000	6770.8	42.8542	4351.55	8.41593
664673	2195	1200000	6761.21	42.8958	4344.06	8.31307
665136	2209	1200000	6744.92	42.9062	4340.89	8.39736
667019	2223	1200000	6729.72	42.9062	4314.41	8.33038
673577	2238	1200000	6652.07	42.9792	4287.09	8.16493
678024	2252	1200000	6615.44	43.1458	4253.01	8.2138
681446	2266	1200000	6577.29	43.1042	4221.04	8.31788
682361	2280	1200000	6590.9	43.1042	4232.48	8.40403
684540	2294	1200000	6564.04	43.1146	4217.4	8.41541
685011	2308	1200000	6547.92	43.1771	4196.49	8.40649
685714	2323	1200000	6530.1	43.1354	4189.86	8.38563
685957	2337	1200000	6553.59	43.1042	4189.65	8.30825
686318	2351	1200000	6528.29	43.1771	4197.81	8.435
696253	2365	1200000	6443.76	43.2083	4134.94	8.35359
710224	2379	1200000	6316.86	43.4375	4070.37	8.39132
718160	2393	1200000	6269.33	43.4375	4034.97	8.37701
724059	2408	1200000	6212.41	43.5938	3995.43	8.33758
730860	2422	1200000	6145.17	43.5833	3964.55	8.37153
734794	2436	1200000	6126.45	43.6458	3965.62	8.34909
738321	2450	1200000	6100.54	43.6771	3913.01	8.26002
741745	2464	1200000	6056.84	43.7188	3898.17	8.32857
743064	2478	1200000	6060.08	43.75	3887.12	8.24308
743858	2493	1200000	6061.55	43.7292	3913.87	8.23569
751611	2507	1200000	5986.4	43.8125	3842.84	8.36027
755015	2521	1200000	5971.85	43.7812	3821.16	8.39319
760626	2535	1200000	5911.15	43.9583	3789.65	8.26691
761943	2549	1200000	5914.98	43.8854	3790.25	8.35336
766012	2563	1200000	5891.12	44.0417	3806.41	8.3296
766258	2578	1200000	5882.79	43.9375	3781.72	8.39609
766901	2592	1200000	5874.94	43.9896	3755.9	8.27455
767264	2606	1200000	5871.2	43.8958	3802.28	8.30344
769075	2620	1200000	5858.45	43.9688	3755.43	8.44192
775469	2634	1200000	5813.01	44.0208	3758.8	8.3778
783599	2648	1200000	5746.05	44.1042	3698.13	8.27447
797413	2663	1200000	5661.77	44.2396	3623.75	8.28059
807049	2677	1200000	5596.95	44.3542	3631.27	8.34909
812022	2691	1200000	5559.41	44.3854	3586.52	8.31736
820033	2705	1200000	5504.52	44.5104	3520.44	8.32036
823565	2719	1200000	5478.28	44.5	3529.67	8.38268
829463	2733	1200000	5444.58	44.6146	3478.41	8.20595
834253	2748	1200000	5421.39	44.5312	3476.27	8.34417
841366	2762	1200000	5365.86	44.6771	3461.46	8.29869
844802	2776	1200000	5345.36	44.7708	3422.32	8.25995
847677	2790	1200000	5320.32	44.7292	3419.4	8.35149
849953	2804	1200000	5324	44.7708	3421.44	8.31307
850250	2818	1200000	5319.24	44.7812	3428.42	8.43599
855616	2833	1200000	5271.53	44.875	3355.67	8.23458
861126	2847	1200000	5244.5	44.8438	3371.88	8.23981
868884	2861	1200000	5190.32	44.9062	3340.88	8.24346
871596	2875	1200000	5187.17	44.9167	3317.21	8.1585
876197	2889	1200000	5160.2	44.9062	3303.01	8.2822
879660	2903	1200000	5139.43	44.9792	3298.03	8.1894
881321	2918	1200000	5124.44	45.0104	3310.26	8.25033
882983	2932	1200000	5125.65	45.0208	3307.86	8.25268
883121	2946	1200000	5122.86	45.0208	3302.63	8.35867
884876	2960	1200000	5099.48	45.0938	3275.63	8.185
885681	2974	1200000	5102.08	45.0938	3285.22	8.2822
888986	2988	1200000	5099.2	45.1562	3298.9	8.36513
891714	3003	1200000	5080.28	45.0625	3246.83	8.3435
897563	3017	1200000	5029.44	45.1771	3237.14	8.2818
899862	3031	1200000	5039.71	45.1146	3251.55	8.26184
901219	3045	1200000	5013.84	45.1146	3204.14	8.223
902864	3059	1200000	5009.04	45.2604	3212.9	8.31194
903977	3073	1200000	5024.15	45.2188	3243.07	8.29728
909243	3088	1200000	4975.05	45.25	3198.36	8.23336
912283	3102	1200000	4966.71	45.3021	3181.62	8.33058
913481	3116	1200000	4958.4	45.3438	3199.14	8.27616
915630	3130	1200000	4932.74	45.3125	3155.49	8.21055
915943	3144	1200000	4945.95	45.3125	3167.67	8.36984
922666	3158	1200000	4901.39	45.3854	3169.02	8.27878
931374	3173	1200000	4872.54	45.4479	3149.26	8.31495
936066	3187	1200000	4825.58	45.5	3091.62	8.27699
939624	3201	1200000	4818.92	45.4479	3134.56	8.28602
940196	3215	1200000	4819.84	45.5521	3090.76	8.15949
941064	3229	1200000	4818.51	45.4896	3082.97	8.1797
945910	3243	1200000	4793.2	45.5104	3079.6	8.18459
946932	3258	1200000	4791.68	45.5938	3090.92	8.16297
947252	3272	1200000	4793.46	45.5521	3096.29	8.17909
952275	3286	1200000	4754.29	45.6042	3057.22	8.26479
959076	3300	1200000	4729.62	45.6354	3024.61	8.06205
964336	3314	1200000	4692.86	45.7396	3020.2	8.21022
970049	3328	1200000	4678.64	45.7812	3015.72	8.21489
974721	3343	1200000	4645	45.8229	2984.3	8.07135
976895	3357	1200000	4636.29	45.7917	2969.69	8.11053
980873	3371	1200000	4629.89	45.8438	2969.95	8.25437
982861	3385	1200000	4618.6	45.8021	2967.2	8.27998
984004	3399	1200000	4594.59	45.8646	2947.18	8.30893
989352	3413	1200000	4595.95	45.8333	2977.93	8.26086
994870	3428	1200000	4553.67	45.9583	2935.03	8.31517
998038	3442	1200000	4543.41	45.9167	2900.56	8.005
1004797	3456	1200000	4514.07	46.0417	2895.06	8.28625
1005158	3470	1200000	4514.05	46.0104	2908.58	8.23091
1006617	3484	1200000	4496.3	46.0417	2895.25	8.21836
1017813	3498	1200000	4465.38	46.0833	2886.41	8.39063
1028302	3513	1200000	4410.41	46.2604	2854.33	8.23455
1032168	3527	1200000	4408.19	46.1458	2850.62	8.25268
1036367	3541	1200000	4383.75	46.2604	2821.72	8.20046
1038600	3555	1200000	4383.36	46.2292	2807.9	8.20161
1043133	3569	1200000	4345.1	46.3438	2813.84	8.3003
1043360	3583	1200000	4349.84	46.3542	2789.91	8.21867
1047403	3598	1200000	4347.41	46.3333	2816.01	8.18298
1051966	3612	1200000	4333.55	46.3333	2778.66	8.12409
1052886	3626	1200000	4312.55	46.3958	2761.21	8.22597
1053841	3640	1200000	4309.64	46.3854	2776.64	8.27394
1059076	3654	1200000	4298.44	46.4271	2789.54	8.19802
1065243	3668	1200000	4276.85	46.4375	2734.95	8.0952
1071447	3682	1200000	4233.36	46.5625	2724.47	8.32429
1084279	3697	1200000	4192.93	46.5521	2685.56	8.10537
1089537	3711	1200000	4174.94	46.6771	2704.9	8.23577
1092416	3725	1200000	4162.97	46.6875	2693.61	8.25429
1095354	3739	1200000	4154.05	46.6979	2666.82	8.22422
1096518	3753	1200000	4161.39	46.625	2672.78	8.17605
1102581	3767	1200000	4129.11	46.7396	2646.69	8.20046
1105702	3782	1200000	4115.64	46.7812	2657.91	8.12673
1108214	3796	1200000	4114.6	46.6979	2636.84	8.15581
1109370	3810	1200000	4104.5	46.8229	2661.37	8.209
1111780	3824	1200000	4098.53	46.7812	2633.11	8.20026
1113493	3838	1200000	4086.67	46.8542	2633.81	8.12563
1119527	3852	1200000	4069.69	46.8125	2632.14	8.41751
1121326	3867	1200000	4065.65	46.8958	2612.88	8.12809
1123205	3881	1200000	4055.66	46.9583	2578.15	8.16462
1129097	3895	1200000	4025.12	46.8958	2590.11	8.10837
1133707	3909	1200000	4002.14	46.9583	2592.8	8.19398
1138104	3923	1200000	4010.36	46.9896	2565.17	8.26487
1141028	3937	1200000	3994.28	47.0104	2567.65	8.08869
1143496	3952	1200000	3982.39	47.125	2593.06	8.26368
1148021	3966	1200000	3959.95	47.0729	2548.94	8.27334
1157116	3980	1200000	3936.23	47.0729	2539.99	8.19558
1161702	3994	1200000	3924.95	47.1042	2515.19	8.18207
1163410	4008	1200000	3908.4	47.1562	2512.22	8.21062
1165049	4022	1200000	3912.31	47.1458	2516.76	8.16493
1166674	4037	1200000	3899.08	47.1458	2509.95	8.13547
1167022	4051	1200000	3905.97	47.1562	2518.23	8.28341
1167162	4065	1200000	3905.23	47.1979	2532.44	8.10907
1168904	4079	1200000	3897.8	47.1458	2505.26	8.09603
1170331	4093	1200000	3895.78	47.1667	2511.28	8.24631
1177099	4107	1200000	3875.36	47.2708	2501.78	8.17717
1185579	4122	1200000	3858.26	47.3542	2493.09	8.04147
1194564	4136	1200000	3823.92	47.3229	2469.92	8.10845
1198045	4150	1200000	3822.86	47.3229	2460.28	8.07878
1211052	4164	1200000	3765.97	47.4062	2415.13	8.10886
1220770	4178	1200000	3741.96	47.5521	2418.48	8.14968
1224251	4192	1200000	3725.42	47.4479	2370.54	8.223
1230445	4207	1200000	3715.5	47.5833	2397.77	8.11916
1238885	4221	1200000	3687.1	47.5625	2367.09	7.9203
1239077	4235	1200000	3684.53	47.6458	2367.1	8.09603
1241058	4249	1200000	3678.49	47.7292	2382.41	8.15758
1248426	4263	1200000	3658.19	47.6979	2353.86	7.97221
1249352	4277	1200000	3654.69	47.7708	2346.07	8.2551
1251297	4292	1200000	3648.53	47.75	2340.47	7.96658
1255331	4306	1200000	3641.35	47.7188	2366.21	8.22219
1266992	4320	1200000	3617.46	47.8438	2323.78	8.06308
1273123	4334	1200000	3592.03	47.8438	2316.13	8.22036
1277287	4348	1200000	3583.82	47.9167	2310.15	8.09942
1282382	4362	1200000	3572.7	47.8646	2304.92	8.11893
1285824	4377	1200000	3551.2	47.8854	2284.14	8.05087
1294505	4391	1200000	3535.55	47.9896	2271.41	7.95902
1296335	4405	1200000	3536.54	48	2297.75	8.16503
1297240	4419	1200000	3518.83	47.9479	2260.12	8.05336
1297488	4433	1200000	3526.64	47.9062	2274.71	8.06681
1302125	4447	1200000	3520.3	48.0104	2260.3	8.03906
1304504	4462	1200000	3515.84	48.0312	2246.76	8.0637
1312494	4476	1200000	3474.1	48.125	2233.39	8.08252
1316402	4490	1200000	3475.04	48.0417	2227.27	7.99124
1324789	4504	1200000	3442.67	48.2188	2211.42	7.96258
1326796	4518	1200000	3456.74	48.1458	2230.74	8.15021
1329280	4532	1200000	3439.54	48.1771	2217.33	8.15029
1331406	4547	1200000	3435	48.1979	2235.03	8.10907
1337978	4561	1200000	3421.71	48.2708	2201	7.97903
1339754	4575	1200000	3405.62	48.3333	2191.35	7.98999
1342029	4589	1200000	3408.11	48.2188	2217.76	8.1464
1343090	4603	1200000	3414.02	48.2604	2197.59	8.15643
1343298	4617	1200000	3412.83	48.1979	2192.7	8.11893
1346626	4632	1200000	3389.8	48.2708	2184.94	8.02404
1348202	4646	1200000	3390.92	48.2917	2167.16	7.9762
1348442	4660	1200000	3400.48	48.2917	2180.88	8.00125
1350714	4674	1200000	3394.82	48.2708	2178.28	8.0539
1357704	4688	1200000	3379.26	48.3958	2190.85	8.11331
1358298	4702	1200000	3378.17	48.2917	2154.06	7.92082
1359972	4717	1200000	3363.65	48.3333	2161.3	8.05483
1363893	4731	1200000	3364.35	48.3542	2166.11	7.9715
1367418	4745	1200000	3349.29	48.375	2152.62	7.99291
1371195	4759	1200000	3351.1	48.3542	2139.79	7.99155
1375895	4773	1200000	3324.75	48.4479	2142.47	8.0459
1391251	4787	1200000	3298.16	48.5208	2121.91	7.99155
1399089	4802	1200000	3279.4	48.5625	2089.84	7.9304
1404208	4816	1200000	3269.3	48.6458	2106.47	7.99656
1406481	4830	1200000	3262.04	48.6042	2097.24	7.85264
1408809	4844	1200000	3254.29	48.625	2081.18	8.02788
1410096	4858	1200000	3249.28	48.6875	2071.58	7.96815
1410906	4872	1200000	3244.77	48.6042	2093.81	8.03898
1415673	4887	1200000	3238.57	48.6771	2100.49	7.89845
1419949	4901	1200000	3227.12	48.7188	2069.64	8.05005
1423600	4915	1200000	3219.72	48.7604	2060.45	7.99539
1426782	4929	1200000	3225.86	48.6979	2096.47	8.13124
1431394	4943	1200000	3195.56	48.7708	2052.21	8.00906
1435838	4957	1200000	3190.9	48.7708	2059.53	7.97903
1437580	4972	1200000	3196.94	48.7917	2053.15	7.95108
1447172	4986	1200000	3164.78	48.8542	2031.9	8.04645
1450112	5000	1200000	3160.9	48.8229	2016.57	7.9565
1452041	5014	1200000	3165.44	48.875	2037.76	7.93765
1453450	5028	1200000	3153.05	48.9271	2044.44	8.07259
1456346	5042	1200000	3156.55	48.9062	2028.4	8.01705
1460588	5057	1200000	3134.4	49	2007.85	7.91619
1462613	5071	1200000	3136.95	48.9583	2023.68	8.01624
1462997	5085	1200000	3128.29	48.9896	2012.18	7.96404
1463368	5099	1200000	3137.99	48.875	2013.5	8.07757
1470047	5113	1200000	3121.33	48.9479	2025.21	8.03844
1472202	5127	1200000	3114.71	48.9479	2006.97	8.0185
1474453	5142	1200000	3116.73	49.0104	2005.08	7.90858
1477130	5156	1200000	3105.9	49.0417	1995.21	8.02123
1480485	5170	1200000	3105.08	49	1999.51	7.9515
1482881	5184	1200000	3085.07	49.1354	1975.41	7.86863
1485169	5198	1200000	3086.17	49.1146	1980.05	7.77269
1488527	5212	1200000	3087.18	49.0312	1981.54	8.01892
1493018	5227	1200000	3066.38	49.0938	1958.65	7.90141
1493531	5241	1200000	3067.98	49.125	1984.6	8.02788
1496011	5255	1200000	3068.48	49.0417	1967.03	7.91577
1497728	5269	1200000	3060.6	49.0938	1963.71	7.96697
1499677	5283	1200000	3064.59	49.1771	1970.78	7.95147
1502008	5297	1200000	3050.19	49.1354	1984.46	8.0794
1505473	5312	1200000	3045.2	49.1771	1961.04	7.93636
1506093	5326	1200000	3044.23	49.1354	1957.71	7.95462
1507537	5340	1200000	3038.31	49.2188	1957.63	7.93237
1509903	5354	1200000	3046.01	49.1667	1963.14	7.96491
1512012	5368	1200000	3033.19	49.1771	1949.84	8.06143
1513360	5382	1200000	3029.54	49.2083	1962.25	7.84978
1516007	5397	1200000	3035.67	49.2708	1939.73	7.85264
1519285	5411	1200000	3020.25	49.2292	1931	7.78611
1521826	5425	1200000	3020.25	49.2812	1954.15	7.90457
1522608	5439	1200000	3021.36	49.25	1942.93	8.01666
1523253	5453	1200000	3016.92	49.2188	1939.4	7.95755
1524977	5467	1200000	3017.32	49.2396	1952.98	7.97032
1527495	5481	1200000	3006.44	49.3229	1927.83	7.87816
1530778	5496	1200000	2999.39	49.3021	1946.51	7.9269
1531623	5510	1200000	2993.04	49.2917	1914.28	7.82425
1533662	5524	1200000	2999.76	49.2917	1948.52	7.96114
1534712	5538	1200000	3000.52	49.2917	1921.38	7.89045
1535509	5552	1200000	2987.64	49.2708	1919.02	7.82201
1537772	5566	1200000	2991.96	49.2917	1931.01	8.01624
1541440	5581	1200000	2987.51	49.3438	1922.89	7.93552
1545182	5595	1200000	2970.64	49.4062	1918.2	7.97952
1548456	5609	1200000	2966.71	49.4167	1899.07	8.01998
1548744	5623	1200000	2973.17	49.3854	1902.12	7.83678
1551091	5637	1200000	2962.92	49.4375	1890.17	7.86961
1551866	5651	1200000	2969.25	49.3646	1897.19	7.93195
1553889	5666	1200000	2961.95	49.4271	1918	7.91996
1554917	5680	1200000	2953.92	49.4792	1882.04	7.82968
1555027	5694	1200000	2962.48	49.4167	1915.16	7.86887
1556660	5708	1200000	2956.48	49.4479	1924.16	7.986
1557493	5722	1200000	2954.33	49.4271	1889.03	7.81825
1558365	5736	1200000	2944.7	49.4583	1881.48	8.00125
1559297	5751	1200000	2944.18	49.4688	1889.8	7.90584
1560635	5765	1200000	2949.14	49.4792	1904.1	7.92619
1561134	5779	1200000	2950.82	49.4167	1916.6	7.95485
1563083	5793	1200000	2944.58	49.4896	1898.71	7.92122
1564324	5807	1200000	2933.42	49.5104	1880.07	7.92627
1565264	5821	1200000	2930.69	49.4479	1904.65	8.05087
1565637	5836	1200000	2931.14	49.4896	1890.72	8.00664
1566494	5850	1200000	2941.45	49.4583	1871.42	7.92082
1568841	5864	1200000	2934.66	49.4688	1873.39	7.93111
1569373	5878	1200000	2936.68	49.4479	1878.63	7.82401
1572377	5892	1200000	2927.56	49.4583	1894.8	8.02622
1576115	5906	1200000	2910.05	49.5104	1880.29	7.96656
1577306	5921	1200000	2910.72	49.5521	1872.81	7.91048
1581933	5935	1200000	2916.94	49.5938	1874.99	7.93426
1583096	5949	1200000	2906.35	49.5417	1855.67	7.81401
1585995	5963	1200000	2898.52	49.5312	1862.05	7.93615
1589325	5977	1200000	2904.4	49.5521	1869.85	7.98098
1591178	5991	1200000	2894.25	49.5729	1861.11	7.8489
1594142	6006	1200000	2879.1	49.625	1866.79	8.00792
1595527	6020	1200000	2880.48	49.6042	1853.27	8.02404
1597088	6034	1200000	2877.59	49.6667	1862.81	7.88411
1598297	6048	1200000	2878.5	49.6771	1851.2	7.92374
1598512	6062	1200000	2876.92	49.7188	1854.57	8.00018
1599046	6076	1200000	2874.48	49.6458	1849.71	8.01156
1600431	6091	1200000	2880.69	49.6146	1857.16	7.85209
1602924	6105	1200000	2867.12	49.6979	1848.35	7.85081
1605621	6119	1200000	2864.15	49.6875	1848.66	7.99823
1610882	6133	1200000	2851.8	49.7396	1847.85	7.96279
1611937	6147	1200000	2842.76	49.7396	1823.95	7.86164
1613609	6161	1200000	2853.44	49.6979	1838.75	7.83551
1615389	6176	1200000	2841.5	49.7604	1818.22	7.80288
1616396	6190	1200000	2851.96	49.7604	1838.81	7.88451
1623012	6204	1200000	2830.92	49.7917	1834.58	7.99124
1626888	6218	1200000	2826.96	49.75	1816.34	7.92125
1627233	6232	1200000	2829.53	49.7396	1822.37	7.90731
1632293	6246	1200000	2823.26	49.7604	1816.75	7.91996
1634962	6261	1200000	2810.22	49.8021	1795.53	7.86863
1638939	6275	1200000	2808.59	49.8438	1816.36	7.98328
1643754	6289	1200000	2798.51	49.8854	1799.22	7.76239
1648623	6303	1200000	2783.9	49.8646	1784.78	7.97471
1650442	6317	1200000	2787.47	49.9375	1801.19	7.99072
1659203	6331	1200000	2770.05	49.9062	1786.83	7.8404
1661137	6346	1200000	2769.2	49.9583	1786.22	7.86506
1661318	6360	1200000	2774.35	49.8854	1791.39	7.94077
1662928	6374	1200000	2761.89	50.0104	1780.59	7.868
1698907	6388	1200000	2712.14	50.125	1738.74	7.91746
1701213	6402	1200000	2713.22	50.125	1752.44	7.84638
1702816	6416	1200000	2717.43	50.125	1747.53	7.79008
1703916	6431	1200000	2703.04	50.1667	1746.4	7.75618
1705759	6445	1200000	2703.6	50.125	1754.2	7.96784
1707334	6459	1200000	2703.22	50.2292	1728.17	7.69825
1708622	6473	1200000	2701.18	50.1562	1751.66	7.9933
1710677	6487	1200000	2697.55	50.1875	1722.86	7.76982
1715680	6501	1200000	2687.16	50.1667	1733.23	7.86887
1716169	6516	1200000	2685.75	50.2188	1714.37	7.79497
1717021	6530	1200000	2684.3	50.1875	1728.78	7.77497
1718079	6544	1200000	2680.65	50.1875	1714.69	7.67134
1718927	6558	1200000	2675.35	50.25	1723.34	7.8858
1719848	6572	1200000	2682.61	50.2188	1722.29	7.85124
1720746	6586	1200000	2691.72	50.2604	1709.43	7.70223
1721222	6601	1200000	2681.56	50.2188	1725.31	7.78983
1722472	6615	1200000	2685.3	50.2292	1728.83	7.86792
1732080	6629	1200000	2658.6	50.3021	1710.72	7.76883
1732320	6643	1200000	2665.01	50.2708	1713.93	7.77068
1733169	6657	1200000	2669.3	50.2396	1725.12	7.87435
1734087	6671	1200000	2656.9	50.3021	1709.87	7.78941
1734641	6686	1200000	2659.69	50.2292	1702.92	7.77068
1735235	6700	1200000	2649.34	50.3542	1697.39	7.83479
1735793	6714	1200000	2652.58	50.3021	1717.71	7.89655
1736779	6728	1200000	2654.15	50.3229	1700.62	7.79133
1737351	6742	1200000	2651.4	50.3333	1701.85	7.81273
1737686	6756	1200000	2636.31	50.3438	1698.98	7.85952
1738820	6771	1200000	2650.89	50.3542	1694.45	7.69045
1739765	6785	1200000	2653.65	50.3438	1706.92	7.87985
1740374	6799	1200000	2648.02	50.2917	1713.95	7.7935
1741462	6813	1200000	2652.08	50.3229	1699.29	7.7553
1741968	6827	1200000	2638.67	50.3438	1719.11	7.98579
1742567	6841	1200000	2642.17	50.3333	1710.12	7.97997
1742975	6856	1200000	2643.06	50.3542	1701.56	7.87554
1743349	6870	1200000	2643.65	50.3229	1711.55	7.88324
1743635	6884	1200000	2637.42	50.4375	1691.51	7.85944
1744334	6898	1200000	2642.84	50.3438	1697.13	7.83912
1744836	6912	1200000	2639.56	50.3333	1711.1	7.88411
1745161	6926	1200000	2635.74	50.375	1688.6	7.80034
1745673	6941	1200000	2639.35	50.3646	1698.27	7.90162
1745980	6955	1200000	2639.28	50.3854	1710.13	7.84189
1746188	6969	1200000	2638.46	50.3021	1693	7.92185
1747418	6983	1200000	2642.6	50.3333	1675.31	7.7665
1747763	6997	1200000	2633.88	50.3646	1681.51	7.71715
1748179	7011	1200000	2631.3	50.3646	1689.86	7.82017
1748971	7026	1200000	2628.82	50.4062	1692.9	7.8735
1756102	7040	1200000	2632.24	50.3438	1680.6	7.726
1756279	7054	1200000	2616.38	50.4583	1688.5	7.89552
1756622	7068	1200000	2630.31	50.3646	1691.58	7.82529
1757137	7082	1200000	2617.82	50.4271	1665.03	7.7669
1757514	7096	1200000	2631.8	50.375	1689.67	7.75919
1757848	7111	1200000	2626.2	50.3646	1700.2	7.80993
1758104	7125	1200000	2623.6	50.3958	1686.96	7.91356
1760262	7139	1200000	2618.51	50.4375	1689.78	7.86453
1760533	7153	1200000	2615.97	50.4167	1690.47	7.86378
1760779	7167	1200000	2623	50.4375	1704.94	7.83394
1762193	7181	1200000	2620.98	50.4062	1683.7	7.72989
1762655	7196	1200000	2624.32	50.4271	1688.95	7.75659
1763034	7210	1200000	2610.09	50.4792	1680.23	7.74747
1769332	7224	1200000	2603.88	50.4792	1664.87	7.9715
1770118	7238	1200000	2596.9	50.4271	1662.41	7.854
1770266	7252	1200000	2604.21	50.4271	1664.92	7.76174
1770662	7266	1200000	2597.75	50.5	1667.06	7.8553
1771984	7281	1200000	2601.44	50.3958	1663.91	7.69305
