population	links	tests	detected	time	error	time_error
23878	213	600000	9303.75	22.625	18997.6	11.8998
27970	427	600000	7972.75	23.0833	16261.8	11.3125
50258	640	600000	4751.04	24.4167	9170.72	9.69393
63932	854	600000	4128.42	24.5833	7366.69	8.99846
86394	1067	600000	3191.88	25.375	5457.74	8.18153
99743	1281	600000	2811.46	25.625	4788.52	7.87004
133177	1495	600000	2314	26.25	3682.83	6.91014
155459	1708	600000	2082.5	26.5	3227.59	6.65833
178373	1922	600000	1825.58	26.875	2827.33	5.98087
194929	2135	600000	1674.46	27.0833	2576.54	5.7999
220369	2349	600000	1503.96	27.4167	2295.79	5.19348
247021	2562	600000	1394.54	27.6667	2055.08	4.78423
270029	2776	600000	1310.75	27.8333	1872.3	4.57044
282290	2990	600000	1282.96	28	1775.95	4.24264
291342	3203	600000	1293.96	27.7917	1776.54	4.5453
296499	3417	600000	1271.33	27.9167	1704.31	4.2785
315036	3630	600000	1238.33	27.9583	1620.65	4.48996
351989	3844	600000	1135.75	28.3333	1441.45	3.81517
369559	4058	600000	1116.75	28.375	1407.32	3.7333
392362	4271	600000	1058.25	28.5417	1313.07	3.5109
410317	4485	600000	1025.25	28.5833	1263.92	3.50793
429152	4698	600000	1017.67	28.7083	1203.94	3.2393
458653	4912	600000	1051.29	28.6667	1164.28	3.49603
488578	5125	600000	1053.08	28.6667	1120.49	3.14466
515666	5339	600000	1071.92	28.625	1079.58	3.15238
534985	5553	600000	1039.29	28.7083	1052.9	3.13471
567328	5766	600000	970.125	28.9583	962.262	2.48188
603338	5980	600000	927.583	29.0833	932.828	2.37463
630243	6193	600000	901.833	29.125	894.064	2.40226
651685	6407	600000	861.875	29.2083	843.848	2.3079
675426	6620	600000	843.542	29.25	823.972	2.17945
698113	6834	600000	822.833	29.3333	824.49	1.88562
736728	7048	600000	777.333	29.5417	761.041	1.73004
772126	7261	600000	744.25	29.5833	731.307	1.62447
814412	7475	600000	717.875	29.625	681.441	1.61374
848727	7688	600000	708.458	29.625	679.073	1.61374
871790	7902	600000	692.042	29.75	655.092	1.19024
898511	8116	600000	677.708	29.75	635.022	1.32288
924219	8329	600000	664.417	29.7917	603.433	0.996522
947351	8543	600000	640.5	29.7917	578.752	0.996522
971787	8756	600000	632.792	29.8333	564.866	0.942809
995984	8970	600000	634.542	29.8333	570.831	0.745356
1014566	9183	600000	622.583	29.7917	569.096	0.996522
1037821	9397	600000	622.458	29.8333	556.409	0.942809
1064230	9611	600000	630.083	29.8333	557.099	0.745356
1094101	9824	600000	607.583	29.8333	550.264	0.942809
1129309	10038	600000	604.208	29.875	538.662	0.877971
1162215	10251	600000	584.083	29.9583	501.613	0.399653
1190909	10465	600000	570.417	29.9583	499.609	0.399653
1222180	10678	600000	552.083	29.9583	477.072	0.399653
1248519	10892	600000	550.208	30	462.239	0
1271395	11106	600000	531	30	448.226	0
1295857	11319	600000	526.625	30	438.184	0
1322299	11533	600000	519.75	30	433.64	0
1347160	11746	600000	507.708	29.9583	452.591	0.399653
1380306	11960	600000	496.917	30	439.114	0
1415078	12174	600000	487.333	30	422.329	0
1446709	12387	600000	470.875	30	406.707	0
1464052	12601	600000	473.333	30	393.576	0
1481625	12814	600000	473.292	30	410.089	0
1504865	13028	600000	469.5	30	402.44	0
1525835	13241	600000	460.375	30	411.872	0
1546707	13455	600000	455.958	30	399.435	0
1569002	13669	600000	453.333	30	374.275	0
1582800	13882	600000	441.417	30	371.597	0
1598906	14096	600000	437.542	30	378.763	0
1620141	14309	600000	432.917	30	373.835	0
1645565	14523	600000	432	30	366.141	0
1671149	14737	600000	420.708	30	355.539	0
1701284	14950	600000	416.583	30	357.207	0
1734102	15164	600000	412.667	30	344.629	0
1752179	15377	600000	415.458	30	340.863	0
1777104	15591	600000	411.458	30	333.702	0
1802810	15804	600000	405.5	30	339.188	0
1828340	16018	600000	406.167	30	313.379	0
1856083	16232	600000	401.583	30	342.794	0
1884844	16445	600000	396.5	30	316.538	0
1906578	16659	600000	390.625	30	324.414	0
1923124	16872	600000	388.417	30	321.628	0
1957823	17086	600000	384.583	30	299.99	0
1977274	17299	600000	377.5	30	305.63	0
1999473	17513	600000	375.917	30	307.36	0
2019913	17727	600000	371.792	30	300.173	0
2035879	17940	600000	372.125	30	295.461	0
2050918	18154	600000	367.208	30	296.537	0
2068572	18367	600000	368.25	30	290.185	0
2093512	18581	600000	365.792	30	298.055	0
2115751	18795	600000	364.25	30	294.113	0
2128763	19008	600000	360	30	283.246	0
2144500	19222	600000	363.417	30	274.235	0
2154717	19435	600000	357.708	30	285.493	0
2167277	19649	600000	365.542	30	297.445	0
2189923	19862	600000	364.167	30	293.19	0
2202708	20076	600000	357.292	30	271.753	0
2219383	20290	600000	360.292	30	284.815	0
2235683	20503	600000	349.5	30	272.758	0
2252654	20717	600000	344.375	30	277.651	0
2263262	20930	600000	350.792	30	278.196	0
2276305	21144	600000	348.375	30	284.347	0
2294521	21357	600000	348.583	30	260.909	0
2313486	21571	600000	345.042	30	275.249	0
2338893	21785	600000	344.208	30	257.346	0
2358053	21998	600000	335.917	30	257.271	0
2378470	22212	600000	333.833	30	243.309	0
2411232	22425	600000	336.542	30	265.961	0
2426944	22639	600000	330.083	30	240.298	0
2448375	22853	600000	335.625	30	254.566	0
2469076	23066	600000	329.542	30	252.795	0
2485340	23280	600000	322.583	30	251.283	0
2502029	23493	600000	325.75	30	253.862	0
2520332	23707	600000	317.792	30	236.304	0
2539259	23920	600000	321.292	30	234.172	0
2560563	24134	600000	318.167	30	245.446	0
2580107	24348	600000	321.25	30	252.519	0
2605401	24561	600000	315.542	30	242.365	0
2637565	24775	600000	306.75	30	229.764	0
2669017	24988	600000	311.083	30	243.406	0
2700266	25202	600000	310.583	30	221.567	0
2731420	25415	600000	306.875	30	231.838	0
2762935	25629	600000	299.625	30	217.09	0
2793773	25843	600000	299.375	30	217.937	0
2815902	26056	600000	297.917	30	226.081	0
2838887	26270	600000	295.667	30	227.161	0
2868459	26483	600000	293.875	30	223.206	0
2892163	26697	600000	299	30	216.719	0
2925226	26911	600000	292	30	217.218	0
2984442	27124	600000	285.583	30	205.206	0
3014700	27338	600000	286.792	30	211.452	0
3042412	27551	600000	283.375	30	211.01	0
3068108	27765	600000	275.208	30	192.829	0
3099582	27978	600000	277.458	30	200.62	0
3128342	28192	600000	278.625	30	194.142	0
3154929	28406	600000	272.875	30	195.645	0
3180818	28619	600000	270.917	30	190.563	0
3215100	28833	600000	269.125	30	192.369	0
3239958	29046	600000	273.458	30	184.518	0
3265424	29260	600000	261.167	30	189.25	0
3290704	29474	600000	265.125	30	187.356	0
3315315	29687	600000	267.75	30	188.654	0
3338637	29901	600000	262.75	30	180.074	0
3361451	30114	600000	265.167	30	185.008	0
3385018	30328	600000	264.375	30	184.167	0
3408334	30541	600000	260.25	30	184.453	0
3432141	30755	600000	256.292	30	176.985	0
3459179	30969	600000	255.875	30	180.922	0
3491247	31182	600000	252.458	30	185.823	0
3517727	31396	600000	250.542	30	180.309	0
3540304	31609	600000	254.25	30	184.128	0
3566428	31823	600000	246.125	30	176.669	0
3598228	32036	600000	247.083	30	171.509	0
3624594	32250	600000	243	30	170.235	0
3649323	32464	600000	246.5	30	177.01	0
3675910	32677	600000	240.958	30	170.77	0
3704853	32891	600000	237.708	30	165.501	0
3742519	33104	600000	244.125	30	169.555	0
3773493	33318	600000	236.292	30	157.806	0
3799204	33532	600000	233.167	30	169.59	0
3827919	33745	600000	232.917	30	184.952	0
3858568	33959	600000	235.667	30	159.495	0
3885272	34172	600000	229	30	167.684	0
3911756	34386	600000	232.333	30	159.849	0
3935564	34599	600000	223.042	30	145.628	0
3965449	34813	600000	228.333	30	160.579	0
3996074	35027	600000	224.458	30	155.093	0
4028050	35240	600000	223.75	30	160.044	0
4061035	35454	600000	221.708	30	154.477	0
4089528	35667	600000	223.458	30	159.303	0
4124429	35881	600000	220.792	30	158.945	0
4147414	36094	600000	214.375	30	154.344	0
4172873	36308	600000	224.25	30	155.122	0
4198383	36522	600000	217.417	30	156.778	0
4226092	36735	600000	213.375	30	147.146	0
4248722	36949	600000	216.167	30	161.336	0
4282019	37162	600000	211.792	30	149.882	0
4311745	37376	600000	218.333	30	149.111	0
4345318	37590	600000	204.458	30	136.47	0
4375345	37803	600000	209.958	30	157.315	0
4406120	38017	600000	207.958	30	150.421	0
4434831	38230	600000	209.667	30	143.472	0
4464069	38444	600000	212.042	30	142.403	0
4488647	38657	600000	204.542	30	147.022	0
4518858	38871	600000	204.25	30	147.16	0
4554090	39085	600000	206.5	30	132.711	0
4586099	39298	600000	209.458	30	140.819	0
4618896	39512	600000	201.708	30	141.93	0
4649289	39725	600000	198.875	30	136.025	0
4680266	39939	600000	203.958	30	138.025	0
4719221	40152	600000	198.375	30	129.544	0
4750361	40366	600000	200.167	30	134.567	0
4784561	40580	600000	197.75	30	133.101	0
4820715	40793	600000	201.5	30	137.523	0
4852924	41007	600000	196.708	30	134.142	0
4880088	41220	600000	195.417	30	143.246	0
4912360	41434	600000	190.042	30	128.337	0
4939096	41648	600000	197.375	30	125.738	0
4967006	41861	600000	192.625	30	126.183	0
5020226	42075	600000	190.792	30	135.967	0
5061043	42288	600000	185.458	30	121.487	0
5087360	42502	600000	191.083	30	124.796	0
5118175	42715	600000	185.958	30	118.994	0
5147772	42929	600000	187.542	30	128.36	0
5179951	43143	600000	191	30	137.328	0
5214061	43356	600000	184	30	130.47	0
5244599	43570	600000	186.25	30	127.561	0
5279748	43783	600000	186.583	30	125.608	0
5309839	43997	600000	183.417	30	114.872	0
5341204	44211	600000	183.792	30	120.645	0
5376969	44424	600000	186.417	30	126.388	0
5401300	44638	600000	180.042	30	118.56	0
5435626	44851	600000	180.25	30	121.577	0
5461344	45065	600000	173.333	30	111.465	0
5492074	45278	600000	179.958	30	124.152	0
5521334	45492	600000	174.917	30	111.697	0
5543200	45706	600000	176.667	30	118.342	0
5577214	45919	600000	175.708	30	117.262	0
5603306	46133	600000	174.375	30	119.12	0
5632245	46346	600000	166.083	30	109.535	0
5685391	46560	600000	172.375	30	121.21	0
5719681	46773	600000	178.208	30	118.743	0
5752077	46987	600000	173.417	30	122.387	0
5791285	47201	600000	169.458	30	101.694	0
5823230	47414	600000	167.333	30	110.078	0
5854390	47628	600000	167.75	30	113.139	0
5884692	47841	600000	166.708	30	112.256	0
5918398	48055	600000	169.458	30	113.125	0
5952628	48269	600000	168.417	30	105.56	0
5993498	48482	600000	167.292	30	107.236	0
6019565	48696	600000	161.625	30	100.782	0
6052436	48909	600000	171.208	30	110.973	0
6085727	49123	600000	166.958	30	108.492	0
6123813	49336	600000	161.333	30	107.091	0
6151898	49550	600000	162.167	30	106.78	0
6184760	49764	600000	159.708	30	101.357	0
6214762	49977	600000	161.208	30	103.144	0
6238262	50191	600000	158.5	30	100.807	0
6273165	50404	600000	161.083	30	109.334	0
6298742	50618	600000	159.5	30	93.618	0
6334258	50831	600000	158.167	30	105.329	0
6371357	51045	600000	158.75	30	108.053	0
6401451	51259	600000	160.167	30	95.6307	0
6432367	51472	600000	157.417	30	92.2585	0
6473738	51686	600000	154.667	30	100.641	0
6508791	51899	600000	153.958	30	92.9435	0
6543147	52113	600000	158.5	30	94.9912	0
6591847	52327	600000	152.417	30	86.2437	0
6623451	52540	600000	155.5	30	103.076	0
6667500	52754	600000	153.042	30	98.7868	0
6702276	52967	600000	149.917	30	90.3104	0
6739815	53181	600000	151.042	30	91.2003	0
6785936	53394	600000	150.375	30	98.6523	0
6827936	53608	600000	153.667	30	105.134	0
6872657	53822	600000	145.25	30	89.9023	0
6919813	54035	600000	148.833	30	99.8827	0
6957308	54249	600000	151.417	30	95.7565	0
7000058	54462	600000	146.75	30	89.4693	0
7046703	54676	600000	142.792	30	88.6622	0
7102504	54890	600000	146.125	30	91.8791	0
