population	links	tests	detected	time	error	time_error
23878	213	600000	694.208	29.125	1196.88	3.4791
27970	427	600000	601.958	29.3333	1023.32	2.68742
50258	640	600000	380.292	29.9583	603.371	0.399653
63932	854	600000	347.75	30	513.659	0
86394	1067	600000	281.167	30	416.428	0
99743	1281	600000	250.167	30	348.948	0
133177	1495	600000	225.25	30	300.433	0
155459	1708	600000	203.5	30	287.205	0
178373	1922	600000	183.667	30	254.278	0
194929	2135	600000	171.583	30	232.921	0
220369	2349	600000	152.25	30	206.638	0
247021	2562	600000	143.5	30	177.822	0
270029	2776	600000	140.708	30	177.622	0
282290	2990	600000	131.042	30	153.95	0
291342	3203	600000	130.25	30	166.156	0
296499	3417	600000	132.125	30	155.422	0
315036	3630	600000	126.917	30	148.664	0
351989	3844	600000	120.542	30	132.169	0
369559	4058	600000	115.958	30	135.159	0
392362	4271	600000	114.542	30	120.417	0
410317	4485	600000	111.333	30	115.381	0
429152	4698	600000	108.542	30	107.24	0
458653	4912	600000	104.458	30	100.462	0
488578	5125	600000	111.25	30	101.058	0
515666	5339	600000	110.042	30	115.884	0
534985	5553	600000	105.5	30	90.5281	0
567328	5766	600000	104.125	30	104.506	0
603338	5980	600000	98.875	30	91.0427	0
630243	6193	600000	96.8333	30	88.7781	0
651685	6407	600000	96	30	80.6205	0
675426	6620	600000	89.9583	30	77.9241	0
698113	6834	600000	89.3333	30	75.6145	0
736728	7048	600000	83.8333	30	78.678	0
772126	7261	600000	86.4167	30	75.844	0
814412	7475	600000	79.7083	30	69.6957	0
848727	7688	600000	79.4167	30	71.4258	0
871790	7902	600000	78.9583	30	71.7391	0
898511	8116	600000	80.3333	30	63.1181	0
924219	8329	600000	77.9583	30	68.4677	0
947351	8543	600000	79.0417	30	64.1963	0
971787	8756	600000	77	30	58.0172	0
995984	8970	600000	78.6667	30	62.9938	0
1014566	9183	600000	73.8333	30	56.3077	0
1037821	9397	600000	78.25	30	58.6181	0
1064230	9611	600000	75.7917	30	63.739	0
1094101	9824	600000	77.4583	30	59.5818	0
1129309	10038	600000	70.8333	30	54.2883	0
1162215	10251	600000	71.4167	30	52.8801	0
1190909	10465	600000	71.5	30	51.9134	0
1222180	10678	600000	68.2083	30	56.3589	0
1248519	10892	600000	65.9583	30	51.9727	0
1271395	11106	600000	64.0417	30	51.7091	0
1295857	11319	600000	67.8333	30	46.4603	0
1322299	11533	600000	64.7083	30	46.0416	0
1347160	11746	600000	65.2917	30	48.4096	0
1380306	11960	600000	64	30	47.7633	0
1415078	12174	600000	68.5	30	52.915	0
1446709	12387	600000	62.7083	30	49.0118	0
1464052	12601	600000	62.4583	30	41.6452	0
1481625	12814	600000	62.5	30	38.5573	0
1504865	13028	600000	61.0833	30	46.7722	0
1525835	13241	600000	60.875	30	42.5414	0
1546707	13455	600000	63.25	30	42.3054	0
1569002	13669	600000	59.9583	30	43.0019	0
1582800	13882	600000	61.625	30	47.5528	0
1598906	14096	600000	57.0417	30	41.4869	0
1620141	14309	600000	58.9583	30	38.9251	0
1645565	14523	600000	61.25	30	36.4566	0
1671149	14737	600000	57.3333	30	35.231	0
1701284	14950	600000	58.125	30	41.9496	0
1734102	15164	600000	56.1667	30	38.5343	0
1752179	15377	600000	58.9583	30	36.7627	0
1777104	15591	600000	56.125	30	31.1358	0
1802810	15804	600000	56.9583	30	41.8867	0
1828340	16018	600000	58.25	30	40.2544	0
1856083	16232	600000	58.7917	30	31.8433	0
1884844	16445	600000	57.4583	30	37.1976	0
1906578	16659	600000	54.2083	30	35.8607	0
1923124	16872	600000	54	30	34.419	0
1957823	17086	600000	54.1667	30	35.1884	0
1977274	17299	600000	56.375	30	35.208	0
1999473	17513	600000	53.2083	30	33.2314	0
2019913	17727	600000	59.5	30	42.9185	0
2035879	17940	600000	56.6667	30	33.32	0
2050918	18154	600000	54.75	30	31.8133	0
2068572	18367	600000	54.7917	30	35.2892	0
2093512	18581	600000	53.0833	30	32.5367	0
2115751	18795	600000	54	30	32.5525	0
2128763	19008	600000	52.875	30	30.7209	0
2144500	19222	600000	54.0833	30	35.0139	0
2154717	19435	600000	53.625	30	39.6981	0
2167277	19649	600000	54.375	30	33.0344	0
2189923	19862	600000	51.9583	30	31.3022	0
2202708	20076	600000	53.2083	30	31.3952	0
2219383	20290	600000	53.4167	30	30.7296	0
2235683	20503	600000	53.5833	30	32.6288	0
2252654	20717	600000	53.75	30	32.2968	0
2263262	20930	600000	54	30	32.7261	0
2276305	21144	600000	53.7917	30	30.8328	0
2294521	21357	600000	54	30	27.6104	0
2313486	21571	600000	53.75	30	36.6208	0
2338893	21785	600000	52.875	30	35.7692	0
2358053	21998	600000	49.5833	30	25.4356	0
2378470	22212	600000	48.2083	30	28.4721	0
2411232	22425	600000	52.5833	30	29.5574	0
2426944	22639	600000	51.2083	30	29.1432	0
2448375	22853	600000	51	30	27.9881	0
2469076	23066	600000	51.4583	30	32.8835	0
2485340	23280	600000	53.1667	30	26.1194	0
2502029	23493	600000	48.625	30	29.6469	0
2520332	23707	600000	49	30	25.9872	0
2539259	23920	600000	50.5833	30	33.2361	0
2560563	24134	600000	50.5	30	27.6225	0
2580107	24348	600000	50.125	30	24.4562	0
2605401	24561	600000	50.9583	30	29.6281	0
2637565	24775	600000	50.25	30	24.6931	0
2669017	24988	600000	49.2083	30	30.1937	0
2700266	25202	600000	51.375	30	24.6496	0
2731420	25415	600000	49.5833	30	33.6151	0
2762935	25629	600000	48.3333	30	26.9794	0
2793773	25843	600000	47.2917	30	25.6156	0
2815902	26056	600000	48.625	30	25.8122	0
2838887	26270	600000	49.625	30	23.5925	0
2868459	26483	600000	46.2917	30	26.6238	0
2892163	26697	600000	48.0833	30	27.7964	0
2925226	26911	600000	48.4167	30	26.457	0
2984442	27124	600000	46.6667	30	22.6029	0
3014700	27338	600000	47.7917	30	25.7357	0
3042412	27551	600000	50.5417	30	31.9269	0
3068108	27765	600000	47.75	30	22.228	0
3099582	27978	600000	45.7917	30	24.5695	0
3128342	28192	600000	49	30	26.2805	0
3154929	28406	600000	48.7917	30	24.2142	0
3180818	28619	600000	46.9167	30	27.0611	0
3215100	28833	600000	45.25	30	22.1303	0
3239958	29046	600000	47.9583	30	24.9965	0
3265424	29260	600000	46.1667	30	20.7338	0
3290704	29474	600000	47.5833	30	19.6801	0
3315315	29687	600000	43.3333	30	19.1978	0
3338637	29901	600000	46.1667	30	28.6686	0
3361451	30114	600000	47.875	30	24.9687	0
3385018	30328	600000	45.8333	30	23.1132	0
3408334	30541	600000	47.9167	30	26.0635	0
3432141	30755	600000	43.7083	30	23.4342	0
3459179	30969	600000	44.4583	30	28.5714	0
3491247	31182	600000	43.4167	30	24.433	0
3517727	31396	600000	43.25	30	24.4557	0
3540304	31609	600000	44.2083	30	23.7976	0
3566428	31823	600000	44.125	30	19.5304	0
3598228	32036	600000	45.0417	30	24.3686	0
3624594	32250	600000	41.625	30	21.054	0
3649323	32464	600000	42.4167	30	24.2206	0
3675910	32677	600000	43.2917	30	19.3948	0
3704853	32891	600000	44.1667	30	23.3999	0
3742519	33104	600000	43.4167	30	20.4851	0
3773493	33318	600000	43.4583	30	18.6546	0
3799204	33532	600000	41.8333	30	18.172	0
3827919	33745	600000	42.5417	30	19.7567	0
3858568	33959	600000	40.4167	30	21.0311	0
3885272	34172	600000	42.125	30	21.751	0
3911756	34386	600000	41.5	30	25.3837	0
3935564	34599	600000	43.0417	30	24.7014	0
3965449	34813	600000	42.4583	30	17.6916	0
3996074	35027	600000	40.4167	30	23.7762	0
4028050	35240	600000	42.4583	30	25.4688	0
4061035	35454	600000	42.2083	30	23.7766	0
4089528	35667	600000	41.5833	30	21.8244	0
4124429	35881	600000	40.6667	30	18.9532	0
4147414	36094	600000	39.9167	30	24.8523	0
4172873	36308	600000	40.8333	30	22.3507	0
4198383	36522	600000	39.2917	30	21.3032	0
4226092	36735	600000	39.4167	30	19.5697	0
4248722	36949	600000	41.0833	30	20.9198	0
4282019	37162	600000	40.7917	30	18.9207	0
4311745	37376	600000	38.7083	30	20.6759	0
4345318	37590	600000	40.4583	30	18.0183	0
4375345	37803	600000	38.625	30	15.8515	0
4406120	38017	600000	40.5417	30	20.2976	0
4434831	38230	600000	39.375	30	20.919	0
4464069	38444	600000	39.9583	30	17.1996	0
4488647	38657	600000	37.7917	30	20.9362	0
4518858	38871	600000	41.4583	30	21.7024	0
4554090	39085	600000	39.9167	30	19.113	0
4586099	39298	600000	35.875	30	19.0378	0
4618896	39512	600000	39.4167	30	18.8496	0
4649289	39725	600000	40.4167	30	24.2	0
4680266	39939	600000	38.1667	30	17.1626	0
4719221	40152	600000	38.125	30	16.1484	0
4750361	40366	600000	36.5	30	17.0196	0
4784561	40580	600000	38.25	30	19.2635	0
4820715	40793	600000	35.0833	30	19.2173	0
4852924	41007	600000	37.6667	30	19.9889	0
4880088	41220	600000	38	30	19.2614	0
4912360	41434	600000	35.3333	30	14.2088	0
4939096	41648	600000	37.625	30	22.307	0
4967006	41861	600000	36.9167	30	16.0823	0
5020226	42075	600000	37.625	30	14.0097	0
5061043	42288	600000	38.5417	30	15.8006	0
5087360	42502	600000	34.8333	30	16.4688	0
5118175	42715	600000	36.375	30	17.2028	0
5147772	42929	600000	37	30	18.4932	0
5179951	43143	600000	37.8333	30	19.3534	0
5214061	43356	600000	35.75	30	20.5609	0
5244599	43570	600000	37.3333	30	21.3203	0
5279748	43783	600000	39.4167	30	19.7308	0
5309839	43997	600000	34.3333	30	16.928	0
5341204	44211	600000	35.5417	30	14.3176	0
5376969	44424	600000	34.2083	30	16.1243	0
5401300	44638	600000	36.25	30	21.1994	0
5435626	44851	600000	36.8333	30	17.6415	0
5461344	45065	600000	35.2083	30	17.879	0
5492074	45278	600000	36.75	30	19.7843	0
5521334	45492	600000	35.4167	30	17.3389	0
5543200	45706	600000	36.75	30	17.2458	0
5577214	45919	600000	36.3333	30	17.1529	0
5603306	46133	600000	34.1667	30	15.892	0
5632245	46346	600000	34.6667	30	15.5528	0
5685391	46560	600000	35.4167	30	18.2567	0
5719681	46773	600000	35.375	30	12.3398	0
5752077	46987	600000	35.7917	30	13.2537	0
5791285	47201	600000	35.875	30	17.1203	0
5823230	47414	600000	34.1667	30	13.9004	0
5854390	47628	600000	34.7917	30	18.1749	0
5884692	47841	600000	33.1667	30	15.5635	0
5918398	48055	600000	35.5	30	16.0416	0
5952628	48269	600000	34.5417	30	15.8322	0
5993498	48482	600000	35.4583	30	16.1965	0
6019565	48696	600000	35.125	30	19.1513	0
6052436	48909	600000	35.0833	30	17.8318	0
6085727	49123	600000	33.5417	30	13.1906	0
6123813	49336	600000	35.8333	30	14.0554	0
6151898	49550	600000	33.9167	30	13.3031	0
6184760	49764	600000	33.9583	30	15.2039	0
6214762	49977	600000	35.8333	30	13.9004	0
6238262	50191	600000	36.7083	30	14.9942	0
6273165	50404	600000	31.9583	30	14.657	0
6298742	50618	600000	34.25	30	21.4573	0
6334258	50831	600000	33.9583	30	15.0497	0
6371357	51045	600000	34.125	30	14.0037	0
6401451	51259	600000	36.375	30	17.0276	0
6432367	51472	600000	32.5833	30	15.5876	0
6473738	51686	600000	33.2917	30	17.6492	0
6508791	51899	600000	35.9167	30	13.7346	0
6543147	52113	600000	33.5417	30	16.9015	0
6591847	52327	600000	35.5417	30	20.7523	0
6623451	52540	600000	32.125	30	12.4273	0
6667500	52754	600000	33.7083	30	17.248	0
6702276	52967	600000	33.9167	30	14.7187	0
6739815	53181	600000	35.4167	30	17.9529	0
6785936	53394	600000	31.875	30	15.2568	0
6827936	53608	600000	32.9583	30	14.0651	0
6872657	53822	600000	31.3333	30	13.2623	0
6919813	54035	600000	33.125	30	13.5562	0
6957308	54249	600000	33.2083	30	16.0414	0
7000058	54462	600000	32.5833	30	16.0304	0
7046703	54676	600000	31.4167	30	9.64221	0
7102504	54890	600000	32.8333	30	15.4991	0
