population	links	tests	detected	time	error	time_error
9870	53	30000	16142.9	8.625	2602.29	3.45507
15708	107	30000	16123.8	8.625	2583.14	3.45507
19928	160	30000	16122.8	8.66667	2571.23	3.44803
23880	214	30000	14795.4	8.83333	2330.26	3.29983
26998	267	30000	13417.5	9	2151.73	3.21455
27172	321	30000	13364.4	9.08333	2084.62	3.31243
27321	374	30000	13302.5	9.08333	2065.93	3.0505
28005	428	30000	13206.5	9.125	2005.76	3.23071
29423	481	30000	12729.6	9.125	1874.93	3.01731
31638	535	30000	12296.4	9.16667	1837.46	2.98142
49247	589	30000	9681.21	9.625	1195.23	2.69645
50274	642	30000	9643.12	9.625	1130.85	2.69645
59966	696	30000	10195.1	9.625	982.749	2.0666
61597	749	30000	10048.4	9.66667	932.12	1.97203
62642	803	30000	9943.17	9.70833	934.72	1.95612
63968	856	30000	9801.08	9.70833	863.357	1.95612
65746	910	30000	9680.08	9.75	885.134	1.93649
68561	963	30000	9653.71	9.75	799.874	1.93649
78719	1017	30000	9076.67	9.91667	773.808	1.99304
86890	1071	30000	8574.42	10.0833	683.656	1.99304
91073	1124	30000	8319.75	10.1667	655.001	1.88562
94648	1178	30000	8177.75	10.3333	649.773	1.79505
97423	1231	30000	8069.38	10.3333	615.007	1.69967
99751	1285	30000	7963	10.375	603.344	1.80854
102078	1338	30000	7793.46	10.4167	549.979	1.81812
106737	1392	30000	7511.92	10.5833	569.287	1.62447
121245	1445	30000	7224.17	10.625	574.922	1.61374
133511	1499	30000	7317.92	10.5833	510.908	1.40436
138565	1552	30000	7454.92	10.5833	516.869	1.40436
146225	1606	30000	7245.08	10.5833	481.037	1.40436
152019	1660	30000	7061.79	10.75	493.926	1.65831
155887	1713	30000	6936.62	10.7917	457.225	1.2883
160403	1767	30000	6811.38	10.875	487.544	1.56125
166295	1820	30000	6668.67	11.125	437.914	1.33073
171891	1874	30000	6549.71	10.9583	432.555	1.68119
178519	1927	30000	6438.08	11.125	507.698	1.45057
186707	1981	30000	6290.46	11.25	447.807	1.55456
190121	2034	30000	6227.88	11.3333	406.395	1.49071
191932	2088	30000	6197.12	11.3333	410.897	1.49071
195264	2142	30000	6134.08	11.3333	411.429	1.49071
201704	2195	30000	6076.42	11.4167	381.567	1.28019
211070	2249	30000	5900.5	11.5417	386.013	1.52525
216240	2302	30000	5853.04	11.5	409.137	1.41421
220807	2356	30000	5739.83	11.7083	349.303	1.35144
226291	2409	30000	5637.17	11.6667	361.645	1.37437
232990	2463	30000	5594.54	11.7083	342.377	1.4696
240464	2516	30000	5602.54	11.8333	383.569	1.37437
250350	2570	30000	5577.04	11.7917	360.767	1.2883
261061	2624	30000	5446.38	11.9167	324.126	1.28019
264934	2677	30000	5425.12	11.9583	319.457	1.22191
267007	2731	30000	5415.79	11.875	346.251	1.19896
270512	2784	30000	5442.71	11.9583	352.928	1.22191
273390	2838	30000	5450.75	11.9583	365.168	1.35144
277040	2891	30000	5430.58	11.9167	295.09	1.28019
279976	2945	30000	5419	12.0417	344.855	1.0769
282595	2998	30000	5423.88	12.125	295.293	1.33073
284705	3052	30000	5433.54	12.0417	318.901	1.0769
286431	3105	30000	5449.96	12	291.852	1.1547
290080	3159	30000	5537.21	11.9167	337.455	1.14261
291501	3213	30000	5507.58	11.9583	288.873	1.0769
292987	3266	30000	5527	11.9583	322.31	1.22191
293971	3320	30000	5532.58	12	283.9	1.1547
295749	3373	30000	5549.92	11.875	283.511	1.19896
296599	3427	30000	5546.21	11.9583	276.833	1.0769
297524	3480	30000	5570.08	12	290.598	1
300029	3534	30000	5559.83	12.0417	283.189	0.909059
304293	3587	30000	5591	12.0417	299.361	1.0769
317858	3641	30000	5549.33	12	318.656	1
328050	3695	30000	5468.42	12.0417	301.542	0.909059
335854	3748	30000	5458.67	12.2917	325.839	1.22191
344819	3802	30000	5377.42	12.2917	325.182	0.909059
352922	3855	30000	5430.58	12.1667	305.169	1.10554
358259	3909	30000	5395.62	12.25	253.556	0.866025
362463	3962	30000	5386.33	12.2083	304.5	0.996522
366241	4016	30000	5387.54	12.2917	272.18	1.35144
370628	4069	30000	5380.5	12.25	282.446	0.866025
374908	4123	30000	5340.58	12.2083	285.609	0.996522
382234	4176	30000	5365.54	12.1667	258.968	0.745356
388172	4230	30000	5308.79	12.2917	234.064	0.909059
393524	4284	30000	5324.29	12.2917	245.286	0.909059
400941	4337	30000	5365.5	12.375	235.004	0.968246
405483	4391	30000	5415.04	12.375	256.358	0.968246
408388	4444	30000	5398.46	12.2917	225.36	0.909059
411196	4498	30000	5401.12	12.2917	232.953	0.909059
414980	4551	30000	5391.38	12.375	267.438	1.12731
418661	4605	30000	5390.21	12.375	273.444	1.12731
424597	4658	30000	5366.29	12.4167	221.003	0.986013
430214	4712	30000	5395.92	12.3333	258.096	0.942809
440783	4766	30000	5462.33	12.375	245.298	0.968246
447415	4819	30000	5565.46	12.3333	254.051	0.942809
454400	4873	30000	5634.62	12.3333	230.548	0.942809
460832	4926	30000	5584.08	12.2083	213.939	0.996522
467067	4980	30000	5581.67	12.25	227.974	1.04083
474316	5033	30000	5537.17	12.3333	232.299	0.942809
483918	5087	30000	5633.79	12.2917	233.995	0.909059
490077	5140	30000	5716.71	12.2917	212.932	0.909059
496269	5194	30000	5779.21	12.25	204.876	0.866025
503213	5248	30000	5825.75	12.1667	251.487	0.745356
508728	5301	30000	5801.5	12.2083	288.076	0.812233
516860	5355	30000	5770.88	12.1667	232.849	0.745356
521460	5408	30000	5750.42	12.1667	243.792	0.745356
526895	5462	30000	5727.58	12.2083	234.443	0.812233
532189	5515	30000	5685.96	12.2083	255.822	0.812233
537887	5569	30000	5686.04	12.2083	263.601	0.812233
541573	5622	30000	5660.71	12.2083	238.056	0.812233
556721	5676	30000	5577	12.3333	259.765	0.942809
563048	5729	30000	5540.67	12.2917	233.513	0.909059
568617	5783	30000	5518.71	12.2917	211.106	0.909059
580579	5837	30000	5447.96	12.375	245.996	0.968246
591305	5890	30000	5381.92	12.4167	234.246	0.986013
598800	5944	30000	5327.42	12.5833	255.475	0.986013
605850	5997	30000	5309.25	12.6667	185.564	0.942809
611613	6051	30000	5305.54	12.5	276.786	1
619759	6104	30000	5249.38	12.625	233.059	0.968246
628142	6158	30000	5192.08	12.75	234.31	0.866025
632139	6211	30000	5178.5	12.625	239.849	0.968246
636203	6265	30000	5202.25	12.6667	226.929	0.942809
641852	6319	30000	5146.29	12.6667	215.654	0.942809
648239	6372	30000	5123.33	12.7083	234.614	0.909059
653672	6426	30000	5069.88	12.8333	197.672	0.942809
657578	6479	30000	5087.88	12.7917	217.636	0.812233
661968	6533	30000	5082.58	12.875	240.937	0.661438
667542	6586	30000	5078.46	12.875	216.474	0.877971
676779	6640	30000	5013.29	12.8333	196.183	0.942809
683172	6693	30000	5039.08	12.7917	184.08	0.996522
687719	6747	30000	5025.79	12.9583	266.801	0.702179
694138	6801	30000	4997.58	12.9583	227.63	0.909059
700704	6854	30000	4979.88	12.9583	226.088	0.909059
708461	6908	30000	4947.38	13.0417	218.181	0.909059
718055	6961	30000	4939.54	13.125	222.487	0.661438
730686	7015	30000	4899.46	13.0417	244.954	0.909059
740753	7068	30000	4866.42	12.9583	253.288	0.702179
748547	7122	30000	4873.29	13.0417	258.764	0.909059
756172	7175	30000	4843.42	13.0833	190.5	0.799305
766560	7229	30000	4777.25	13.1667	263.05	0.745356
776630	7282	30000	4767.5	13.25	234.296	1.04083
787940	7336	30000	4715.83	13.1667	210.547	0.745356
800565	7390	30000	4686.42	13.2083	213.363	0.812233
808459	7443	30000	4650.54	13.2917	210.279	0.909059
817130	7497	30000	4642.5	13.3333	212.694	0.942809
828952	7550	30000	4630.04	13.2083	265.855	0.812233
838227	7604	30000	4623.83	13.25	201.252	0.866025
844333	7657	30000	4654.62	13.2083	207.094	0.812233
850465	7711	30000	4696.67	13.375	254.017	0.968246
855769	7764	30000	4696.33	13.2917	250.603	0.909059
861119	7818	30000	4702.33	13.25	244.821	0.866025
868573	7872	30000	4678.58	13.25	233.894	1.04083
874885	7925	30000	4667.17	13.3333	223.136	0.942809
882824	7979	30000	4652	13.375	208.684	0.968246
890686	8032	30000	4652.58	13.375	240.087	0.968246
895408	8086	30000	4621.54	13.25	234.513	0.866025
901393	8139	30000	4603.71	13.375	229.427	0.968246
909871	8193	30000	4601.38	13.2917	206.091	0.909059
916079	8246	30000	4583.79	13.5417	227.802	0.996522
920987	8300	30000	4542.54	13.5417	228.452	0.996522
926721	8353	30000	4583.25	13.375	227.514	0.968246
931932	8407	30000	4562.96	13.5417	207.284	0.996522
936182	8461	30000	4548.08	13.5417	229.216	0.996522
944829	8514	30000	4553.92	13.625	251.2	0.968246
949526	8568	30000	4540.08	13.5417	219.685	0.996522
954998	8621	30000	4580.75	13.5	218.83	1
961010	8675	30000	4574.29	13.5833	207.858	0.986013
967261	8728	30000	4599.88	13.5	209.799	1
976728	8782	30000	4551.04	13.5417	182.298	0.996522
982970	8835	30000	4531.12	13.5833	191.541	0.986013
987521	8889	30000	4562.67	13.5833	159.053	0.986013
992764	8943	30000	4541.38	13.625	240.464	0.968246
997828	8996	30000	4517.79	13.5833	198.082	0.986013
1003710	9050	30000	4526.08	13.625	193.781	0.968246
1008249	9103	30000	4520	13.75	223.382	0.866025
1012844	9157	30000	4528.17	13.5833	231.506	0.986013
1016781	9210	30000	4528.62	13.6667	229.542	0.942809
1022092	9264	30000	4539.96	13.5833	177.23	0.986013
1028321	9317	30000	4580.17	13.625	241.132	0.968246
1035347	9371	30000	4650.71	13.4167	228.447	0.986013
1040899	9425	30000	4662.5	13.5	215.211	1
1046517	9478	30000	4702.46	13.3333	187.169	0.942809
1052365	9532	30000	4692	13.5	214.558	1
1056648	9585	30000	4679.42	13.4167	207.105	0.986013
1066843	9639	30000	4643.12	13.5417	208.54	0.996522
1075260	9692	30000	4642	13.4583	258.731	0.996522
1080781	9746	30000	4667.08	13.4583	224.718	0.996522
1091212	9799	30000	4635.88	13.5833	209.04	0.986013
1097366	9853	30000	4580.92	13.625	234.925	0.968246
1111684	9906	30000	4584.92	13.625	244.452	0.968246
1118331	9960	30000	4600.46	13.75	249.765	0.866025
1125978	10014	30000	4572.33	13.6667	226.841	0.942809
1133937	10067	30000	4518.5	13.7083	240.453	0.909059
1142912	10121	30000	4512.17	13.7083	199.261	0.909059
1149934	10174	30000	4533	13.5833	271.161	0.986013
1159824	10228	30000	4502.5	13.6667	214.451	0.942809
1164998	10281	30000	4486.17	13.75	189.677	0.866025
1171439	10335	30000	4492.21	13.75	243.144	0.866025
1178229	10388	30000	4464.58	13.8333	236.736	0.745356
1187912	10442	30000	4413.71	13.9583	197.252	0.702179
1194433	10496	30000	4424.17	13.9167	216.628	0.799305
1206590	10549	30000	4418.08	13.9167	218.148	0.552771
1213896	10603	30000	4408.12	14.0417	205.396	0.702179
1220326	10656	30000	4387.12	13.9167	243.954	0.799305
1225696	10710	30000	4396.42	13.9167	219.773	0.799305
1230480	10763	30000	4380.04	13.9583	226.654	0.702179
1240355	10817	30000	4368.92	13.9583	196.925	0.399653
1246834	10870	30000	4359.46	14.0417	216.702	0.399653
1253090	10924	30000	4352.67	14.0417	212.627	0.909059
1258274	10978	30000	4337.17	14	204.561	0.57735
1264303	11031	30000	4343.79	13.9583	193.625	0.702179
1270092	11085	30000	4314.29	14.0417	210.909	0.702179
1274313	11138	30000	4320	13.9167	223.147	0.799305
1280977	11192	30000	4308.88	14.0833	184.753	0.552771
1285778	11245	30000	4307.58	14	242.843	0.816497
1294348	11299	30000	4283.79	14.0417	220.062	0.702179
1300163	11352	30000	4287.42	14.2083	210.75	0.812233
1307576	11406	30000	4286.08	14.1667	235.131	0.745356
1313440	11459	30000	4267.04	14.0833	271.221	0.552771
1320591	11513	30000	4256.83	14.1667	250.124	1.10554
1326513	11567	30000	4238.21	14.125	236.606	0.661438
1333689	11620	30000	4224.54	14.125	184.335	0.661438
1338696	11674	30000	4226.17	14.0833	210.591	0.986013
1345378	11727	30000	4210.5	14.1667	209.79	0.942809
1354915	11781	30000	4196.46	14.1667	201.46	0.745356
1359777	11834	30000	4223.54	14.1667	205.88	0.745356
1373450	11888	30000	4186.08	14.25	195.135	0.866025
1378176	11941	30000	4161.46	14.125	190.945	0.661438
1386386	11995	30000	4166.21	14.0833	235.74	0.799305
1393439	12049	30000	4151.67	14.25	181.65	0.866025
1407048	12102	30000	4098.33	14.3333	223.674	1.10554
1413526	12156	30000	4106.88	14.4167	233.696	0.986013
1423816	12209	30000	4091.75	14.375	219.206	0.968246
1432814	12263	30000	4086.83	14.375	157.477	0.968246
1438510	12316	30000	4047.79	14.4583	222.612	0.996522
1444476	12370	30000	4054.58	14.4167	258.274	0.986013
1449989	12423	30000	4045.58	14.3333	174.679	0.942809
1454268	12477	30000	4039.62	14.5	201.485	1
1457289	12530	30000	4037.67	14.375	203.211	0.968246
1462208	12584	30000	4048.5	14.375	191.12	0.968246
1467289	12638	30000	4039.46	14.4583	234.112	0.996522
1471490	12691	30000	4024.96	14.375	213.486	0.968246
1475244	12745	30000	4015.83	14.5833	191.565	0.986013
1480079	12798	30000	4021.46	14.4583	210.086	0.996522
1485431	12852	30000	4027.17	14.2917	242.389	0.909059
1495105	12905	30000	4020.12	14.5417	211.794	0.996522
1499225	12959	30000	3984.38	14.5417	199.366	0.996522
1503765	13012	30000	3983.38	14.5	222.698	1
1513316	13066	30000	3976.79	14.5417	179.406	0.996522
1517943	13120	30000	3990.17	14.5417	196.668	0.996522
1522464	13173	30000	3955.71	14.5833	196.651	0.986013
1524693	13227	30000	3974.33	14.5833	228.025	0.986013
1528228	13280	30000	3968.25	14.5417	213.7	0.996522
1536397	13334	30000	3988.54	14.5833	204.428	0.986013
1540667	13387	30000	3972.33	14.6667	247.638	0.942809
1544953	13441	30000	3971.42	14.5	206.741	1
1550382	13494	30000	3958.62	14.7083	174.185	0.909059
1554856	13548	30000	3967.25	14.5417	215.439	0.996522
1561309	13602	30000	3954.33	14.5417	226.355	0.996522
1565804	13655	30000	3954.21	14.5	198.748	1
1572120	13709	30000	3946.38	14.6667	209.02	0.942809
1576183	13762	30000	3919.46	14.7083	229.345	0.909059
1578969	13816	30000	3943.04	14.6667	194.091	0.942809
1581499	13869	30000	3924.12	14.5833	199.655	0.986013
1586176	13923	30000	3932.12	14.75	194.241	0.866025
1589407	13976	30000	3920.54	14.6667	176.723	0.942809
1593141	14030	30000	3911.21	14.7083	190.814	0.909059
1597900	14083	30000	3906.38	14.5417	217.979	0.996522
1602583	14137	30000	3899.08	14.6667	178.368	0.942809
1608418	14191	30000	3906.42	14.6667	221.193	0.942809
1611999	14244	30000	3905.54	14.7917	189.554	0.812233
1619619	14298	30000	3874.42	14.75	194.904	0.866025
1627652	14351	30000	3898.83	14.7917	187.916	0.812233
1631930	14405	30000	3894.62	14.8333	208.204	0.745356
1637115	14458	30000	3874.54	14.8333	194.432	0.745356
1641746	14512	30000	3863.33	14.875	182.086	0.661438
1649846	14565	30000	3869.58	14.7917	233.347	0.812233
1655650	14619	30000	3855.5	15	217.551	0.57735
1662500	14673	30000	3849.5	14.875	195.475	0.877971
1670480	14726	30000	3870	14.7917	220.208	0.812233
1685790	14780	30000	3853.54	14.9583	182.222	0.702179
1691986	14833	30000	3867.79	15	198.683	0.57735
1696119	14887	30000	3857.12	14.9167	170.76	0.799305
1700793	14940	30000	3883.88	14.875	217.461	0.661438
1707109	14994	30000	3887.17	14.875	210.11	0.661438
1718448	15047	30000	3897.88	14.875	164.198	0.661438
1726379	15101	30000	3911.42	14.875	203.066	0.661438
1730674	15154	30000	3900.46	14.9583	189.62	0.399653
1738376	15208	30000	3894.79	14.9167	188.551	0.799305
1742467	15262	30000	3879.33	14.9167	213.877	0.552771
1746616	15315	30000	3884.83	14.875	199.087	0.661438
1751673	15369	30000	3887.29	15	180.891	0.57735
1759874	15422	30000	3868.5	15	202.015	0.57735
1765186	15476	30000	3900.62	14.8333	174.772	0.745356
1770121	15529	30000	3913.54	14.9167	186.581	0.552771
1776415	15583	30000	3933.71	14.9167	225.233	0.552771
1788058	15636	30000	3921.46	14.875	199.146	0.661438
1792908	15690	30000	3917.5	14.875	230.949	0.661438
1797777	15744	30000	3928.83	14.9167	215.94	0.552771
1802480	15797	30000	3912.96	14.875	187.835	0.661438
1807534	15851	30000	3927.71	14.8333	187.443	0.745356
1815410	15904	30000	3918.17	14.9167	213.391	0.799305
1821052	15958	30000	3941.54	14.875	256.687	0.661438
1827039	16011	30000	3949.46	15	164.985	0.57735
1832473	16065	30000	3936.46	14.9167	204.112	0.552771
1838387	16118	30000	3953.12	15	206.604	0.57735
1847202	16172	30000	3943.96	14.9583	215.158	0.399653
1855127	16226	30000	3951.42	14.9167	215.598	0.552771
1860547	16279	30000	3965.04	14.875	205.81	0.661438
1867138	16333	30000	3971.83	14.9583	230.673	0.702179
1878566	16386	30000	3968.83	14.9583	192.5	0.702179
1884714	16440	30000	3971.88	14.9583	197.314	0.702179
1889735	16493	30000	3942.08	15.0417	193.441	0.399653
1896456	16547	30000	3948.12	14.9583	195.033	0.702179
1901833	16600	30000	3925.83	15	181.1	0.57735
1906066	16654	30000	3932.79	15.0417	193.137	0.399653
1911197	16707	30000	3939.62	14.9583	201.948	0.399653
1914753	16761	30000	3914.42	15	205.827	0.57735
1918209	16815	30000	3949.42	14.9583	217.183	0.399653
1922659	16868	30000	3931.21	15	185.063	0.816497
1927774	16922	30000	3921.21	15.0833	214.798	0.552771
1933615	16975	30000	3904.08	15.0417	196.026	0.399653
1936640	17029	30000	3921	15	178.152	0
1957383	17082	30000	3883.62	15.0417	194.469	0.399653
1961787	17136	30000	3877.88	15	197.825	0.57735
1966437	17189	30000	3866.54	15.1667	222.841	0.942809
1972367	17243	30000	3881.54	15.0833	215.889	0.799305
1977213	17297	30000	3872.12	15.0417	206.305	0.909059
1981173	17350	30000	3869.17	15.0833	249.66	0.799305
1987868	17404	30000	3866.79	15.0833	227.963	0.986013
1993629	17457	30000	3854.08	15.0833	214.599	0.552771
1999252	17511	30000	3882.29	15.0417	220.833	0.702179
2005411	17564	30000	3891.25	15.0417	205.748	0.702179
2011397	17618	30000	3868.5	15.0833	168.511	0.799305
2016043	17671	30000	3872.58	15.0417	207.088	0.702179
2019847	17725	30000	3865.21	15.0833	221.687	0.552771
2023771	17779	30000	3834.62	15.2083	191.439	0.812233
2028249	17832	30000	3846.5	15.125	198.572	0.661438
2032065	17886	30000	3870.75	15.1667	197.349	0.745356
2035837	17939	30000	3862.96	15.0417	177.797	0.702179
2041757	17993	30000	3866.12	15.125	201.129	0.661438
2045988	18046	30000	3854.38	15.0833	226.829	0.552771
2048610	18100	30000	3866.38	15.125	236.224	0.661438
2050867	18153	30000	3865.71	15.0417	201.437	0.702179
2054628	18207	30000	3866.12	15.125	213.911	0.661438
2059142	18260	30000	3861.42	15.0833	191.11	0.799305
2063761	18314	30000	3874.29	15.1667	197.034	0.745356
2068638	18368	30000	3881.75	15.0833	193.612	0.552771
2075507	18421	30000	3890.12	15.0417	154.34	0.702179
2084101	18475	30000	3892.58	15.0417	202.768	0.702179
2089404	18528	30000	3887.62	15.0833	186.058	0.552771
2093563	18582	30000	3893.46	15.0833	215.302	0.552771
2096486	18635	30000	3911.17	15.0833	184.157	0.799305
2100230	18689	30000	3879.58	15.125	180.907	0.661438
2111007	18742	30000	3939.25	15.125	226.107	0.661438
2115756	18796	30000	3943.5	15.125	174.952	0.661438
2119423	18850	30000	3936.54	15.0417	227.112	0.702179
2122012	18903	30000	3950.54	15.0833	207.511	0.552771
2125724	18957	30000	3963.62	15.0417	222.452	0.702179
2129759	19010	30000	3957.17	15.2083	234.383	0.812233
2133516	19064	30000	3957.33	15.125	209.874	0.661438
2137593	19117	30000	3980.71	15.0833	228.244	0.552771
2141712	19171	30000	3967.04	15.125	187.906	0.661438
2144530	19224	30000	3956.04	15.1667	215.927	0.745356
2146985	19278	30000	3980.08	15.0833	201.147	0.799305
2148794	19331	30000	3972.71	15.0417	199.265	0.702179
2150999	19385	30000	3960.04	15.125	233.178	0.661438
2154953	19439	30000	3972.38	15.1667	220.538	0.745356
2157657	19492	30000	3957.67	15.0833	221.692	0.799305
2160468	19546	30000	3957.79	15.125	185.14	0.661438
2163023	19599	30000	3957.79	15.2083	197.194	0.996522
2167687	19653	30000	3981.58	15.0417	226.226	0.702179
2173052	19706	30000	3979.67	15.0417	179.336	0.702179
2184504	19760	30000	3982.33	15.125	243.054	0.661438
2188328	19813	30000	3981.5	15.2083	233.33	0.812233
2190074	19867	30000	3999.71	15.1667	224.771	0.942809
2193891	19921	30000	3979.92	15.0833	184.287	0.799305
2196219	19974	30000	3968.08	15.0417	190.693	0.702179
2198970	20028	30000	3951.83	15.1667	239.528	0.745356
2203227	20081	30000	3964.62	15.125	195.294	0.877971
2205751	20135	30000	3972.71	15.25	229.045	0.866025
2209129	20188	30000	3980.75	15.1667	228.68	0.942809
2215489	20242	30000	3970.25	15.25	209.474	0.866025
2219577	20295	30000	3947.92	15.25	190.444	0.866025
2223844	20349	30000	3974.58	15.1667	201.226	0.942809
2227254	20403	30000	3940	15.3333	185.648	0.942809
2233038	20456	30000	3947.46	15.25	226.622	0.866025
2236043	20510	30000	3961.88	15.25	242.169	1.04083
2239306	20563	30000	3946.08	15.125	198.32	0.661438
2245280	20617	30000	3949	15.1667	210.182	0.745356
2249431	20670	30000	3938	15.3333	177.77	0.942809
2253064	20724	30000	3950.79	15.25	215.578	1.04083
2255895	20777	30000	3949.88	15.125	202.448	0.661438
2257833	20831	30000	3940.54	15.2083	194.578	0.996522
2261029	20884	30000	3934.92	15.2083	189.839	0.812233
2263654	20938	30000	3960.42	15.1667	197.609	0.745356
2266823	20992	30000	3960.5	15.2083	202.521	0.812233
2271332	21045	30000	3945.04	15.2083	220.335	0.812233
2274047	21099	30000	3918.96	15.2083	160.979	0.812233
2276719	21152	30000	3929.38	15.2083	202.024	0.812233
2280860	21206	30000	3938.12	15.1667	176.386	0.745356
2284442	21259	30000	3939.42	15.2083	230.869	0.812233
2290582	21313	30000	3936.25	15.3333	188.232	0.942809
2295197	21366	30000	3937.62	15.2083	200.207	0.812233
2299125	21420	30000	3954.17	15.25	215.221	0.866025
2304401	21474	30000	3961.71	15.25	250.98	1.04083
2309569	21527	30000	3944.33	15.2083	189.695	0.812233
2314029	21581	30000	3931.5	15.2917	224.354	0.909059
2318967	21634	30000	3937.5	15.25	211.484	0.866025
2323617	21688	30000	3952.12	15.2917	220.894	0.909059
2329851	21741	30000	3929.67	15.4583	203.593	0.996522
2339602	21795	30000	3925.62	15.25	230.131	0.866025
2342947	21848	30000	3932.79	15.3333	229.167	0.942809
2349479	21902	30000	3911.17	15.3333	206.09	0.942809
2353980	21956	30000	3939.67	15.2917	222.382	0.909059
2359166	22009	30000	3940.08	15.3333	182.279	0.942809
2366600	22063	30000	3933.58	15.4167	237.155	1.14261
2371137	22116	30000	3933.21	15.375	244.315	0.968246
2375351	22170	30000	3937.46	15.4167	225.242	0.986013
2379252	22223	30000	3930.92	15.375	201.654	0.968246
2395107	22277	30000	3928.67	15.2917	211.165	0.909059
2400859	22330	30000	3924.46	15.3333	185.167	0.942809
2408874	22384	30000	3916.96	15.5	229.307	1.1547
2412144	22437	30000	3933.67	15.4167	185.641	0.986013
2415988	22491	30000	3900.62	15.375	210.421	0.968246
2420018	22545	30000	3902.42	15.4167	205.622	0.986013
2426149	22598	30000	3898.33	15.375	172.113	0.968246
2427585	22652	30000	3915.08	15.4167	190.955	0.986013
2436024	22705	30000	3877.17	15.4583	221.482	0.996522
2441905	22759	30000	3861.92	15.5833	187.797	0.986013
2445782	22812	30000	3892.92	15.4583	237.491	0.996522
2449182	22866	30000	3872.21	15.4167	210.142	0.986013
2452582	22919	30000	3892.75	15.375	204.061	0.968246
2459441	22973	30000	3894.83	15.7083	234.376	1.0769
2464020	23027	30000	3905.12	15.4583	195.544	0.996522
2469872	23080	30000	3890.54	15.5	200.037	1
2474796	23134	30000	3887.71	15.5833	193.614	0.986013
2478238	23187	30000	3870.5	15.5	214.761	1
2482603	23241	30000	3864.04	15.5	221.046	1
2486641	23294	30000	3875.75	15.625	238.694	1.12731
2490367	23348	30000	3893.04	15.5417	179.05	0.996522
2495287	23401	30000	3888	15.7083	174.083	0.909059
2499321	23455	30000	3905.79	15.5417	212.555	0.996522
2503755	23508	30000	3890	15.625	221.947	0.968246
2508262	23562	30000	3889.42	15.4583	195.292	0.996522
2513027	23616	30000	3896.92	15.7083	187.448	1.0769
2517333	23669	30000	3880.42	15.5	230.122	1
2521155	23723	30000	3900.17	15.5833	178.031	0.986013
2526423	23776	30000	3904.71	15.625	213.883	0.968246
2531209	23830	30000	3904.75	15.7083	201.991	0.909059
2535378	23883	30000	3900.38	15.625	198.245	0.968246
2541658	23937	30000	3904.08	15.6667	220.335	0.942809
2546781	23990	30000	3908.79	15.5833	162.826	0.986013
2553685	24044	30000	3910.42	15.6667	206.23	0.942809
2558597	24098	30000	3908.46	15.5833	215.109	0.986013
2561760	24151	30000	3908.42	15.5	148.77	1
2566561	24205	30000	3918.21	15.5833	172.783	0.986013
2572584	24258	30000	3909.38	15.625	206.03	0.968246
2576070	24312	30000	3901.88	15.6667	193.363	0.942809
2581454	24365	30000	3907.83	15.75	202.655	0.866025
2590849	24419	30000	3881.46	15.6667	183.218	0.942809
2596012	24472	30000	3910.71	15.7917	207.745	0.812233
2602473	24526	30000	3894.25	15.7083	190.2	0.909059
2607499	24580	30000	3890.21	15.6667	197.261	0.942809
2612136	24633	30000	3897.83	15.6667	265.219	0.942809
2621653	24687	30000	3892.88	15.7917	218.431	0.812233
2629123	24740	30000	3908.25	15.4583	210.695	0.996522
2640734	24794	30000	3899.75	15.7917	199.702	0.812233
2647750	24847	30000	3893	15.75	213.069	0.866025
2656045	24901	30000	3869.25	15.8333	180.771	0.745356
2662835	24954	30000	3883	15.875	192.514	0.661438
2672552	25008	30000	3862.79	15.8333	224.271	0.745356
2678605	25061	30000	3887.54	15.7917	181.77	0.812233
2686055	25115	30000	3868.96	15.7083	254.13	1.0769
2694291	25169	30000	3866.75	15.8333	237.973	0.745356
2702017	25222	30000	3879.12	15.8333	201.338	0.745356
2708759	25276	30000	3894.92	15.8333	245.267	0.745356
2717091	25329	30000	3893.38	15.9167	199.29	0.799305
2725003	25383	30000	3873.83	15.8333	228.082	0.745356
2733117	25436	30000	3883.21	15.75	186.462	0.866025
2744539	25490	30000	3888.38	15.9167	242.401	0.552771
2749203	25543	30000	3894.46	15.9583	214.876	0.702179
2756113	25597	30000	3895.21	15.9167	190.802	0.799305
2766884	25651	30000	3866.79	15.75	214.384	0.866025
2775262	25704	30000	3884.79	15.875	187.313	0.877971
2783443	25758	30000	3886.54	15.9167	239.261	0.552771
2789889	25811	30000	3854.96	15.9583	161.76	0.702179
2795304	25865	30000	3864.21	15.875	180.375	0.661438
2801567	25918	30000	3854.38	16	208.187	1
2806043	25972	30000	3869.17	15.9583	219.518	0.399653
2812520	26025	30000	3859.62	15.9167	176.377	0.552771
2818751	26079	30000	3879.38	15.9167	197.535	0.799305
2824558	26132	30000	3868.62	15.9583	190.947	0.702179
2829790	26186	30000	3874.79	15.8333	243.094	0.745356
2835339	26240	30000	3872.21	15.875	157.966	0.661438
2842855	26293	30000	3867.42	15.9167	216.816	0.552771
2849905	26347	30000	3879.62	15.9583	210.177	0.399653
2858375	26400	30000	3868.71	15.9167	222.858	0.552771
2864590	26454	30000	3866	15.9583	218.196	0.399653
2870741	26507	30000	3862.17	15.9583	193.533	0.399653
2876468	26561	30000	3851.75	15.9167	227.7	0.552771
2881388	26614	30000	3857.83	15.9167	219.116	0.799305
2887922	26668	30000	3873.29	15.9167	243.359	0.799305
2894228	26722	30000	3849.33	16	212.561	0.57735
2904495	26775	30000	3857.79	16	151.33	0.57735
2909983	26829	30000	3851.5	16	224.626	0.57735
2917935	26882	30000	3847.38	16	237.818	0
2939295	26936	30000	3876.08	15.9583	244.128	0.909059
2947049	26989	30000	3870.21	15.9583	200.807	0.399653
2962948	27043	30000	3871.54	16	194.619	0.816497
2973953	27096	30000	3891.79	15.9583	196.379	0.399653
2986690	27150	30000	3891.75	15.9583	256.401	0.702179
2994125	27204	30000	3885.71	16	214.754	0
3004013	27257	30000	3874.04	16	207.583	0.57735
3008949	27311	30000	3894.29	16	215.665	0.57735
3019383	27364	30000	3887.29	16	223.46	0.57735
3029661	27418	30000	3902.42	15.9583	149.559	0.399653
3033993	27471	30000	3876	16	211.054	0.816497
3040617	27525	30000	3867.71	15.9583	183.791	0.909059
3045590	27578	30000	3885.96	16	224.744	0.57735
3056155	27632	30000	3883.83	15.9167	203.827	0.552771
3059309	27685	30000	3868.54	16.0417	200.08	0.399653
3063943	27739	30000	3878.5	16.0417	204.06	0.702179
3072142	27793	30000	3887.54	16.125	214.489	0.877971
3083251	27846	30000	3867	16.125	223.669	0.661438
3091061	27900	30000	3874.29	16.0833	225.951	0.552771
3097582	27953	30000	3863.38	16.0833	179.164	0.552771
3102059	28007	30000	3855.08	16	202.435	0.57735
3108860	28060	30000	3859.92	16.0833	201.576	0.552771
3116842	28114	30000	3861.62	15.9583	206.274	0.399653
3123196	28167	30000	3871.29	16.0833	177.456	0.552771
3132070	28221	30000	3852.79	16	208.898	0.57735
3137083	28275	30000	3846.25	16.0417	190.92	0.399653
3143726	28328	30000	3844.79	16.125	222.468	0.661438
3152139	28382	30000	3861.29	16.2083	233.458	0.812233
3158036	28435	30000	3831.46	16.125	220.919	0.661438
3164471	28489	30000	3824.58	16.0833	221.896	0.799305
3169409	28542	30000	3849.04	16.125	202.128	0.661438
3178502	28596	30000	3828.54	16.0833	208.256	0.552771
3186652	28649	30000	3849.67	16.0833	175.777	0.552771
3195108	28703	30000	3844.88	16.1667	175.067	0.745356
3202897	28757	30000	3832.67	16.0833	230.035	0.552771
3209748	28810	30000	3839.88	16.1667	191.98	0.745356
3217512	28864	30000	3831.17	16.0417	203.803	0.399653
3227981	28917	30000	3812.08	16.125	190.82	0.877971
3232832	28971	30000	3818.04	16.125	187.173	0.661438
3237810	29024	30000	3823.12	16.0833	229.16	0.552771
3245869	29078	30000	3821.12	16.125	202.482	0.661438
3251951	29131	30000	3794	16.125	185.265	0.661438
3257435	29185	30000	3819.62	16.125	237.124	0.661438
3263348	29238	30000	3799.96	16.1667	248.747	0.745356
3268120	29292	30000	3817.88	16.0833	191.198	0.552771
3275791	29346	30000	3785.71	16.2083	207.554	0.812233
3282645	29399	30000	3788.08	16.2083	202.966	0.812233
3287709	29453	30000	3791.12	16.2917	208.958	0.909059
3292834	29506	30000	3787.62	16.1667	201.949	0.942809
3298898	29560	30000	3785.54	16.0417	186.855	0.702179
3305697	29613	30000	3801.29	16.0833	251.917	0.799305
3311407	29667	30000	3792.96	16.25	216.736	0.866025
3319020	29720	30000	3773.12	16.125	189.361	0.661438
3324791	29774	30000	3781.71	16.1667	247.984	0.745356
3332459	29828	30000	3757.12	16.3333	208.901	0.942809
3337354	29881	30000	3773.62	16.2083	185.401	0.812233
3342723	29935	30000	3771.58	16.375	214.78	0.968246
3348045	29988	30000	3780.83	16.25	200.894	0.866025
3354779	30042	30000	3763.62	16.2917	218.394	0.909059
3360201	30095	30000	3770.33	16.375	219.906	0.968246
3364927	30149	30000	3751.38	16.2917	201.345	0.909059
3371680	30202	30000	3770.96	16.3333	201.116	1.10554
3377497	30256	30000	3735.25	16.3333	238.26	0.942809
3383256	30309	30000	3770.75	16.2083	205.709	0.812233
3387472	30363	30000	3765.67	16.25	197.494	1.04083
3392327	30417	30000	3773.08	16.2917	184.685	0.909059
3398209	30470	30000	3737.17	16.375	231.343	0.968246
3407129	30524	30000	3742.75	16.25	169.661	0.866025
3411302	30577	30000	3745.12	16.2917	200.9	0.909059
3418307	30631	30000	3754.5	16.5417	217.384	0.996522
3424971	30684	30000	3736.62	16.5	220.844	1
3430474	30738	30000	3741.96	16.4167	210.887	0.986013
3435648	30791	30000	3727.04	16.375	191.026	0.968246
3445451	30845	30000	3721.54	16.2917	207.406	0.909059
3451607	30899	30000	3731.79	16.3333	191.856	0.942809
3457970	30952	30000	3706.75	16.5	192.902	1
3464569	31006	30000	3700.08	16.4167	192.925	0.986013
3475205	31059	30000	3714.58	16.2917	222.116	1.0769
3483176	31113	30000	3731.33	16.3333	192.843	0.942809
3490191	31166	30000	3711.25	16.2917	218.769	0.909059
3495007	31220	30000	3699.08	16.5	218.747	1
3501923	31273	30000	3702.33	16.375	184.193	0.968246
3508260	31327	30000	3706.58	16.375	225.381	0.968246
3514453	31381	30000	3709.38	16.5417	208.324	0.996522
3520871	31434	30000	3711.33	16.5	204.918	1
3525734	31488	30000	3694.92	16.5	207.072	1
3530971	31541	30000	3685.08	16.5417	222.467	0.996522
3538530	31595	30000	3711.08	16.5	196.866	1
3546011	31648	30000	3674.42	16.4167	203.628	0.986013
3553081	31702	30000	3684.33	16.4583	208.308	0.996522
3559308	31755	30000	3690.75	16.5	195.133	1
3564852	31809	30000	3673.25	16.5	192.273	1
3572057	31862	30000	3692.75	16.4583	220.542	0.996522
3578586	31916	30000	3683.21	16.4583	253.499	0.996522
3589805	31970	30000	3676.42	16.4167	209.728	0.986013
3596221	32023	30000	3667.83	16.5417	222.687	0.996522
3603630	32077	30000	3661.38	16.5	201.046	1
3611314	32130	30000	3647.29	16.5417	213.351	0.996522
3617044	32184	30000	3666.29	16.5417	215.603	0.996522
3623157	32237	30000	3657.58	16.4583	187.836	0.996522
3630515	32291	30000	3660.29	16.6667	201.628	0.942809
3635871	32344	30000	3655.75	16.5833	189.529	0.986013
3641909	32398	30000	3646	16.5833	218.354	0.986013
3647851	32452	30000	3638.17	16.5833	176.003	0.986013
3653603	32505	30000	3641.75	16.5	171.739	1
3661031	32559	30000	3639.5	16.5	197.843	1
3668600	32612	30000	3616.71	16.6667	204.962	0.942809
3674391	32666	30000	3607	16.5833	248.099	0.986013
3683362	32719	30000	3614.58	16.6667	209.79	0.942809
3690840	32773	30000	3620.79	16.75	229.643	0.866025
3697002	32826	30000	3607.21	16.75	214.364	0.866025
3703950	32880	30000	3634.5	16.7083	177.036	0.909059
3709783	32934	30000	3612.67	16.7917	215.018	0.812233
3718250	32987	30000	3588.42	16.75	202.69	0.866025
3724498	33041	30000	3593.75	16.75	242.092	0.866025
3741438	33094	30000	3606.12	16.75	233.283	0.866025
3750032	33148	30000	3585.17	16.7917	213.796	0.812233
3759351	33201	30000	3592.33	16.625	205.42	0.968246
3765884	33255	30000	3587.25	16.7917	213.185	0.812233
3772904	33308	30000	3589.92	16.6667	188.117	0.942809
3779070	33362	30000	3567.88	16.7917	175.928	0.812233
3784998	33415	30000	3598.29	16.8333	201.042	0.745356
3790645	33469	30000	3587.92	16.75	232.917	0.866025
3798039	33523	30000	3549.83	16.6667	220.014	0.942809
3804753	33576	30000	3556.42	16.8333	203.607	0.745356
3810754	33630	30000	3556.08	16.7917	245.463	0.812233
3818802	33683	30000	3537.08	16.75	196.027	0.866025
3826705	33737	30000	3541.88	16.875	195.725	0.661438
3834517	33790	30000	3559.62	16.8333	168.793	0.745356
3844293	33844	30000	3558.42	16.875	202.232	0.661438
3850158	33897	30000	3553.12	16.8333	221.393	0.745356
3857016	33951	30000	3546.54	16.875	218.078	0.661438
3864482	34005	30000	3553.92	16.8333	253.509	0.745356
3869761	34058	30000	3555.75	16.75	221.476	0.866025
3876526	34112	30000	3541.46	16.8333	178.058	0.745356
3884860	34165	30000	3537.88	16.875	234.5	0.661438
3893177	34219	30000	3543.79	16.75	188.733	0.866025
3898618	34272	30000	3548.96	16.875	195.697	0.661438
3904059	34326	30000	3526.17	16.875	215.77	0.661438
3911023	34379	30000	3529.5	16.7083	202.979	0.909059
3917639	34433	30000	3543.5	16.9167	200.414	0.552771
3923398	34486	30000	3534.88	16.9583	200.239	0.399653
3927195	34540	30000	3517.96	16.9583	223.937	0.702179
3934255	34594	30000	3530.17	16.75	190.774	0.866025
3942426	34647	30000	3524.88	16.9167	198.139	0.552771
3951544	34701	30000	3525.83	16.8333	203.357	0.745356
3957803	34754	30000	3518.25	16.9167	211.365	0.552771
3965246	34808	30000	3520.54	16.9583	199.967	0.399653
3972376	34861	30000	3516.08	16.875	171.584	0.661438
3979341	34915	30000	3507.58	16.8333	212.443	0.745356
3988398	34968	30000	3520.08	16.9167	185.991	0.552771
3995362	35022	30000	3491.25	16.8333	192.53	0.745356
4005322	35076	30000	3517.67	16.9583	204.712	0.702179
4012728	35129	30000	3504.38	16.9583	199.537	0.702179
4018677	35183	30000	3467.38	16.875	218.612	0.661438
4027648	35236	30000	3496.17	16.9167	189.47	0.552771
4035892	35290	30000	3481.67	16.9583	196.692	0.399653
4043614	35343	30000	3473.17	17	220.927	0.816497
4054026	35397	30000	3482.88	16.875	196.904	0.877971
4060772	35450	30000	3488.12	16.875	188.234	0.877971
4066103	35504	30000	3487.62	16.9167	182.577	0.799305
4073510	35558	30000	3459.08	17	209.675	0
4081343	35611	30000	3467	17	205.672	0.816497
4089443	35665	30000	3488.58	16.875	174.202	0.661438
4096949	35718	30000	3469.88	16.9167	201.328	0.552771
4103602	35772	30000	3456.08	17	156.362	0.57735
4113661	35825	30000	3441.38	17	179.377	0.57735
4124229	35879	30000	3453.17	16.9583	185.263	0.702179
4129994	35932	30000	3443.33	16.9583	171.239	0.702179
4135016	35986	30000	3451.25	16.9583	237.876	0.399653
4140464	36039	30000	3435.62	16.7917	253.204	0.812233
4147294	36093	30000	3432.92	17	203.264	0.816497
4153686	36147	30000	3455.25	16.9167	213.046	0.552771
4158988	36200	30000	3430.83	17	194.837	0.816497
4165983	36254	30000	3441.25	16.875	235.369	0.661438
4172738	36307	30000	3430.58	17	204.322	0.57735
4178997	36361	30000	3429.25	17	206.257	0.57735
4186514	36414	30000	3438.5	17	229.67	0.57735
4193551	36468	30000	3420.08	17.0417	179.868	0.399653
4198102	36521	30000	3409.46	17.0417	218.789	0.702179
4207390	36575	30000	3412.92	17	171.772	0.57735
4214998	36629	30000	3427.42	17.0417	205.464	0.702179
4220351	36682	30000	3426.38	17	160.58	0
4226119	36736	30000	3406	17.0417	166.39	0.702179
4232350	36789	30000	3409.12	16.9167	192.528	0.552771
4240541	36843	30000	3422.04	17	182.976	0.57735
4244106	36896	30000	3418.88	17	220.107	0.57735
4248826	36950	30000	3401.67	17.0833	197.52	0.552771
4255042	37003	30000	3405.12	17.0833	224.635	0.552771
4259335	37057	30000	3401.58	17	202.729	0.57735
4271912	37110	30000	3408.79	17.0417	170.284	0.399653
4282056	37164	30000	3388.29	17.0417	221.94	0.702179
4289016	37218	30000	3384.92	17.0417	252.856	0.702179
4296880	37271	30000	3379.46	17.0417	203.521	0.702179
4306971	37325	30000	3367.12	17.0417	195.447	0.399653
4311859	37378	30000	3392.71	17.0833	209	0.799305
4324811	37432	30000	3355.33	16.9583	210.418	0.399653
4332572	37485	30000	3378.54	17.125	175.261	0.877971
4338306	37539	30000	3375.25	17.0833	224.113	0.799305
4345408	37592	30000	3370.38	17.125	207.671	0.877971
4351821	37646	30000	3356.33	17.0833	225.644	0.799305
4356802	37700	30000	3357.04	17	186.778	0.57735
4369123	37753	30000	3358.71	17.0833	191.959	0.986013
4375830	37807	30000	3359.88	17.125	215.281	0.661438
4380704	37860	30000	3374.88	17.125	204.843	0.661438
4386748	37914	30000	3364.75	17	169.529	0
4393356	37967	30000	3358.5	17.0417	197.886	0.702179
4406287	38021	30000	3352.12	17.0417	184.17	0.702179
4412169	38074	30000	3344.92	17.0833	195.757	0.552771
4417256	38128	30000	3337.38	17.0833	176.099	0.552771
4428432	38182	30000	3345.88	17.0417	212.201	0.702179
4435285	38235	30000	3332	17.0833	197.329	0.799305
4444001	38289	30000	3335.71	17.0833	184.86	0.799305
4453347	38342	30000	3336.67	17.0833	207.237	0.552771
4458585	38396	30000	3325.21	17.0833	171.537	0.552771
4464684	38449	30000	3337.79	17.0417	175.608	0.399653
4469790	38503	30000	3320.17	17.1667	188.687	0.745356
4478300	38556	30000	3320.54	17.125	167.222	0.877971
4483526	38610	30000	3313.5	17.1667	213.462	0.942809
4492059	38663	30000	3320.75	17.2083	200.84	0.812233
4497694	38717	30000	3295.33	17.1667	165.223	0.745356
4507593	38771	30000	3305.96	17.25	201.913	0.866025
4512840	38824	30000	3324.04	17.1667	190.045	0.745356
4519599	38878	30000	3311.62	17.125	191.099	0.877971
4526504	38931	30000	3291.54	17.0833	179.032	0.799305
4533777	38985	30000	3301.75	17.2083	211.885	0.812233
4540189	39038	30000	3307.17	17.1667	211.46	0.745356
4555307	39092	30000	3291.42	17.2083	182.576	0.812233
4562431	39145	30000	3297.33	17.1667	178.583	0.942809
4568155	39199	30000	3277.17	17.25	223.437	1.04083
4575663	39253	30000	3277.08	17.1667	192.076	0.745356
4586689	39306	30000	3291.79	17.2083	194.77	0.996522
4593990	39360	30000	3283.17	17.1667	180.064	0.745356
4599948	39413	30000	3258.29	17.2083	204.384	0.812233
4612360	39467	30000	3288.71	17.2917	166.157	0.909059
4619406	39520	30000	3270.38	17.1667	191.631	0.942809
4627334	39574	30000	3272.83	17.2917	191.314	0.909059
4635253	39627	30000	3264.38	17.2917	220.244	0.909059
4644440	39681	30000	3264.79	17.3333	175.277	0.942809
4651624	39735	30000	3280.46	17.2083	217.83	0.812233
4657807	39788	30000	3263.92	17.5	199.006	1
4664331	39842	30000	3256	17.3333	226.948	0.942809
4670197	39895	30000	3263.58	17.2083	197.945	0.812233
4681697	39949	30000	3237.12	17.375	142.557	0.968246
4700616	40002	30000	3264.33	17.2083	171.873	0.996522
4707139	40056	30000	3243.12	17.3333	176.373	0.942809
4713568	40109	30000	3248.96	17.2917	163.291	0.909059
4720148	40163	30000	3247.5	17.3333	196.582	0.942809
4726530	40216	30000	3247.88	17.2917	188.062	0.909059
4736981	40270	30000	3252.5	17.25	210.575	0.866025
4745775	40324	30000	3224.33	17.375	189.493	0.968246
4751304	40377	30000	3234.29	17.375	181.209	0.968246
4759247	40431	30000	3230.04	17.2917	169.402	0.909059
4764387	40484	30000	3237.58	17.3333	188.995	0.942809
4770607	40538	30000	3239.17	17.3333	195.913	0.942809
4786029	40591	30000	3226.38	17.3333	177.7	0.942809
4794084	40645	30000	3230.5	17.4167	219.864	0.986013
4802840	40698	30000	3207.08	17.4167	201.252	0.986013
4814634	40752	30000	3225.04	17.2917	212.326	0.909059
4821804	40806	30000	3216.54	17.3333	178.695	0.942809
4829058	40859	30000	3220.42	17.3333	191.846	0.942809
4838543	40913	30000	3216.96	17.4167	187.938	0.986013
4847182	40966	30000	3212.83	17.375	199.419	0.968246
4854521	41020	30000	3220.96	17.5	166.667	1
4862583	41073	30000	3192.54	17.5	210.851	1
4869380	41127	30000	3200.25	17.4583	190.755	0.996522
4875779	41180	30000	3199.38	17.3333	207.517	0.942809
4883355	41234	30000	3199.67	17.5833	191.48	0.986013
4895989	41287	30000	3208.71	17.4583	206.711	0.996522
4901592	41341	30000	3215.54	17.4167	207.302	0.986013
4908968	41395	30000	3186.92	17.5417	206.719	0.996522
4915391	41448	30000	3190.21	17.5417	203.927	1.15169
4921638	41502	30000	3199.58	17.4583	198.151	0.996522
4929982	41555	30000	3175.38	17.5	207.152	1
4935004	41609	30000	3173.5	17.5417	191.408	0.996522
4941559	41662	30000	3180.42	17.5	171.809	1
4946975	41716	30000	3203.5	17.375	190.496	1.12731
4954134	41769	30000	3189.21	17.5	182.975	1
4961293	41823	30000	3180.17	17.5417	200.64	0.996522
4968226	41877	30000	3188.83	17.375	210.812	0.968246
4974590	41930	30000	3171.75	17.375	177.682	0.968246
4987952	41984	30000	3159.46	17.5	205.866	1.1547
5008572	42037	30000	3179.71	17.5417	184.798	0.996522
5021824	42091	30000	3147.62	17.625	198.047	0.968246
5028760	42144	30000	3165.08	17.5833	190.294	0.986013
5047385	42198	30000	3157.71	17.625	171.221	0.968246
5056460	42251	30000	3130.71	17.5417	173.315	0.996522
5062670	42305	30000	3154.29	17.5833	195.577	1.14261
5067470	42359	30000	3139.04	17.6667	186.694	0.942809
5073337	42412	30000	3148.75	17.625	159.565	0.968246
5081330	42466	30000	3147.46	17.6667	202.929	1.10554
5088941	42519	30000	3125.92	17.7083	199.077	0.909059
5096034	42573	30000	3129.08	17.7083	193.047	1.0769
5104022	42626	30000	3149.17	17.7083	160.025	0.909059
5111018	42680	30000	3124.21	17.6667	191.955	0.942809
5123508	42733	30000	3139.75	17.625	184.71	0.968246
5129932	42787	30000	3126.79	17.625	201.974	0.968246
5138279	42840	30000	3129.54	17.7083	209.581	0.909059
5143322	42894	30000	3125.54	17.7083	189.317	0.909059
5151395	42948	30000	3148.83	17.5417	204.713	0.996522
5157214	43001	30000	3126.67	17.75	187.393	1.04083
5167116	43055	30000	3125.88	17.75	182.818	0.866025
5175916	43108	30000	3119.92	17.6667	193.045	0.942809
5183031	43162	30000	3127.79	17.625	169.577	0.968246
5193791	43215	30000	3108.29	17.7083	211.751	0.909059
5200664	43269	30000	3117.21	17.625	181.45	0.968246
5211120	43322	30000	3112.88	17.5833	193.549	0.986013
5215829	43376	30000	3100.25	17.7917	202.438	0.812233
5224148	43430	30000	3118.25	17.7083	190.855	0.909059
5232602	43483	30000	3112.17	17.6667	173.938	0.942809
5241679	43537	30000	3109.29	17.7083	177.741	0.909059
5247230	43590	30000	3099.67	17.75	200.966	1.04083
5252483	43644	30000	3092.83	17.75	215.665	1.04083
5261302	43697	30000	3092.21	17.75	218.653	0.866025
5270030	43751	30000	3111.25	17.8333	199.165	0.745356
5282484	43804	30000	3078.75	17.75	178.024	0.866025
5290890	43858	30000	3095.46	17.75	205.994	0.866025
5297578	43912	30000	3084.67	17.9167	203.696	0.986013
5305341	43965	30000	3078.25	17.7917	186.041	0.812233
5314847	44019	30000	3087.42	17.7083	208.651	0.909059
5325505	44072	30000	3085.42	17.75	173.125	0.866025
5333130	44126	30000	3079.75	17.7083	170.391	0.909059
5339139	44179	30000	3093.04	17.75	193.171	0.866025
5344946	44233	30000	3060.46	17.8333	171.482	0.745356
5350936	44286	30000	3063.58	17.8333	190.084	0.745356
5358566	44340	30000	3064.71	17.7917	198.869	0.812233
5364672	44393	30000	3075.25	17.7917	223.245	0.812233
5379515	44447	30000	3053.42	17.875	167.055	0.661438
5386051	44501	30000	3046.33	18	155.001	0.57735
5390730	44554	30000	3068.21	17.8333	212.09	0.745356
5398151	44608	30000	3066.21	17.75	189.149	0.866025
5403869	44661	30000	3058	17.875	182.238	0.661438
5413135	44715	30000	3038.25	17.875	228.457	0.661438
5419596	44768	30000	3042.71	17.875	217.173	0.661438
5430339	44822	30000	3043.33	17.9167	228.358	0.799305
5438567	44875	30000	3054.71	17.9167	174.452	0.799305
5446454	44929	30000	3049.21	17.875	182.62	0.877971
5451481	44983	30000	3042.83	17.9583	220.284	0.702179
5458442	45036	30000	3034.04	17.9167	191.993	0.552771
5464545	45090	30000	3037.83	17.9167	210.842	0.986013
5474363	45143	30000	3028.42	17.9167	176.62	0.552771
5482450	45197	30000	3028.25	17.8333	170.865	0.745356
5489714	45250	30000	3016.46	17.8333	180.077	0.745356
5494725	45304	30000	3034.79	17.7917	189.01	0.812233
5500170	45357	30000	3022.79	17.9167	188.002	0.552771
5509327	45411	30000	3041.88	17.875	186.308	0.661438
5517213	45464	30000	3025.04	17.9167	177.427	0.552771
5524694	45518	30000	3023.04	17.9583	145.932	0.399653
5530082	45572	30000	3011.54	17.9583	170.23	0.702179
5534341	45625	30000	3014.33	17.9583	178.226	0.399653
5539931	45679	30000	3021.83	18.0417	195.779	0.702179
5548444	45732	30000	3000.88	17.9583	204.285	0.702179
5556891	45786	30000	3000.5	17.9583	205.526	0.702179
5566385	45839	30000	3023.21	17.875	192.257	0.661438
5573901	45893	30000	3001.04	17.9167	189.52	0.552771
5580124	45946	30000	3009.62	17.875	186.056	0.661438
5585892	46000	30000	3009.75	17.875	179.945	0.661438
5591678	46054	30000	2994.67	17.9167	200.384	0.799305
5600584	46107	30000	2979.75	17.9583	160.548	0.702179
5607174	46161	30000	2976.92	18	178.1	0.57735
5613585	46214	30000	2978.71	17.9167	167.008	0.986013
5622290	46268	30000	3014.71	17.9583	212.744	0.702179
5626784	46321	30000	3001.62	17.875	174.948	0.661438
5655542	46375	30000	2980.5	17.875	192.884	0.661438
5663630	46428	30000	2988.12	18	137.518	0
5670556	46482	30000	2966.46	17.9583	189.503	0.399653
5681629	46536	30000	2980.25	17.9167	183.335	0.552771
5688155	46589	30000	2986.58	17.9167	173.29	0.552771
5698985	46643	30000	2992.92	18	196.765	0.816497
5704779	46696	30000	2974.21	18	149.365	0
5716838	46750	30000	2971.5	17.9583	173.92	0.702179
5722685	46803	30000	2964.12	17.9583	217.862	0.702179
5732620	46857	30000	2957.12	18.0417	188.368	0.702179
5739133	46910	30000	2969.83	18.0417	215.117	0.702179
5744448	46964	30000	2956.88	18.0417	152.923	0.399653
5757671	47017	30000	2943.67	17.9583	176.15	0.399653
5769210	47071	30000	2958.38	17.9167	210.231	0.552771
5778994	47125	30000	2974.12	18.0417	185.601	0.702179
5788880	47178	30000	2941.54	18	209.459	0.57735
5794811	47232	30000	2953.42	18	169.898	0
5803000	47285	30000	2954.71	18.0833	223.784	0.986013
5809987	47339	30000	2943.33	17.875	207.179	0.661438
5821181	47392	30000	2940.46	18.0833	188.941	0.799305
5827915	47446	30000	2945.42	18.0417	193.503	0.702179
5833315	47499	30000	2946.58	18.0417	184.849	0.702179
5842692	47553	30000	2938.25	18	180.661	0
5851154	47607	30000	2949.75	18	207.183	0.57735
5858057	47660	30000	2934.71	18.1667	176.661	0.745356
5867498	47714	30000	2925.25	17.875	166.443	0.661438
5877037	47767	30000	2911.04	18.0417	172.021	0.399653
5882467	47821	30000	2925.88	17.9583	191.132	0.399653
5889089	47874	30000	2924.54	18	152.113	0.57735
5897829	47928	30000	2933.83	18.0417	183.095	0.702179
5904679	47981	30000	2929.42	17.9583	192.906	0.399653
5916757	48035	30000	2908.62	18.0417	194.996	0.702179
5929414	48088	30000	2920.88	18.0833	194.262	0.552771
5935609	48142	30000	2921.71	17.9583	194.571	0.399653
5943746	48196	30000	2921.17	18.0417	193.569	0.702179
5948597	48249	30000	2926.25	18.0417	183.939	0.399653
5962880	48303	30000	2921.29	18	194.918	0.57735
5967377	48356	30000	2913.04	18.1667	212.519	0.942809
5980120	48410	30000	2910.46	18.0417	212.996	0.702179
5985179	48463	30000	2916.88	17.9583	200.253	0.702179
5998585	48517	30000	2893.92	18.0417	165.509	0.399653
6005539	48570	30000	2906.33	18.0417	169.099	0.399653
6010247	48624	30000	2891.38	18.0417	166.672	0.702179
6017511	48678	30000	2911.17	18	216.598	0.57735
6027998	48731	30000	2901.25	18.125	203.366	0.661438
6033915	48785	30000	2893.54	18.125	171.125	0.877971
6039502	48838	30000	2884.46	18.0417	163.796	0.399653
6049954	48892	30000	2887.88	18.125	175.206	0.661438
6056033	48945	30000	2889.58	18.1667	200.554	0.942809
6070917	48999	30000	2900.46	18	160.227	0
6075722	49052	30000	2889.42	18.0833	174.919	0.552771
6082178	49106	30000	2891.5	18	150.897	0
6091601	49160	30000	2855.96	18.0833	183.465	0.799305
6098796	49213	30000	2854.67	18.125	183.695	0.877971
6106021	49267	30000	2891.25	18	143.691	0.57735
6122816	49320	30000	2862.04	18.0833	177.603	0.552771
6129581	49374	30000	2855.12	18.2083	182.962	0.812233
6135087	49427	30000	2857.5	18.0417	157.454	0.399653
6142653	49481	30000	2867.75	18.1667	226.489	0.942809
6150457	49534	30000	2878.38	18.125	175.294	0.661438
6159977	49588	30000	2871.38	18.1667	147.677	0.942809
6170290	49641	30000	2851.88	18.0833	132.926	0.799305
6175676	49695	30000	2862.08	18.1667	231.856	1.10554
6183094	49749	30000	2854.75	18.125	179.675	0.877971
6189186	49802	30000	2856.5	18.0833	191.306	0.552771
6195349	49856	30000	2850.38	18.0417	180.386	0.702179
6202346	49909	30000	2836.21	18.1667	191.511	0.745356
6211975	49963	30000	2845.46	18.2083	195.874	0.812233
6218345	50016	30000	2859.88	18.1667	214.525	0.942809
6224076	50070	30000	2822.88	18.125	166.055	0.661438
6228940	50123	30000	2853.67	18.125	165.766	0.661438
6236615	50177	30000	2842.83	18.1667	198.938	0.942809
6243152	50231	30000	2851.67	18.25	163.439	1.04083
6252161	50284	30000	2828.46	18.0833	194.283	0.552771
6262266	50338	30000	2826.42	18.2083	194.528	0.996522
6272067	50391	30000	2832.96	18.1667	206.502	0.942809
6277919	50445	30000	2836.62	18.1667	205.81	0.942809
6284744	50498	30000	2822.79	18.1667	179.398	0.745356
6289374	50552	30000	2828.67	18.125	165.11	0.661438
6297099	50605	30000	2823.21	18.125	160.665	0.661438
6304016	50659	30000	2825.75	18.1667	174.352	0.942809
6314794	50713	30000	2810.42	18.2083	155.734	0.812233
6323465	50766	30000	2818.75	18.2917	173.58	0.909059
6332786	50820	30000	2821.21	18.2083	173.405	0.812233
6341537	50873	30000	2812.33	18.125	155.99	0.661438
6355646	50927	30000	2790.88	18.25	170.697	0.866025
6361624	50980	30000	2812.25	18.3333	189.205	0.942809
6368804	51034	30000	2793.29	18.2917	187.033	0.909059
6376609	51087	30000	2800.67	18.125	166.823	0.661438
6385958	51141	30000	2798.42	18.3333	183.111	0.942809
6393104	51194	30000	2797.25	18.25	172.919	1.04083
6399209	51248	30000	2796.96	18.4167	173.668	0.986013
6405406	51302	30000	2791.42	18.1667	156.955	0.942809
6415141	51355	30000	2790.25	18.3333	177.474	0.942809
6424810	51409	30000	2814.92	18.1667	177.568	0.745356
6430882	51462	30000	2792.29	18.25	174.2	0.866025
6449235	51516	30000	2771.33	18.4167	181.966	0.986013
6455970	51569	30000	2792.5	18.2917	149.023	0.909059
6462926	51623	30000	2765.46	18.2083	200.449	0.812233
6472201	51676	30000	2782.92	18.375	172.514	0.968246
6478424	51730	30000	2786.12	18.3333	168.015	0.942809
6487457	51784	30000	2788.83	18.1667	187.591	0.745356
6502889	51837	30000	2757.42	18.3333	204.145	0.942809
6508440	51891	30000	2764.67	18.25	165.268	0.866025
6515134	51944	30000	2758.79	18.2917	181.19	0.909059
6522917	51998	30000	2772.17	18.25	230.444	1.04083
6536713	52051	30000	2772.08	18.375	160.216	0.968246
6542266	52105	30000	2751.88	18.375	168.144	0.968246
6555411	52158	30000	2763.62	18.2083	173.8	0.812233
6569548	52212	30000	2740.21	18.375	160.356	0.968246
6583827	52265	30000	2759.79	18.3333	165.629	0.942809
6591199	52319	30000	2748.46	18.375	157.918	0.968246
6601553	52373	30000	2746.42	18.4583	183.307	0.996522
6609039	52426	30000	2739.88	18.5	170.62	1
6616996	52480	30000	2741.42	18.2917	173.73	0.909059
6623201	52533	30000	2726.71	18.4583	190.811	1.15169
6639681	52587	30000	2752.33	18.25	136.516	0.866025
6645728	52640	30000	2750.75	18.375	178.609	0.968246
6656063	52694	30000	2750.21	18.4583	181.764	0.996522
6665085	52747	30000	2740.17	18.25	148.866	0.866025
6677295	52801	30000	2739.96	18.25	184.449	0.866025
6687657	52855	30000	2730.25	18.5417	201.309	0.996522
6694784	52908	30000	2733.08	18.4583	156.005	1.15169
6701734	52962	30000	2716.88	18.4167	169.394	0.986013
6712766	53015	30000	2722.17	18.4583	185.255	0.996522
6719263	53069	30000	2719.67	18.5417	154.087	0.996522
6724759	53122	30000	2719.33	18.4167	180.81	0.986013
6739027	53176	30000	2704.38	18.375	212.467	0.968246
6747747	53229	30000	2723.33	18.4167	202.756	1.14261
6756366	53283	30000	2728.58	18.375	213.688	0.968246
6764577	53337	30000	2721.75	18.5	192.513	1
6785684	53390	30000	2684.58	18.5833	157.049	0.986013
6796193	53444	30000	2690.08	18.6667	142.07	0.942809
6807198	53497	30000	2693.5	18.375	165.512	0.968246
6816118	53551	30000	2693.54	18.4167	138.902	0.986013
6827189	53604	30000	2686.79	18.4167	168.359	0.986013
6834376	53658	30000	2685.62	18.6667	181.579	0.942809
6845856	53711	30000	2697.54	18.6667	173.242	0.942809
6852421	53765	30000	2686.46	18.5833	170.803	0.986013
6872265	53818	30000	2689.46	18.5833	165.167	0.986013
6886080	53872	30000	2673.92	18.625	121.005	0.968246
6897238	53926	30000	2680.92	18.6667	180.837	0.942809
6906778	53979	30000	2683.79	18.5833	158.892	0.986013
6919712	54033	30000	2662.67	18.5417	162.481	0.996522
6927945	54086	30000	2667.17	18.7083	195.489	0.909059
6942018	54140	30000	2654.38	18.6667	183.926	0.942809
6948656	54193	30000	2662.5	18.5833	195.078	0.986013
6957124	54247	30000	2652.96	18.625	176.205	0.968246
6965000	54300	30000	2649.29	18.5417	178.489	0.996522
6984495	54354	30000	2664.25	18.7083	176.697	0.909059
6992935	54408	30000	2643.38	18.6667	186.208	0.942809
7000000	54461	30000	2647.92	18.6667	167.277	0.942809
7012104	54515	30000	2653.83	18.625	156.94	0.968246
7021112	54568	30000	2646.88	18.5833	180.246	0.986013
7027817	54622	30000	2645.46	18.7083	193.005	0.909059
7046569	54675	30000	2641.96	18.7083	163.251	0.909059
7059112	54729	30000	2645.92	18.75	182.77	0.866025
7071796	54782	30000	2623.08	18.75	186.981	0.866025
7082117	54836	30000	2613.83	18.6667	204.953	0.942809
7102504	54890	30000	2625.71	18.7083	181.225	0.909059
