population	links	tests	detected	time	error	time_error
20876	177	2400000	117861	17.151	1412.96	9.75972
23878	213	2400000	108557	17.4479	1308.7	9.65963
26941	249	2400000	98859.4	17.776	1212.03	9.65123
27055	284	2400000	98585.5	17.7917	1225.99	9.63909
27170	320	2400000	98250.4	17.7865	1254.07	9.64176
27272	355	2400000	97980.8	17.8073	1219.13	9.62892
27361	391	2400000	97728.5	17.8125	1198.89	9.6511
27953	426	2400000	97517.1	17.8281	1207.96	9.4225
29046	462	2400000	95392.4	17.9531	1194.37	9.42171
29766	498	2400000	93618.7	18.0365	1170.93	9.39424
30757	533	2400000	92563.9	18.0208	1184.21	9.03949
45890	569	2400000	72348.7	19.1094	993.257	8.53958
49502	604	2400000	74918.6	18.776	959.998	7.23389
50258	640	2400000	74972.2	18.7812	913.023	7.07086
59243	675	2400000	80510.4	18.526	922.737	5.86956
60589	711	2400000	79889.4	18.5885	931.257	5.82272
61567	747	2400000	79366.5	18.6146	959.891	5.79341
62327	782	2400000	78721.3	18.6354	937.408	5.78477
62899	818	2400000	78190.4	18.6823	919.108	5.88616
63895	853	2400000	77748.4	18.7083	926.19	5.79373
64993	889	2400000	77098.1	18.7344	904.064	5.80371
66147	924	2400000	76431.3	18.7448	932.39	5.83987
68548	960	2400000	77055.4	18.8073	861.904	5.69657
74201	996	2400000	75709.5	18.9479	890.511	5.46645
80954	1031	2400000	72101.5	19.2552	794.786	5.41314
86394	1067	2400000	69698.1	19.401	799.229	5.39764
89994	1102	2400000	68066.2	19.5208	786.629	5.47456
91647	1138	2400000	67747.3	19.5625	792.078	5.39603
94555	1173	2400000	67043.3	19.625	816.896	5.38071
96660	1209	2400000	66274.5	19.6823	712.435	5.36324
97798	1245	2400000	65965.8	19.6979	709.769	5.35738
99741	1280	2400000	65194.4	19.776	707.184	5.38512
100646	1316	2400000	64750.1	19.8385	713.492	5.37884
102215	1351	2400000	64140.3	19.8802	734.05	5.42745
103043	1387	2400000	63802.5	19.8698	799.203	5.31099
117402	1422	2400000	60618.5	20.1667	693.181	5.22156
125510	1458	2400000	60721.1	20.2031	697.71	5.07861
133042	1494	2400000	60411.5	20.2292	685.235	5.1195
136452	1529	2400000	61271.7	20.1458	668.655	4.9405
141397	1565	2400000	61009	20.1823	672.658	4.97018
145615	1600	2400000	60143.3	20.276	664.199	4.97772
148753	1636	2400000	59502.7	20.3542	664.484	4.92427
152977	1671	2400000	58522.6	20.4219	713.002	4.98667
155414	1707	2400000	57826.1	20.4844	669.493	4.88354
158059	1743	2400000	57229.2	20.5729	659.975	4.91423
161105	1778	2400000	56608.8	20.6458	656.093	4.9202
165376	1814	2400000	55787.6	20.7135	708.487	4.9107
169803	1849	2400000	55397.5	20.8073	662.732	4.89973
172680	1885	2400000	54985.8	20.8854	605.83	4.80824
178321	1920	2400000	54141.2	20.9792	677.677	4.90391
183619	1956	2400000	53387.7	21.0729	654.932	4.87745
187768	1992	2400000	52940.5	21.1146	623.255	4.8538
189906	2027	2400000	52614.5	21.1198	649.925	4.93711
190803	2063	2400000	52494.3	21.1875	662.726	4.92698
192218	2098	2400000	52420.9	21.1823	619.826	4.89718
194864	2134	2400000	52153.6	21.2031	618.554	4.93069
198534	2169	2400000	51940.1	21.2656	639.12	4.94361
205707	2205	2400000	50914.5	21.401	590.894	4.95708
210041	2241	2400000	50535.9	21.4375	611.866	4.89029
213809	2276	2400000	49964.3	21.4948	558.766	4.95683
217390	2312	2400000	49349.7	21.5938	648.65	4.92101
220011	2347	2400000	49176.9	21.599	600.26	4.94496
224009	2383	2400000	48721.9	21.6875	652.799	4.92698
227513	2419	2400000	48339.9	21.7344	619.648	4.79986
231873	2454	2400000	47931	21.7917	584.924	4.75423
235928	2490	2400000	48121.4	21.8021	598.989	4.71793
242890	2525	2400000	48270	21.8906	598.855	4.6285
246907	2561	2400000	48180.4	21.901	628.421	4.54213
255202	2596	2400000	47452.2	21.9479	580.298	4.59983
262060	2632	2400000	46812.8	22.026	593.852	4.58543
264726	2668	2400000	46790.6	22.0052	558.615	4.54186
265989	2703	2400000	46838.2	22.0156	590.63	4.53736
267646	2739	2400000	46879.7	22.0365	616.298	4.50148
269899	2774	2400000	47094.2	22.0052	595.644	4.53304
271267	2810	2400000	47163.3	22.0469	612.964	4.47883
274266	2845	2400000	47298.5	22.0625	617.442	4.43996
276593	2881	2400000	47224.2	22.0625	605.426	4.54682
278542	2917	2400000	47207.8	22.0677	561.117	4.41481
280218	2952	2400000	47093.8	22.0625	612.764	4.52034
282242	2988	2400000	47142.5	22.0573	589.757	4.41084
283488	3023	2400000	47110.6	22.0677	598.557	4.35549
285035	3059	2400000	47204.3	22.0729	559.801	4.36664
285917	3094	2400000	47239.6	22.0833	617.936	4.39788
287322	3130	2400000	47388.3	22.0781	598.151	4.24783
290207	3166	2400000	47890.3	21.9948	563.956	4.04805
291308	3201	2400000	47925.2	22	567.805	4.07516
291919	3237	2400000	47876.3	21.9948	574.568	4.09718
293140	3272	2400000	48033.5	22.0156	557.272	4.09708
293832	3308	2400000	47983.9	21.974	555.516	4.07238
294290	3343	2400000	48006.8	22	577.438	4.10451
295830	3379	2400000	48159.2	22.0365	573.714	4.10633
296483	3415	2400000	48209.6	21.9792	599.797	4.10431
297033	3450	2400000	48228.1	21.9844	580.245	4.02813
297792	3486	2400000	48190.6	22.0312	593.11	4.06978
299405	3521	2400000	48321.3	22.0156	570.965	4.10683
301209	3557	2400000	48490.4	22.0208	587.509	4.01061
304636	3592	2400000	48779.4	22.0052	598.965	4.00831
314708	3628	2400000	48492.3	22.0677	601.929	3.99112
323748	3664	2400000	48151.4	22.1667	558.398	3.95219
328722	3699	2400000	47863.3	22.2604	645.023	3.9225
333571	3735	2400000	47857.3	22.2448	563.348	3.87249
339692	3770	2400000	47375.4	22.3385	571.344	3.90721
345252	3806	2400000	46968.3	22.3906	634.18	3.81577
350742	3841	2400000	46900.9	22.4167	586.366	3.79728
356041	3877	2400000	47233.4	22.3542	584.591	3.71538
358380	3913	2400000	47177.6	22.3906	577.994	3.75765
361338	3948	2400000	47050.2	22.3958	615.722	3.76354
363928	3984	2400000	47071.6	22.401	550.411	3.71054
366477	4019	2400000	47097.1	22.4583	611.027	3.70392
369445	4055	2400000	47072.7	22.474	580.338	3.6828
372193	4090	2400000	46945	22.4948	553.582	3.70481
375318	4126	2400000	46825.6	22.5052	551.567	3.73171
378811	4162	2400000	46757.7	22.5208	574.7	3.73686
385012	4197	2400000	46862.5	22.5677	561.977	3.65896
388494	4233	2400000	46767.7	22.599	563.085	3.69974
392113	4268	2400000	46712.5	22.5833	533.093	3.67953
397365	4304	2400000	47131.5	22.6302	588.566	3.68518
400972	4339	2400000	47639.9	22.6042	584.055	3.68836
404069	4375	2400000	47772.7	22.6094	579.737	3.66601
406492	4411	2400000	47828.8	22.6302	527.023	3.60282
408791	4446	2400000	47869.5	22.5938	573.063	3.62929
410242	4482	2400000	47808.8	22.6198	553.593	3.68654
412469	4517	2400000	47905.7	22.6458	528.642	3.6666
415056	4553	2400000	47894.4	22.6458	559.891	3.63371
417144	4588	2400000	48084.3	22.6615	600.304	3.64766
419827	4624	2400000	48040.3	22.6719	558.443	3.69489
424758	4660	2400000	47921.7	22.6979	559.203	3.59095
429015	4695	2400000	47999.7	22.6979	568.037	3.57979
432075	4731	2400000	48053.8	22.6719	583.366	3.5961
440783	4766	2400000	48303.4	22.6823	573.842	3.58298
445573	4802	2400000	48932.4	22.5885	519.086	3.47778
450811	4838	2400000	49398.1	22.5625	544.37	3.35704
454400	4873	2400000	49701.8	22.5469	529.009	3.39358
458209	4909	2400000	49642.8	22.5312	602.388	3.34079
462604	4944	2400000	49464.8	22.6094	589.135	3.35242
467067	4980	2400000	49303.9	22.6198	528.131	3.32709
471395	5015	2400000	49096.2	22.6719	528.001	3.30017
478025	5051	2400000	49318.2	22.599	586.339	3.35367
483918	5087	2400000	49640.2	22.5365	601.734	3.14945
488418	5122	2400000	50127.9	22.4479	545.852	3.22396
492109	5158	2400000	50519	22.375	558.589	3.02387
496150	5193	2400000	50780.8	22.3438	544.013	3.07086
500921	5229	2400000	51075.9	22.2708	604.885	3.07283
505308	5264	2400000	51221.5	22.2656	555.346	2.88314
508683	5300	2400000	51056.7	22.2917	558.604	2.97943
515252	5336	2400000	50699.1	22.3698	583.702	2.94933
518250	5371	2400000	50542.4	22.4167	534.137	3.01614
521394	5407	2400000	50456.8	22.3854	547.329	2.99889
525517	5442	2400000	50342.3	22.4062	563.297	2.96815
528863	5478	2400000	50211.3	22.4323	560.347	3.08324
532095	5513	2400000	50219.9	22.5052	537.649	3.03376
534707	5549	2400000	50199.9	22.4896	601.824	3.02711
538948	5585	2400000	50017.9	22.5156	534.653	2.9871
541391	5620	2400000	49956.4	22.5	565.895	2.98055
544556	5656	2400000	49942.7	22.526	574.558	3.00685
559711	5691	2400000	49150.5	22.6302	559.204	2.96961
562978	5727	2400000	49060.7	22.6615	568.348	2.92976
567102	5762	2400000	48913	22.6875	575.221	3.0576
570377	5798	2400000	48816.6	22.7708	582.183	2.99367
577553	5834	2400000	48475.6	22.75	555.34	2.99395
589082	5869	2400000	47840	22.8281	528.336	3.00505
594214	5905	2400000	47573.5	22.8958	518.462	3.0401
598248	5940	2400000	47464.6	22.8958	543.062	3.0269
602842	5976	2400000	47290.8	22.9427	546.307	2.9885
607702	6011	2400000	47139.9	22.9375	541.255	3.01808
611435	6047	2400000	47055.4	22.9844	534.873	2.99045
618023	6083	2400000	46703.3	23.0052	487.377	3.03047
621007	6118	2400000	46584.2	23.0365	546.837	3.04282
628012	6154	2400000	46335.4	23.0677	536.724	3.03418
630150	6189	2400000	46246.8	23.0469	549.539	3.0554
632663	6225	2400000	46207	23.0521	543.067	3.0714
635766	6260	2400000	46108.2	23.0833	531.919	3.06223
640132	6296	2400000	46021.2	23.0938	546.66	3.0676
643887	6332	2400000	45912.9	23.1458	558.372	3.0269
647792	6367	2400000	45758	23.1562	556.452	2.91029
651315	6403	2400000	45666.4	23.1615	498.723	3.09902
654411	6438	2400000	45563.4	23.1719	551.86	2.94452
657083	6474	2400000	45507.2	23.2083	533.385	2.95922
660042	6509	2400000	45392.8	23.1979	523.497	2.9552
663510	6545	2400000	45342.3	23.2031	557.16	3.05048
666418	6581	2400000	45329.1	23.224	535.268	2.97844
675297	6616	2400000	45112.1	23.2708	531.913	3.00701
679768	6652	2400000	45053.8	23.3021	561.983	3.00888
682786	6687	2400000	45095.6	23.3021	528.199	2.97544
685358	6723	2400000	45044.2	23.3021	552.654	2.98216
688894	6758	2400000	44970.9	23.3125	552.129	2.97804
691823	6794	2400000	44907.4	23.3698	527.816	2.92206
697776	6830	2400000	44880.9	23.3646	507.725	2.92799
702559	6865	2400000	44807.8	23.4115	551.531	2.94848
706005	6901	2400000	44716	23.4115	528.972	2.91435
714391	6936	2400000	44474.1	23.4531	550.22	3.01917
719467	6972	2400000	44382.2	23.5	532.502	2.98055
728093	7007	2400000	44335.9	23.5625	535.179	2.97804
735469	7043	2400000	44173.9	23.5729	533.393	2.99722
742123	7079	2400000	44068.3	23.6042	568.789	2.98698
747334	7114	2400000	44012.5	23.651	550.754	3.03253
752813	7150	2400000	43956.4	23.6719	539.359	3.04145
757330	7185	2400000	43850.7	23.7188	547.612	2.96309
765620	7221	2400000	43563.1	23.724	524.413	2.96834
771679	7257	2400000	43419.9	23.7396	519.901	2.94333
777708	7292	2400000	43244.1	23.8229	570.42	3.02711
785939	7328	2400000	43045.3	23.8229	559.05	3.02049
792971	7363	2400000	42809.4	23.8646	568.045	3.05507
801702	7399	2400000	42551.4	23.901	503.2	2.9776
807138	7434	2400000	42513	23.9427	519.101	3.06779
813152	7470	2400000	42427.6	23.9323	564.4	2.98096
819403	7506	2400000	42357.3	23.9531	522.582	2.94876
828172	7541	2400000	42097.2	23.974	574.169	3.0498
831617	7577	2400000	42090.7	24.0365	531.64	2.96961
838766	7612	2400000	42040.2	24.0573	551.571	2.94126
843236	7648	2400000	42261.7	24.0156	563.482	2.95003
847683	7683	2400000	42474.7	23.9896	536.489	2.83601
851406	7719	2400000	42732.4	23.9948	574.122	2.97718
854780	7755	2400000	42908.7	23.875	573.336	2.87462
857849	7790	2400000	42848.6	23.9531	517.637	2.91464
861753	7826	2400000	42753.4	23.9948	569.466	2.89541
867190	7861	2400000	42616	24	515.634	2.93319
871528	7897	2400000	42523.3	24	579.058	2.93319
876178	7932	2400000	42481.3	24.0365	531.995	2.98305
881421	7968	2400000	42411.5	24.0625	561.845	2.93745
887211	8004	2400000	42289.3	24.0885	552.701	2.93828
891517	8039	2400000	42308.8	24.1146	565.996	2.93141
894879	8075	2400000	42255.1	24.0938	552.374	2.89996
898043	8110	2400000	42197.5	24.1458	552.556	2.87781
902382	8146	2400000	42110.5	24.1354	547.102	2.9143
908493	8181	2400000	42128.7	24.1667	501.839	2.84547
912356	8217	2400000	42117.5	24.1823	506.73	2.91478
917158	8253	2400000	42111.6	24.1927	532.716	3.03335
919687	8288	2400000	42072	24.1979	512.066	2.92115
923631	8324	2400000	41996.2	24.2083	535.578	2.88389
927270	8359	2400000	42005.4	24.2188	543.192	2.90168
931029	8395	2400000	41955.2	24.2396	509.472	2.83953
933925	8430	2400000	41876.5	24.276	551.297	2.92762
937162	8466	2400000	41891	24.2552	479.192	2.90059
941334	8502	2400000	41964.7	24.2865	503.805	2.85452
946635	8537	2400000	41843.6	24.276	547.6	2.87938
950071	8573	2400000	41846.8	24.3021	561.27	2.87976
953530	8608	2400000	42030.9	24.3021	523.116	2.89363
957642	8644	2400000	42187.3	24.2917	515.348	2.863
961350	8679	2400000	42131.2	24.3021	553.612	2.90053
966536	8715	2400000	42055.6	24.3177	553.658	2.88372
970690	8751	2400000	42014.4	24.375	526.699	2.83961
977407	8786	2400000	41966.4	24.3542	544.714	2.87085
980882	8822	2400000	41919.4	24.375	514.314	2.85366
984836	8857	2400000	41852.5	24.3854	538.556	2.93823
987844	8893	2400000	41818.7	24.3906	548.931	2.90475
991853	8928	2400000	41836	24.4167	541.126	2.90118
995762	8964	2400000	41829.6	24.401	505.034	2.85058
998003	9000	2400000	41867.8	24.3854	551.894	2.82717
1002147	9035	2400000	41831	24.4479	507.642	2.90398
1006385	9071	2400000	41830.8	24.474	544.677	2.89152
1008501	9106	2400000	41827.7	24.4583	551.809	2.90463
1012014	9142	2400000	41854.6	24.4792	548.719	3.00701
1014096	9177	2400000	41871.8	24.4688	555.647	2.87048
1016988	9213	2400000	41927.4	24.4375	595.608	2.90319
1020431	9249	2400000	41980.9	24.4635	524.739	2.82103
1024523	9284	2400000	42162.8	24.4635	537.394	2.81393
1028954	9320	2400000	42396.6	24.4427	501.917	2.79117
1034079	9355	2400000	42749.8	24.3906	564.226	2.76356
1037296	9391	2400000	42873.4	24.349	532.617	2.74145
1041006	9426	2400000	43096.2	24.3646	513.569	2.79515
1044542	9462	2400000	43220.3	24.3385	543.536	2.67261
1048416	9498	2400000	43300.3	24.3385	529.856	2.70239
1052365	9533	2400000	43259.7	24.3385	571.782	2.70979
1055265	9569	2400000	43243.5	24.3594	545.338	2.70686
1058358	9604	2400000	43182.2	24.3646	535.279	2.64055
1066878	9640	2400000	43007.1	24.3906	557.934	2.70502
1071368	9676	2400000	43022.3	24.401	549.751	2.74327
1077384	9711	2400000	42921	24.4479	552.232	2.75549
1080811	9747	2400000	42856.4	24.4635	564.218	2.7346
1085244	9782	2400000	42830.4	24.5104	540.943	2.78618
1093732	9818	2400000	42724	24.5365	570.401	2.70517
1097366	9853	2400000	42706.5	24.5417	552.218	2.72698
1110209	9889	2400000	42491.1	24.5938	549.503	2.80883
1113406	9925	2400000	42511.7	24.6198	535.19	2.79072
1118331	9960	2400000	42483.8	24.6042	538.863	2.74253
1123768	9996	2400000	42373.7	24.6302	533.896	2.77455
1128451	10031	2400000	42309.9	24.651	556.04	2.7121
1133937	10067	2400000	42200.3	24.6771	498.947	2.77899
1138375	10102	2400000	42142.8	24.6615	561.963	2.71716
1145124	10138	2400000	42041.7	24.6667	501.514	2.75254
1149934	10174	2400000	42004.1	24.7188	556.196	2.7385
1157044	10209	2400000	41989	24.7188	533.512	2.78199
1161345	10245	2400000	41908.4	24.7344	532.84	2.74813
1164872	10280	2400000	41852.5	24.7812	534.836	2.75307
1168615	10316	2400000	41770.9	24.7448	516.982	2.74464
1174862	10351	2400000	41713.4	24.75	523.819	2.75012
1178155	10387	2400000	41638.4	24.8021	561.15	2.80229
1184157	10423	2400000	41550	24.8385	555.913	2.76461
1190254	10458	2400000	41475.5	24.8385	507.622	2.71348
1194320	10494	2400000	41451	24.8333	597.648	2.75254
1204932	10529	2400000	41414.6	24.8802	529.608	2.6922
1209420	10565	2400000	41322.7	24.875	569.721	2.68757
1213575	10600	2400000	41251	24.875	518.342	2.68011
1218715	10636	2400000	41202	24.9323	540.798	2.72864
1221793	10672	2400000	41187.5	24.9375	540.736	2.70334
1225458	10707	2400000	41131.8	24.9219	552.938	2.69807
1228791	10743	2400000	41080.1	24.9271	564.978	2.68003
1235778	10778	2400000	40960.3	24.9635	540.714	2.69405
1239801	10814	2400000	40959.1	24.9635	529.072	2.67916
1244690	10849	2400000	40866.6	25.0052	533.971	2.68755
1247880	10885	2400000	40880.5	25.026	575.328	2.70933
1251359	10921	2400000	40822.6	24.9635	532.433	2.64155
1255807	10956	2400000	40767.9	24.9844	540.34	2.65744
1260373	10992	2400000	40712.9	25.0729	510.115	2.68003
1263706	11027	2400000	40669.8	25.0938	546.104	2.62471
1267805	11063	2400000	40612.3	25.0781	527.595	2.69807
1270969	11098	2400000	40581.5	25.0781	547.23	2.63808
1274193	11134	2400000	40554.4	25.099	534.045	2.71762
1278467	11170	2400000	40462.4	25.1406	546.057	2.6659
1282684	11205	2400000	40416.8	25.1146	588.789	2.61389
1285523	11241	2400000	40416.1	25.1458	531.687	2.6984
1288633	11276	2400000	40384.2	25.1406	544.591	2.65838
1295445	11312	2400000	40281.7	25.1302	552.197	2.69776
1299538	11347	2400000	40255.5	25.125	533.809	2.72454
1305292	11383	2400000	40174.5	25.2083	537.172	2.6526
1308594	11419	2400000	40135.2	25.224	524.88	2.68894
1312933	11454	2400000	40088.8	25.2135	562.646	2.63966
1315810	11490	2400000	40047.3	25.1615	591.633	2.65383
1321390	11525	2400000	39973.6	25.2344	522.368	2.70039
1325455	11561	2400000	39894.3	25.25	536.343	2.67638
1330945	11596	2400000	39849.2	25.2812	542.143	2.67193
1334884	11632	2400000	39815.9	25.2812	546.051	2.6943
1338454	11668	2400000	39742.7	25.2969	538.141	2.7064
1341247	11703	2400000	39749.5	25.3125	564.878	2.68104
1346873	11739	2400000	39645.5	25.3177	532.181	2.68987
1351825	11774	2400000	39632.1	25.3073	546.592	2.65713
1357136	11810	2400000	39675.8	25.3125	517.3	2.70334
1361807	11845	2400000	39616	25.3281	549.408	2.71471
1373173	11881	2400000	39416.4	25.3906	581.186	2.69761
1375885	11917	2400000	39409.4	25.4167	541.554	2.66389
1378753	11952	2400000	39359.4	25.3802	501.954	2.79072
1384953	11988	2400000	39291	25.3906	536.614	2.70502
1389215	12023	2400000	39248.2	25.4323	495.458	2.67308
1395223	12059	2400000	39200.2	25.4531	579.223	2.70455
1406348	12095	2400000	39013.6	25.5	531.082	2.78626
1409064	12130	2400000	38976.6	25.5052	532.856	2.76461
1414418	12166	2400000	38906.4	25.5156	521.114	2.76446
1423382	12201	2400000	38773.7	25.5312	555.015	2.77839
1428332	12237	2400000	38705.1	25.5312	553.216	2.72017
1433821	12272	2400000	38594.3	25.599	550.384	2.80101
1437903	12308	2400000	38545.1	25.6094	585.042	2.67527
1440866	12344	2400000	38546.8	25.5938	535.675	2.70727
1445456	12379	2400000	38487.9	25.6094	576.19	2.82797
1449193	12415	2400000	38432.9	25.6094	551.989	2.73444
1451284	12450	2400000	38464.4	25.6042	524.73	2.76433
1454916	12486	2400000	38432.1	25.6302	546.446	2.76732
1456772	12521	2400000	38379.2	25.6146	552.467	2.76998
1459668	12557	2400000	38386	25.6302	569.289	2.73093
1463369	12593	2400000	38338.3	25.6615	538.406	2.76823
1466259	12628	2400000	38292.4	25.6719	563.746	2.70733
1469085	12664	2400000	38251.8	25.7135	562.82	2.79788
1472014	12699	2400000	38243.3	25.6875	545.55	2.75466
1474935	12735	2400000	38190.9	25.6927	521.981	2.84619
1477394	12770	2400000	38224.4	25.6927	513.398	2.746
1481386	12806	2400000	38206	25.6979	512.357	2.74458
1484704	12842	2400000	38168.4	25.7135	520.826	2.79072
1488069	12877	2400000	38115.9	25.7083	556.498	2.80653
1496246	12913	2400000	37992.6	25.7448	534.416	2.80948
1498635	12948	2400000	37940	25.7708	519.23	2.75708
1501543	12984	2400000	37963.8	25.7292	553.812	2.72055
1504391	13019	2400000	37948.7	25.7917	499.233	2.6826
1508645	13055	2400000	37904.4	25.7396	524.408	2.70973
1516068	13091	2400000	37848.4	25.7448	552.054	2.83077
1518331	13126	2400000	37811.2	25.7917	514.379	2.72698
1522101	13162	2400000	37761.1	25.7969	539.306	2.74676
1523251	13197	2400000	37769.9	25.8229	561.458	2.74276
1525119	13233	2400000	37738.2	25.7969	561.958	2.75404
1527725	13268	2400000	37746.7	25.849	550.824	2.67869
1529846	13304	2400000	37707.8	25.8281	547.831	2.70363
1536584	13340	2400000	37865	25.7969	519.799	2.7027
1539720	13375	2400000	37831.8	25.8542	564.711	2.6984
1542588	13411	2400000	37819.6	25.8125	532.768	2.78356
1545372	13446	2400000	37770.2	25.8333	533.53	2.75254
1548558	13482	2400000	37762.9	25.8646	506.573	2.70049
1552599	13517	2400000	37727.1	25.8594	565.066	2.70317
1555354	13553	2400000	37716.4	25.8958	529.778	2.7279
1557355	13589	2400000	37665.2	25.8906	509.871	2.73078
1563681	13624	2400000	37621.6	25.8958	517.26	2.72055
1566036	13660	2400000	37603.2	25.9062	561.665	2.72201
1571569	13695	2400000	37561.9	25.8958	509.925	2.67606
1574207	13731	2400000	37493.5	25.9167	536.791	2.70858
1576354	13766	2400000	37474.8	25.9219	540.954	2.67573
1578222	13802	2400000	37464.5	25.9115	548.116	2.74828
1580326	13838	2400000	37439.2	25.9167	520.65	2.72331
1581711	13873	2400000	37474.8	25.9531	529.415	2.66355
1585447	13909	2400000	37433.8	25.9583	528.398	2.6526
1587685	13944	2400000	37433.4	25.9271	538.493	2.7171
1589683	13980	2400000	37402.1	25.9479	512.742	2.74822
1591863	14015	2400000	37398.2	25.9635	571.934	2.68662
1595820	14051	2400000	37351.9	25.9792	526.701	2.74982
1598137	14087	2400000	37334.9	25.9844	494.517	2.62715
1601383	14122	2400000	37288.8	25.9792	562.451	2.61557
1606351	14158	2400000	37269.2	26.0052	525.471	2.6576
1608504	14193	2400000	37245.9	26.0052	526.362	2.69498
1610885	14229	2400000	37237.1	26.026	516.774	2.72406
1616448	14264	2400000	37183.9	26.0312	544.603	2.70542
1619781	14300	2400000	37169.8	26.0208	550.262	2.60022
1622968	14336	2400000	37194.9	26.0625	525.011	2.70334
1629441	14371	2400000	37198.8	26.0781	563.806	2.74221
1632059	14407	2400000	37166.3	26.0625	540.336	2.75466
1635902	14442	2400000	37126	26.0885	514.852	2.68196
1638068	14478	2400000	37123	26.0833	554.377	2.66389
1641849	14514	2400000	37098.1	26.0885	539.473	2.70425
1648899	14549	2400000	37113.2	26.1146	522.852	2.60623
1651404	14585	2400000	37097.2	26.1615	520.22	2.57734
1655721	14620	2400000	37037.4	26.1198	567.308	2.67729
1661369	14656	2400000	37073.8	26.1042	519.909	2.67606
1667706	14691	2400000	37137.3	26.1406	528.533	2.65085
1670486	14727	2400000	37123.3	26.1146	554.353	2.74822
1679456	14763	2400000	37114.6	26.1771	540.623	2.6763
1688388	14798	2400000	37167.2	26.2083	544.787	2.70488
1692012	14834	2400000	37214.6	26.224	521.169	2.74053
1694471	14869	2400000	37224.5	26.224	546.093	2.71117
1697664	14905	2400000	37313.9	26.1927	533.34	2.66089
1700793	14940	2400000	37399.5	26.1875	540.988	2.7181
1703324	14976	2400000	37465.5	26.1875	528.577	2.65856
1714027	15012	2400000	37680.5	26.2188	542.497	2.64937
1718448	15047	2400000	37734.8	26.25	559.618	2.66138
1725499	15083	2400000	37680	26.2292	535.454	2.72055
1727819	15118	2400000	37685.9	26.2917	573.437	2.74162
1730674	15154	2400000	37675.5	26.2448	533.06	2.75555
1737000	15189	2400000	37608.7	26.25	520.256	2.66138
1739922	15225	2400000	37599.4	26.2865	576.709	2.70332
1742441	15261	2400000	37591.5	26.2708	501.127	2.70581
1745171	15296	2400000	37604.8	26.3021	545.072	2.66318
1748866	15332	2400000	37600.7	26.276	570.308	2.77319
1751476	15367	2400000	37629	26.276	539.084	2.76597
1758073	15403	2400000	37668.3	26.2708	511.952	2.71319
1761765	15438	2400000	37740.3	26.3385	556.928	2.70239
1765014	15474	2400000	37762.2	26.3073	537.502	2.66465
1767920	15510	2400000	37802.5	26.3333	570.561	2.64126
1771840	15545	2400000	37908.1	26.3177	563.444	2.60677
1776382	15581	2400000	37956.8	26.3333	518.198	2.70118
1786539	15616	2400000	37897.3	26.3646	549.22	2.71526
1789507	15652	2400000	37931.2	26.349	561.29	2.62207
1792727	15687	2400000	37968.7	26.3542	525.205	2.73522
1795535	15723	2400000	37942.6	26.3646	557.265	2.66318
1798868	15759	2400000	38038.6	26.3333	570.003	2.70118
1802247	15794	2400000	38103.3	26.375	521.696	2.73187
1805056	15830	2400000	38126.3	26.401	544.549	2.68429
1809415	15865	2400000	38136.1	26.3802	569.431	2.7619
1815104	15901	2400000	38202.9	26.3698	520.333	2.54118
1819625	15936	2400000	38234	26.3906	506.596	2.63001
1822302	15972	2400000	38216.1	26.3594	547.643	2.67713
1826918	16008	2400000	38248.9	26.3854	529.691	2.66694
1830747	16043	2400000	38255.7	26.4323	539.715	2.71762
1833503	16079	2400000	38288.8	26.4167	497.868	2.73797
1838004	16114	2400000	38288	26.3906	555.744	2.66027
1844243	16150	2400000	38281	26.4427	479.965	2.67402
1848277	16185	2400000	38364.4	26.4323	529.62	2.68056
1854719	16221	2400000	38392.6	26.4531	551.391	2.65226
1858678	16257	2400000	38484.6	26.4375	519.265	2.69593
1862538	16292	2400000	38582.2	26.4479	571.975	2.67443
1866827	16328	2400000	38642.4	26.4323	527.827	2.68056
1872143	16363	2400000	38676	26.4375	592.781	2.7181
1880043	16399	2400000	38610.9	26.4635	578.416	2.65289
1883766	16434	2400000	38619.8	26.4844	543.479	2.66121
1886925	16470	2400000	38573.5	26.5312	568.399	2.63042
1890137	16506	2400000	38561.1	26.5156	576.909	2.69111
1895678	16541	2400000	38489.4	26.5	533.167	2.65385
1899872	16577	2400000	38484.9	26.5156	504.068	2.69854
1902684	16612	2400000	38481.7	26.4896	559.281	2.65377
1905224	16648	2400000	38439	26.5104	565.405	2.63865
1907580	16683	2400000	38409.5	26.5052	524.326	2.60052
1911714	16719	2400000	38398.4	26.5156	517.408	2.64613
1914148	16755	2400000	38365.6	26.5521	540.401	2.65189
1916576	16790	2400000	38346.6	26.5417	562.256	2.6826
1919054	16826	2400000	38308.8	26.5677	558.99	2.62779
1922359	16861	2400000	38300.6	26.5417	564.571	2.70488
1926061	16897	2400000	38292.6	26.5573	555.398	2.65901
1930788	16933	2400000	38220.1	26.5781	522.245	2.68693
1933103	16968	2400000	38194.9	26.6094	565.942	2.66778
1935159	17004	2400000	38181.5	26.599	478.074	2.62398
1937493	17039	2400000	38128.2	26.5469	540.351	2.65979
1956697	17075	2400000	37928	26.6667	548.019	2.69376
1959700	17110	2400000	37911.9	26.6198	535.602	2.651
1962422	17146	2400000	37896.7	26.6562	548.113	2.63612
1965480	17182	2400000	37901	26.6458	539.43	2.63082
1969794	17217	2400000	37851.4	26.6719	588.139	2.63997
1973848	17253	2400000	37797	26.6354	612.365	2.54013
1976404	17288	2400000	37787.8	26.6667	518.071	2.70118
1979456	17324	2400000	37734.1	26.6927	530.141	2.75328
1981948	17359	2400000	37723.5	26.6875	519.865	2.69593
1987438	17395	2400000	37702.7	26.7135	541.311	2.67355
1989939	17431	2400000	37712.2	26.7135	524.189	2.68102
1994421	17466	2400000	37712.3	26.7083	528.423	2.63747
1998735	17502	2400000	37689.2	26.7188	577.197	2.64937
2002820	17537	2400000	37697.5	26.7552	525.648	2.64439
2006416	17573	2400000	37775.4	26.7344	567.897	2.62906
2010486	17608	2400000	37758.8	26.7552	544.42	2.61395
2013413	17644	2400000	37763.9	26.6979	520.068	2.71526
2016993	17680	2400000	37793.4	26.7448	469.876	2.64061
2019514	17715	2400000	37790.6	26.7292	534.015	2.63082
2021085	17751	2400000	37753.6	26.7396	567.668	2.59661
2024077	17786	2400000	37714.2	26.7604	554.733	2.64244
2026403	17822	2400000	37720	26.7292	505.656	2.65354
2030367	17857	2400000	37700.6	26.776	557.136	2.68894
2032562	17893	2400000	37742.3	26.7292	492.239	2.6984
2035200	17929	2400000	37798.2	26.776	571.561	2.67402
2038378	17964	2400000	37830.6	26.7656	541.601	2.60996
2042284	18000	2400000	37899.2	26.8073	527.803	2.6684
2045307	18035	2400000	37933.6	26.7604	578.163	2.61963
2047004	18071	2400000	37887.2	26.7448	523.916	2.61012
2048949	18106	2400000	37840	26.7969	539.455	2.62763
2050441	18142	2400000	37882.6	26.8229	555.828	2.62344
2052260	18178	2400000	37890.8	26.8125	567.16	2.63589
2055010	18213	2400000	37918.5	26.8333	553.727	2.62606
2057947	18249	2400000	38025.1	26.8125	600.34	2.66608
2060428	18284	2400000	38055.8	26.8073	538.682	2.63824
2064098	18320	2400000	38116.6	26.8281	535.992	2.64376
2067194	18355	2400000	38164.9	26.8177	574.744	2.6106
2071223	18391	2400000	38250.3	26.7969	548.484	2.63523
