population	links	tests	detected	time	error	time_error
9870	53	30000	3174.67	21.6667	3200.2	7.65216
15708	107	30000	3177.42	21.5833	3234.92	7.87224
19928	160	30000	3178.38	21.5	3226.28	7.83156
23880	214	30000	2845.83	21.8333	2898.63	7.71722
26998	267	30000	2527.04	22.125	2567.31	7.44564
27172	321	30000	2496.29	22.25	2534.78	7.5111
27321	374	30000	2492.62	22.2917	2533.51	7.44937
28005	428	30000	2437.12	22.2917	2454.09	7.35933
29423	481	30000	2349.62	22.4583	2379.14	7.32528
31638	535	30000	2175.62	22.6667	2185.59	7.18022
49247	589	30000	1477.46	23.875	1440.19	6.33279
50274	642	30000	1468.92	23.75	1413.87	6.48717
59966	696	30000	1367.58	24.0417	1228.65	5.78732
61597	749	30000	1332.79	24.0417	1183.76	5.84463
62642	803	30000	1305.75	24.1667	1178.11	5.76387
63968	856	30000	1289.21	24.25	1155.33	5.86657
65746	910	30000	1252.12	24.2083	1134.03	5.88725
68561	963	30000	1205.71	24.25	1077.3	5.83809
78719	1017	30000	1083.62	24.8333	957.731	5.28099
86890	1071	30000	991.792	25.125	874.05	5.14174
91073	1124	30000	935.667	25.375	826.756	5.06006
94648	1178	30000	911.917	25.4583	803.915	5.09834
97423	1231	30000	894.75	25.4583	776.626	4.89827
99751	1285	30000	876.708	25.625	767.896	4.96026
102078	1338	30000	849	25.7083	747.479	4.81245
106737	1392	30000	812.917	25.8333	713.784	4.60676
121245	1445	30000	743.375	26	645.322	4.39697
133511	1499	30000	719.958	26.375	612.855	4.19573
138565	1552	30000	726.542	26.375	614.164	4.15582
146225	1606	30000	686.75	26.4583	566.866	4.08163
152019	1660	30000	669.875	26.5417	543.51	3.87209
155887	1713	30000	647.542	26.7083	535.527	4.01992
160403	1767	30000	630.375	26.7083	512.319	4.06116
166295	1820	30000	607.917	27.0417	500.922	3.62763
171891	1874	30000	597.333	27.0833	508.641	3.78227
178519	1927	30000	577.042	27.2083	500.655	3.78502
186707	1981	30000	541.625	27.5	457.847	3.41565
190121	2034	30000	538.25	27.4583	464.682	3.60459
191932	2088	30000	533.375	27.5417	441.745	3.31558
195264	2142	30000	522.375	27.7083	435.087	2.97092
201704	2195	30000	507.417	27.7917	418.062	3.05391
211070	2249	30000	489.375	27.9167	394.951	3.0505
216240	2302	30000	473.792	28.0833	408.934	3.15788
220807	2356	30000	468.125	28.0833	390.078	3.15788
226291	2409	30000	458.708	28.2083	373.875	2.99884
232990	2463	30000	447.667	28.375	384.351	2.98957
240464	2516	30000	432.333	28.4583	367.982	2.99884
250350	2570	30000	428.917	28.5833	355.059	2.76385
261061	2624	30000	410.083	28.7083	333.461	2.54815
264934	2677	30000	402.5	28.75	326.837	2.32737
267007	2731	30000	404.542	28.7083	320.969	2.41379
270512	2784	30000	398.667	28.9583	327.507	2.34373
273390	2838	30000	402.5	28.8333	322.134	2.4267
277040	2891	30000	391.917	28.875	315.395	2.25924
279976	2945	30000	388.875	28.875	310.328	2.25924
282595	2998	30000	385	28.9583	297.039	2.03954
284705	3052	30000	388.292	28.875	311.723	2.47066
286431	3105	30000	386	29	299.868	2.23607
290080	3159	30000	393.417	28.875	307.652	2.33184
291501	3213	30000	389.25	28.9167	303.97	2.37463
292987	3266	30000	399.625	28.8333	312.537	2.35702
293971	3320	30000	386.417	29	285.575	2.16025
295749	3373	30000	390.75	28.9167	294.037	1.90759
296599	3427	30000	393.542	28.9583	307.833	2.11968
297524	3480	30000	382.083	29.0417	299.348	2.2715
300029	3534	30000	393.167	29	310.536	2.3094
304293	3587	30000	375.167	29.0417	285.79	2.11968
317858	3641	30000	366.333	29.125	280.101	1.94186
328050	3695	30000	367.542	29.2083	270.506	1.91304
335854	3748	30000	350	29.3333	259.241	1.59861
344819	3802	30000	343.208	29.4167	257.994	1.51841
352922	3855	30000	344.333	29.5	252.076	1.52753
358259	3909	30000	342.958	29.5	252.131	1.29099
362463	3962	30000	334.875	29.5417	246.38	1.2883
366241	4016	30000	336.542	29.5417	238.919	1.15169
370628	4069	30000	328.958	29.5833	242.304	1.14261
374908	4123	30000	325.917	29.625	241.084	1.26656
382234	4176	30000	328.125	29.5417	234.725	1.2883
388172	4230	30000	323.75	29.6667	232.823	1.10554
393524	4284	30000	319.583	29.625	230.796	1.12731
400941	4337	30000	316.083	29.7083	234.115	1.35144
405483	4391	30000	309.75	29.75	227.208	1.04083
408388	4444	30000	312.708	29.7917	218.879	0.996522
411196	4498	30000	305.625	29.7083	220.313	1.22191
414980	4551	30000	302.5	29.7917	219.845	0.996522
418661	4605	30000	296.875	29.8333	215.993	0.942809
424597	4658	30000	301.708	29.875	213.303	0.877971
430214	4712	30000	300.25	29.875	217.286	0.877971
440783	4766	30000	290.708	29.9167	200.382	0.552771
447415	4819	30000	299.833	29.8333	209.307	0.942809
454400	4873	30000	306.125	29.8333	207.065	0.745356
460832	4926	30000	303.917	29.7917	210.549	0.996522
467067	4980	30000	292.708	29.8333	203.072	0.942809
474316	5033	30000	292.75	29.9167	205.41	0.799305
483918	5087	30000	303.458	29.8333	199.183	0.942809
490077	5140	30000	312.042	29.7917	206.648	0.812233
496269	5194	30000	316.708	29.8333	200.742	0.745356
503213	5248	30000	315.75	29.75	191.269	1.04083
508728	5301	30000	320.167	29.7917	194.562	0.996522
516860	5355	30000	311.708	29.7917	194.2	0.996522
521460	5408	30000	308.875	29.7917	203.718	0.996522
526895	5462	30000	297.833	29.875	182.143	0.661438
532189	5515	30000	304.375	29.7917	192.015	0.996522
537887	5569	30000	301	29.9167	183.672	0.552771
541573	5622	30000	298.125	29.9167	183.086	0.552771
556721	5676	30000	289.958	29.9167	179.409	0.552771
563048	5729	30000	288.125	29.875	177.402	0.661438
568617	5783	30000	280.958	29.9583	172.619	0.399653
580579	5837	30000	274.792	29.9167	179.727	0.552771
591305	5890	30000	275.708	29.9583	180.732	0.399653
598800	5944	30000	269.75	29.9583	175.02	0.399653
605850	5997	30000	270.542	29.9583	159.278	0.399653
611613	6051	30000	261.292	30	160.495	0
619759	6104	30000	265.833	29.9583	159.197	0.399653
628142	6158	30000	258.625	30	152.98	0
632139	6211	30000	261.75	30	155.071	0
636203	6265	30000	253	30	156.692	0
641852	6319	30000	251.417	30	153.59	0
648239	6372	30000	253.167	29.9583	164.738	0.399653
653672	6426	30000	245.958	30	154.818	0
657578	6479	30000	244.833	30	155.171	0
661968	6533	30000	247.625	30	149.885	0
667542	6586	30000	248.5	30	160.503	0
676779	6640	30000	240.792	30	155.248	0
683172	6693	30000	233.417	30	138.152	0
687719	6747	30000	239.167	30	152.434	0
694138	6801	30000	238.542	30	139.131	0
700704	6854	30000	234.125	30	137.767	0
708461	6908	30000	230.958	30	142.708	0
718055	6961	30000	227.375	30	132.484	0
730686	7015	30000	226.542	30	134.799	0
740753	7068	30000	221.875	30	135.685	0
748547	7122	30000	219	30	132.01	0
756172	7175	30000	218.25	30	130.873	0
766560	7229	30000	215.25	30	130.893	0
776630	7282	30000	211.667	30	135.882	0
787940	7336	30000	209.958	30	139.732	0
800565	7390	30000	201.208	30	123.072	0
808459	7443	30000	206.25	30	133.975	0
817130	7497	30000	206.667	30	126.716	0
828952	7550	30000	200.833	30	121.221	0
838227	7604	30000	205.292	30	121.35	0
844333	7657	30000	200.208	30	123.256	0
850465	7711	30000	201	30	118.867	0
855769	7764	30000	193.167	30	119.114	0
861119	7818	30000	193.833	30	120.561	0
868573	7872	30000	192.917	30	115.509	0
874885	7925	30000	192.833	30	122.448	0
882824	7979	30000	194.25	30	126.958	0
890686	8032	30000	183.708	30	109.791	0
895408	8086	30000	194.875	30	115.213	0
901393	8139	30000	185.833	30	114.87	0
909871	8193	30000	189	30	112.864	0
916079	8246	30000	186.292	30	111.712	0
920987	8300	30000	184.042	30	113.241	0
926721	8353	30000	180.958	30	116.45	0
931932	8407	30000	184.875	30	107.156	0
936182	8461	30000	185.292	30	111.937	0
944829	8514	30000	173.5	30	105.379	0
949526	8568	30000	180.667	30	108.822	0
954998	8621	30000	181.583	30	107.19	0
961010	8675	30000	176.125	30	99.511	0
967261	8728	30000	177.417	30	106.35	0
976728	8782	30000	172.083	30	99.1748	0
982970	8835	30000	172.375	30	102.009	0
987521	8889	30000	175.375	30	107.794	0
992764	8943	30000	179.333	30	110.855	0
997828	8996	30000	173.167	30	101.12	0
1003710	9050	30000	170.042	30	100.634	0
1008249	9103	30000	167.458	30	101.482	0
1012844	9157	30000	172.583	30	105.956	0
1016781	9210	30000	176.125	30	107.555	0
1022092	9264	30000	169.833	30	109.073	0
1028321	9317	30000	169.625	30	97.1713	0
1035347	9371	30000	173.958	30	109.099	0
1040899	9425	30000	176.083	30	105.989	0
1046517	9478	30000	172.833	30	109.984	0
1052365	9532	30000	170.083	30	100.484	0
1056648	9585	30000	167.958	30	100.592	0
1066843	9639	30000	169.292	30	102.156	0
1075260	9692	30000	169.417	30	96.3015	0
1080781	9746	30000	171.083	30	102.914	0
1091212	9799	30000	165.5	30	103.945	0
1097366	9853	30000	163.75	30	100.688	0
1111684	9906	30000	161.625	30	87.5706	0
1118331	9960	30000	164.667	30	99.2768	0
1125978	10014	30000	159.292	30	96.3336	0
1133937	10067	30000	158.583	30	94.4085	0
1142912	10121	30000	163.458	30	94.4845	0
1149934	10174	30000	160.958	30	89.1637	0
1159824	10228	30000	155.875	30	91.6812	0
1164998	10281	30000	160.417	30	101.252	0
1171439	10335	30000	153.667	30	92.1533	0
1178229	10388	30000	156.333	30	91.3339	0
1187912	10442	30000	150.292	30	91.903	0
1194433	10496	30000	150.083	30	93.161	0
1206590	10549	30000	147.833	30	89.9531	0
1213896	10603	30000	156.125	30	97.9069	0
1220326	10656	30000	149.083	30	87.8653	0
1225696	10710	30000	148.458	30	94.101	0
1230480	10763	30000	148.542	30	80.1706	0
1240355	10817	30000	143.417	30	78.5386	0
1246834	10870	30000	141.042	30	83.1294	0
1253090	10924	30000	142	30	75.9781	0
1258274	10978	30000	145.5	30	90.6789	0
1264303	11031	30000	143.75	30	76.2217	0
1270092	11085	30000	143.25	30	82.3878	0
1274313	11138	30000	143.042	30	79.3693	0
1280977	11192	30000	142.292	30	92.44	0
1285778	11245	30000	140.583	30	84.0018	0
1294348	11299	30000	137.667	30	76.9885	0
1300163	11352	30000	140.25	30	86.8164	0
1307576	11406	30000	135.708	30	77.2862	0
1313440	11459	30000	141.167	30	83.8742	0
1320591	11513	30000	137.25	30	80.0109	0
1326513	11567	30000	139.917	30	85.1174	0
1333689	11620	30000	142.375	30	81.5001	0
1338696	11674	30000	134.125	30	77.9002	0
1345378	11727	30000	138.625	30	83.7353	0
1354915	11781	30000	134.583	30	76.3171	0
1359777	11834	30000	137.292	30	76.1238	0
1373450	11888	30000	134.125	30	73.9444	0
1378176	11941	30000	135.708	30	84.3534	0
1386386	11995	30000	130.167	30	77.8967	0
1393439	12049	30000	132.25	30	79.5974	0
1407048	12102	30000	126.333	30	81.3975	0
1413526	12156	30000	127.333	30	77.3578	0
1423816	12209	30000	126.375	30	71.7468	0
1432814	12263	30000	126.167	30	69.9873	0
1438510	12316	30000	125.333	30	80.0555	0
1444476	12370	30000	124.042	30	71.7042	0
1449989	12423	30000	127.292	30	75.744	0
1454268	12477	30000	121.583	30	75.5335	0
1457289	12530	30000	130	30	79.7747	0
1462208	12584	30000	127.167	30	81.1104	0
1467289	12638	30000	121.667	30	73.3795	0
1471490	12691	30000	128.5	30	81.8759	0
1475244	12745	30000	123	30	71.1102	0
1480079	12798	30000	124.708	30	69.9702	0
1485431	12852	30000	125.083	30	75.2793	0
1495105	12905	30000	121.208	30	72.0855	0
1499225	12959	30000	122.25	30	72.1185	0
1503765	13012	30000	125	30	73.0753	0
1513316	13066	30000	120.417	30	72.2494	0
1517943	13120	30000	123.5	30	70.6093	0
1522464	13173	30000	119.208	30	69.2964	0
1524693	13227	30000	121.458	30	70.96	0
1528228	13280	30000	120.292	30	70.7118	0
1536397	13334	30000	118.458	30	74.9132	0
1540667	13387	30000	119.875	30	72.7377	0
1544953	13441	30000	118.208	30	73.8692	0
1550382	13494	30000	120.417	30	74.2269	0
1554856	13548	30000	120.958	30	68.033	0
1561309	13602	30000	119.25	30	69.9196	0
1565804	13655	30000	117.5	30	77.831	0
1572120	13709	30000	114.042	30	69.1025	0
1576183	13762	30000	116.25	30	63.7606	0
1578969	13816	30000	118.917	30	72.2678	0
1581499	13869	30000	112.792	30	68.9274	0
1586176	13923	30000	117.333	30	63.8923	0
1589407	13976	30000	116.042	30	68.4093	0
1593141	14030	30000	113.458	30	70.0761	0
1597900	14083	30000	111.583	30	69.1108	0
1602583	14137	30000	113.625	30	66.4049	0
1608418	14191	30000	113.875	30	73.1148	0
1611999	14244	30000	112.375	30	71.1051	0
1619619	14298	30000	109.208	30	66.2771	0
1627652	14351	30000	116.333	30	67.4356	0
1631930	14405	30000	112.125	30	65.1877	0
1637115	14458	30000	114.417	30	68.6802	0
1641746	14512	30000	112.125	30	59.4287	0
1649846	14565	30000	114.625	30	63.3609	0
1655650	14619	30000	111.583	30	68.6681	0
1662500	14673	30000	110.833	30	65.6218	0
1670480	14726	30000	108.25	30	63.4751	0
1685790	14780	30000	105.667	30	63.8714	0
1691986	14833	30000	112.042	30	68.8561	0
1696119	14887	30000	110.292	30	67.704	0
1700793	14940	30000	106.125	30	65.7909	0
1707109	14994	30000	110.583	30	71.5493	0
1718448	15047	30000	109.792	30	68.4056	0
1726379	15101	30000	107.5	30	63.0714	0
1730674	15154	30000	104.5	30	62.0779	0
1738376	15208	30000	105.75	30	64.5607	0
1742467	15262	30000	104.625	30	61.9484	0
1746616	15315	30000	108.792	30	63.7259	0
1751673	15369	30000	102.708	30	59.0494	0
1759874	15422	30000	109.458	30	60.8029	0
1765186	15476	30000	107.125	30	63.7006	0
1770121	15529	30000	106.542	30	60.0388	0
1776415	15583	30000	107.375	30	63.6679	0
1788058	15636	30000	105	30	55.7046	0
1792908	15690	30000	106.708	30	61.794	0
1797777	15744	30000	104.5	30	63.8383	0
1802480	15797	30000	101.667	30	57.148	0
1807534	15851	30000	105.917	30	66.8603	0
1815410	15904	30000	103.375	30	61.0295	0
1821052	15958	30000	108.292	30	65.1472	0
1827039	16011	30000	102.625	30	63.3767	0
1832473	16065	30000	106.208	30	59.9166	0
1838387	16118	30000	100.708	30	63.536	0
1847202	16172	30000	100.208	30	59.4586	0
1855127	16226	30000	100.375	30	59.5254	0
1860547	16279	30000	108.958	30	60.9576	0
1867138	16333	30000	102.5	30	54.2893	0
1878566	16386	30000	101.458	30	63.8696	0
1884714	16440	30000	100	30	57.2771	0
1889735	16493	30000	102.167	30	62.4891	0
1896456	16547	30000	102.542	30	62.9999	0
1901833	16600	30000	99.5417	30	58.8868	0
1906066	16654	30000	99.375	30	53.7767	0
1911197	16707	30000	100.042	30	66.7744	0
1914753	16761	30000	100.375	30	54.3747	0
1918209	16815	30000	99.5833	30	57.396	0
1922659	16868	30000	99.6667	30	56.1536	0
1927774	16922	30000	99.5417	30	57.4049	0
1933615	16975	30000	99.1667	30	51.832	0
1936640	17029	30000	95.1667	30	57.0896	0
1957383	17082	30000	99.5417	30	55.7464	0
1961787	17136	30000	97.9167	30	58.6428	0
1966437	17189	30000	95.375	30	55.1961	0
1972367	17243	30000	97.5833	30	52.1086	0
1977213	17297	30000	95.2917	30	58.4964	0
1981173	17350	30000	95.875	30	61.5205	0
1987868	17404	30000	95	30	57.1548	0
1993629	17457	30000	96.5417	30	56.8125	0
1999252	17511	30000	93.2083	30	61.4735	0
2005411	17564	30000	95.625	30	60.6707	0
2011397	17618	30000	94.4583	30	53.8918	0
2016043	17671	30000	97.375	30	56.1421	0
2019847	17725	30000	99.2083	30	64.1534	0
2023771	17779	30000	97.25	30	61.0498	0
2028249	17832	30000	94.5833	30	57.2332	0
2032065	17886	30000	96	30	53.4759	0
2035837	17939	30000	91.5	30	56.2702	0
2041757	17993	30000	93.75	30	56.9627	0
2045988	18046	30000	93.7083	30	53.3057	0
2048610	18100	30000	94.125	30	57.2547	0
2050867	18153	30000	98.4167	30	52.7318	0
2054628	18207	30000	92.0833	30	55.03	0
2059142	18260	30000	93.5	30	47.6725	0
2063761	18314	30000	94.1667	30	55.8112	0
2068638	18368	30000	96.2083	30	54.7478	0
2075507	18421	30000	90.8333	30	54.46	0
2084101	18475	30000	91.875	30	58.695	0
2089404	18528	30000	88.1667	30	47.7691	0
2093563	18582	30000	94.6667	30	45.3419	0
2096486	18635	30000	92.7083	30	54.9287	0
2100230	18689	30000	94.125	30	57.5306	0
2111007	18742	30000	91.8333	30	54.7743	0
2115756	18796	30000	90.625	30	56.0946	0
2119423	18850	30000	89.4167	30	55.6085	0
2122012	18903	30000	95.375	30	52.338	0
2125724	18957	30000	92.625	30	59.4217	0
2129759	19010	30000	90.6667	30	55.0989	0
2133516	19064	30000	95.4583	30	53.182	0
2137593	19117	30000	92.25	30	57.2545	0
2141712	19171	30000	87.7083	30	54.1217	0
2144530	19224	30000	91.625	30	54.0118	0
2146985	19278	30000	90.7917	30	49.4839	0
2148794	19331	30000	89.9583	30	50.91	0
2150999	19385	30000	92.125	30	55.0312	0
2154953	19439	30000	88.8333	30	54.0144	0
2157657	19492	30000	90.0417	30	56.0728	0
2160468	19546	30000	89.25	30	51.689	0
2163023	19599	30000	90.2917	30	51.4182	0
2167687	19653	30000	88	30	50.9837	0
2173052	19706	30000	88.9167	30	52.099	0
2184504	19760	30000	89.7083	30	47.5587	0
2188328	19813	30000	85.5833	30	55.8179	0
2190074	19867	30000	89.75	30	54.0162	0
2193891	19921	30000	88.8333	30	53.6925	0
2196219	19974	30000	87.875	30	52.4637	0
2198970	20028	30000	88.7917	30	47.9513	0
2203227	20081	30000	86.875	30	49.8274	0
2205751	20135	30000	87.8333	30	53.6273	0
2209129	20188	30000	87.0833	30	52.9242	0
2215489	20242	30000	89.25	30	58.2301	0
2219577	20295	30000	88.625	30	51.2797	0
2223844	20349	30000	89.5	30	55.6657	0
2227254	20403	30000	85.7917	30	45.3651	0
2233038	20456	30000	86.3333	30	51.1262	0
2236043	20510	30000	86.7083	30	54.2509	0
2239306	20563	30000	86.9167	30	49.7022	0
2245280	20617	30000	88.9167	30	54.3872	0
2249431	20670	30000	86	30	50.02	0
2253064	20724	30000	84.625	30	54.1351	0
2255895	20777	30000	87.2083	30	57.709	0
2257833	20831	30000	87	30	52.7099	0
2261029	20884	30000	84.75	30	49.0077	0
2263654	20938	30000	88.8333	30	56.1328	0
2266823	20992	30000	88.5417	30	52.4785	0
2271332	21045	30000	88.875	30	52.9129	0
2274047	21099	30000	87.4583	30	52.0256	0
2276719	21152	30000	84.1667	30	50.8778	0
2280860	21206	30000	85.6667	30	47.5278	0
2284442	21259	30000	89.1667	30	50.4634	0
2290582	21313	30000	85.5833	30	49.2339	0
2295197	21366	30000	85.25	30	50.1041	0
2299125	21420	30000	84.625	30	53.1282	0
2304401	21474	30000	85.1667	30	49.077	0
2309569	21527	30000	85.9167	30	45.442	0
2314029	21581	30000	84.875	30	51.8566	0
2318967	21634	30000	82.75	30	55.7681	0
2323617	21688	30000	83.7917	30	53.229	0
2329851	21741	30000	85.7917	30	56.3766	0
2339602	21795	30000	81.125	30	46.0373	0
2342947	21848	30000	80.375	30	46.7754	0
2349479	21902	30000	81.625	30	40.8812	0
2353980	21956	30000	85.1667	30	48.9478	0
2359166	22009	30000	83.0417	30	47.3409	0
2366600	22063	30000	82.0417	30	47.1681	0
2371137	22116	30000	79.5	30	48.2286	0
2375351	22170	30000	80.2083	30	50.0732	0
2379252	22223	30000	82.75	30	47.5333	0
2395107	22277	30000	82.25	30	46.048	0
2400859	22330	30000	82.75	30	52.4539	0
2408874	22384	30000	82.5417	30	46.7011	0
2412144	22437	30000	79.25	30	48.371	0
2415988	22491	30000	79.7917	30	47.3074	0
2420018	22545	30000	82.9167	30	55.6594	0
2426149	22598	30000	80.25	30	44.3931	0
2427585	22652	30000	79.2917	30	40.0728	0
2436024	22705	30000	82.75	30	43.0552	0
2441905	22759	30000	79.5833	30	47.483	0
2445782	22812	30000	81.375	30	49.7487	0
2449182	22866	30000	78.5833	30	40.3275	0
2452582	22919	30000	77.2083	30	41.9085	0
2459441	22973	30000	80.375	30	45.0881	0
2464020	23027	30000	78.5417	30	41.3158	0
2469872	23080	30000	81.7083	30	49.2324	0
2474796	23134	30000	77.9583	30	40.5729	0
2478238	23187	30000	79.5833	30	45.3539	0
2482603	23241	30000	77	30	47.7284	0
2486641	23294	30000	78.1667	30	50.4469	0
2490367	23348	30000	78.625	30	41.7844	0
2495287	23401	30000	78.8333	30	47.7621	0
2499321	23455	30000	79.7083	30	49.1612	0
2503755	23508	30000	78.75	30	45.241	0
2508262	23562	30000	77.5417	30	43.5927	0
2513027	23616	30000	82.25	30	46.8482	0
2517333	23669	30000	76.2917	30	47.0265	0
2521155	23723	30000	76.1667	30	49.604	0
2526423	23776	30000	77.6667	30	44.8095	0
2531209	23830	30000	77.7917	30	44.2831	0
2535378	23883	30000	78.875	30	44.0088	0
2541658	23937	30000	79.6667	30	45.202	0
2546781	23990	30000	79.375	30	45.2468	0
2553685	24044	30000	77.5417	30	48.8023	0
2558597	24098	30000	76.4167	30	48.2318	0
2561760	24151	30000	77.2917	30	48.0086	0
2566561	24205	30000	72.75	30	43.9365	0
2572584	24258	30000	80.125	30	43.2061	0
2576070	24312	30000	75.6667	30	45.6642	0
2581454	24365	30000	80.375	30	43.9766	0
2590849	24419	30000	75.1667	30	48.4757	0
2596012	24472	30000	75.25	30	43.9289	0
2602473	24526	30000	78.0833	30	44.2565	0
2607499	24580	30000	75.0417	30	49.0866	0
2612136	24633	30000	74.1667	30	47.9954	0
2621653	24687	30000	74.4583	30	43.0658	0
2629123	24740	30000	79.7083	30	43.476	0
2640734	24794	30000	70.875	30	45.6629	0
2647750	24847	30000	75.5	30	48.5489	0
2656045	24901	30000	73.4167	30	40.8163	0
2662835	24954	30000	75.5417	30	41.821	0
2672552	25008	30000	73.2083	30	41.3117	0
2678605	25061	30000	73.5417	30	47.0318	0
2686055	25115	30000	74.3333	30	38.943	0
2694291	25169	30000	71.8333	30	42.9483	0
2702017	25222	30000	71.125	30	42.9081	0
2708759	25276	30000	73.0417	30	39.6252	0
2717091	25329	30000	75.8333	30	44.2217	0
2725003	25383	30000	70.5833	30	40.9264	0
2733117	25436	30000	72.2917	30	40.7164	0
2744539	25490	30000	71.7083	30	39.2279	0
2749203	25543	30000	71.8333	30	44.421	0
2756113	25597	30000	69.6667	30	45.4557	0
2766884	25651	30000	67.75	30	41.2523	0
2775262	25704	30000	72.5833	30	39.6145	0
2783443	25758	30000	72.9583	30	44.3564	0
2789889	25811	30000	71.25	30	42.9001	0
2795304	25865	30000	69.9583	30	40.9246	0
2801567	25918	30000	73.2083	30	45.6873	0
2806043	25972	30000	69.875	30	40.2919	0
2812520	26025	30000	73.4167	30	43.0423	0
2818751	26079	30000	70.4167	30	46.1408	0
2824558	26132	30000	75.5	30	40.6858	0
2829790	26186	30000	69.9167	30	44.0754	0
2835339	26240	30000	70.2083	30	39.8454	0
2842855	26293	30000	75.0833	30	41.0606	0
2849905	26347	30000	69.4167	30	45.5775	0
2858375	26400	30000	68.7917	30	41.9245	0
2864590	26454	30000	70.2917	30	37.2043	0
2870741	26507	30000	70.3333	30	44.7238	0
2876468	26561	30000	69.6667	30	42.6641	0
2881388	26614	30000	71.3333	30	38.9644	0
2887922	26668	30000	68.375	30	38.1655	0
2894228	26722	30000	67.75	30	41.2805	0
2904495	26775	30000	70.2083	30	44.557	0
2909983	26829	30000	68.4167	30	39.9997	0
2917935	26882	30000	68.0417	30	38.0591	0
2939295	26936	30000	68.875	30	38.1633	0
2947049	26989	30000	69.625	30	37.5269	0
2962948	27043	30000	67.9167	30	34.0877	0
2973953	27096	30000	65.375	30	42.7193	0
2986690	27150	30000	66.5	30	36.7605	0
2994125	27204	30000	67.4167	30	42.8366	0
3004013	27257	30000	68.25	30	38.9669	0
3008949	27311	30000	70.2917	30	41.9225	0
3019383	27364	30000	68.7917	30	41.4567	0
3029661	27418	30000	67.5	30	40.9878	0
3033993	27471	30000	68.4583	30	38.8286	0
3040617	27525	30000	66.5	30	36.1109	0
3045590	27578	30000	62.9167	30	35.2511	0
3056155	27632	30000	67.875	30	39.0013	0
3059309	27685	30000	67.4583	30	42.2728	0
3063943	27739	30000	61.7917	30	38.4533	0
3072142	27793	30000	65.2083	30	39.1747	0
3083251	27846	30000	64.75	30	31.237	0
3091061	27900	30000	65.5	30	40.1705	0
3097582	27953	30000	68.9167	30	41.2388	0
3102059	28007	30000	66.8333	30	37.5973	0
3108860	28060	30000	66.4583	30	37.1079	0
3116842	28114	30000	63.375	30	37.5624	0
3123196	28167	30000	67.125	30	40.4529	0
3132070	28221	30000	63.6667	30	43.3923	0
3137083	28275	30000	63.25	30	38.2416	0
3143726	28328	30000	65.3333	30	36.5908	0
3152139	28382	30000	63.7083	30	39.9728	0
3158036	28435	30000	61.8333	30	35.6495	0
3164471	28489	30000	61.4167	30	37.7973	0
3169409	28542	30000	62.375	30	42.3431	0
3178502	28596	30000	63.25	30	36.6299	0
3186652	28649	30000	63.625	30	36.0454	0
3195108	28703	30000	60.9583	30	34.9785	0
3202897	28757	30000	64.3333	30	42.3465	0
3209748	28810	30000	64.6667	30	40.9864	0
3217512	28864	30000	63.5417	30	35.749	0
3227981	28917	30000	61.5	30	35.1094	0
3232832	28971	30000	62.9583	30	37.2893	0
3237810	29024	30000	65.25	30	34.5169	0
3245869	29078	30000	60.75	30	39.048	0
3251951	29131	30000	60.4583	30	36.295	0
3257435	29185	30000	59.1667	30	30.7878	0
3263348	29238	30000	61.875	30	35.8111	0
3268120	29292	30000	59.3333	30	34.6923	0
3275791	29346	30000	64.7917	30	40.1911	0
3282645	29399	30000	64.2917	30	37.8967	0
3287709	29453	30000	60.625	30	35.3969	0
3292834	29506	30000	63.75	30	40.1383	0
3298898	29560	30000	61.6667	30	35.3632	0
3305697	29613	30000	61.7083	30	33.3391	0
3311407	29667	30000	60.5417	30	38.0569	0
3319020	29720	30000	61.1667	30	37.7035	0
3324791	29774	30000	63.4583	30	35.36	0
3332459	29828	30000	61.9583	30	39.9937	0
3337354	29881	30000	60.7083	30	35.5644	0
3342723	29935	30000	62.375	30	36.7415	0
3348045	29988	30000	60.2083	30	36.6969	0
3354779	30042	30000	60.875	30	34.8727	0
3360201	30095	30000	60.9583	30	35.2774	0
3364927	30149	30000	61.4583	30	40.7553	0
3371680	30202	30000	60.25	30	36.9831	0
3377497	30256	30000	57.5	30	33.892	0
3383256	30309	30000	62.1667	30	39.6681	0
3387472	30363	30000	61.7083	30	39.9353	0
3392327	30417	30000	60.125	30	32.0797	0
3398209	30470	30000	61.5	30	37.8946	0
3407129	30524	30000	57.2083	30	33.4065	0
3411302	30577	30000	60.125	30	38.1939	0
3418307	30631	30000	60.25	30	26.9583	0
3424971	30684	30000	60.1667	30	34.1939	0
3430474	30738	30000	60.4167	30	35.3219	0
3435648	30791	30000	58.4167	30	35.2605	0
3445451	30845	30000	59.5	30	35.8934	0
3451607	30899	30000	62.0833	30	30.8	0
3457970	30952	30000	57.6667	30	33.7079	0
3464569	31006	30000	59.9583	30	34.2222	0
3475205	31059	30000	58.875	30	32.7175	0
3483176	31113	30000	56.9167	30	32.7206	0
3490191	31166	30000	58.6667	30	32.7143	0
3495007	31220	30000	56.7917	30	32.4858	0
3501923	31273	30000	58.9583	30	40.1973	0
3508260	31327	30000	58.5833	30	36.0135	0
3514453	31381	30000	57.9167	30	38.7553	0
3520871	31434	30000	57	30	37.758	0
3525734	31488	30000	58.25	30	36.6617	0
3530971	31541	30000	60.0417	30	33.4239	0
3538530	31595	30000	55.5	30	38.9915	0
3546011	31648	30000	57.625	30	33.7876	0
3553081	31702	30000	58.6667	30	37.8711	0
3559308	31755	30000	59.7917	30	32.67	0
3564852	31809	30000	56.9167	30	33.798	0
3572057	31862	30000	58.0417	30	30.3012	0
3578586	31916	30000	56.1667	30	33.4398	0
3589805	31970	30000	58.5833	30	34.1854	0
3596221	32023	30000	57.2083	30	35.5433	0
3603630	32077	30000	58.9583	30	36.2927	0
3611314	32130	30000	54.2083	30	30.8382	0
3617044	32184	30000	55.875	30	33.458	0
3623157	32237	30000	58.1667	30	35.4338	0
3630515	32291	30000	54.75	30	27.5575	0
3635871	32344	30000	57.0833	30	31.7748	0
3641909	32398	30000	57.1667	30	32.9073	0
3647851	32452	30000	54.0417	30	32.9974	0
3653603	32505	30000	58.125	30	36.771	0
3661031	32559	30000	52.2083	30	30.8814	0
3668600	32612	30000	54.0417	30	34.4165	0
3674391	32666	30000	57.75	30	32.152	0
3683362	32719	30000	55.0833	30	30.2375	0
3690840	32773	30000	52.0833	30	30.6263	0
3697002	32826	30000	53.7917	30	30.7462	0
3703950	32880	30000	57.4583	30	31.2942	0
3709783	32934	30000	53	30	33.4365	0
3718250	32987	30000	56.5833	30	33.4311	0
3724498	33041	30000	55.7917	30	33.9803	0
3741438	33094	30000	54.8333	30	35.0603	0
3750032	33148	30000	54.5417	30	33.8033	0
3759351	33201	30000	54.5833	30	27.0488	0
3765884	33255	30000	54.9583	30	34.154	0
3772904	33308	30000	53.5417	30	33.0806	0
3779070	33362	30000	57.25	30	32.6968	0
3784998	33415	30000	54.2917	30	30.1302	0
3790645	33469	30000	55.6667	30	33.5642	0
3798039	33523	30000	54.8333	30	33.6436	0
3804753	33576	30000	53.3333	30	31.0251	0
3810754	33630	30000	53.875	30	29.5934	0
3818802	33683	30000	52.4583	30	30.5449	0
3826705	33737	30000	51.8333	30	30.6522	0
3834517	33790	30000	53.0417	30	33.702	0
3844293	33844	30000	50.0417	30	30.3726	0
3850158	33897	30000	53.875	30	33.223	0
3857016	33951	30000	53.3333	30	25.4209	0
3864482	34005	30000	51.0417	30	33.3291	0
3869761	34058	30000	53.125	30	30.3442	0
3876526	34112	30000	53.5	30	35.5293	0
3884860	34165	30000	53.3333	30	34.1988	0
3893177	34219	30000	52.25	30	29.8399	0
3898618	34272	30000	54.3333	30	30.412	0
3904059	34326	30000	53.2083	30	30.6702	0
3911023	34379	30000	53.0833	30	27.8922	0
3917639	34433	30000	51.5417	30	31.9164	0
3923398	34486	30000	52.4583	30	29.2915	0
3927195	34540	30000	53.0417	30	31.067	0
3934255	34594	30000	52.2917	30	31.8563	0
3942426	34647	30000	55.0833	30	36.2258	0
3951544	34701	30000	53.7083	30	32.4421	0
3957803	34754	30000	51.1667	30	30.2251	0
3965246	34808	30000	53.6667	30	34.2377	0
3972376	34861	30000	54.0833	30	37.251	0
3979341	34915	30000	51.75	30	31.8028	0
3988398	34968	30000	51.625	30	29.7759	0
3995362	35022	30000	49.75	30	31.0658	0
4005322	35076	30000	48.5	30	30.1275	0
4012728	35129	30000	48.75	30	28.5847	0
4018677	35183	30000	51.4167	30	28.6991	0
4027648	35236	30000	52.3333	30	29.6404	0
4035892	35290	30000	49.5	30	31.4059	0
4043614	35343	30000	49.8333	30	24.6689	0
4054026	35397	30000	51.6667	30	33.4448	0
4060772	35450	30000	50.4167	30	25.7482	0
4066103	35504	30000	50	30	30.8815	0
4073510	35558	30000	51.25	30	30.7314	0
4081343	35611	30000	53.9583	30	21.9657	0
4089443	35665	30000	52.2917	30	29.4419	0
4096949	35718	30000	50.4167	30	28.2838	0
4103602	35772	30000	48.4167	30	35.5102	0
4113661	35825	30000	49.3333	30	33.1997	0
4124229	35879	30000	51.4583	30	32.0675	0
4129994	35932	30000	48.8333	30	30.1146	0
4135016	35986	30000	48.375	30	29.63	0
4140464	36039	30000	49.5833	30	29.0971	0
4147294	36093	30000	47.75	30	25.7892	0
4153686	36147	30000	50	30	29.9722	0
4158988	36200	30000	48.375	30	31.2507	0
4165983	36254	30000	49.9583	30	32.5396	0
4172738	36307	30000	49.625	30	32.7201	0
4178997	36361	30000	48.9583	30	31.9086	0
4186514	36414	30000	48.0417	30	27.9254	0
4193551	36468	30000	49.7917	30	27.3007	0
4198102	36521	30000	50.25	30	33.3579	0
4207390	36575	30000	48.4167	30	31.0908	0
4214998	36629	30000	48.9583	30	25.3145	0
4220351	36682	30000	47.7917	30	30.2378	0
4226119	36736	30000	49	30	27.4105	0
4232350	36789	30000	48.0833	30	26.1465	0
4240541	36843	30000	49.2917	30	22.5572	0
4244106	36896	30000	47.875	30	29.4806	0
4248826	36950	30000	48.9167	30	28.3073	0
4255042	37003	30000	48.7917	30	32.0415	0
4259335	37057	30000	48	30	29.1662	0
4271912	37110	30000	47.4167	30	28.1302	0
4282056	37164	30000	50	30	33.3167	0
4289016	37218	30000	49.5	30	24.7252	0
4296880	37271	30000	47.5417	30	31.9373	0
4306971	37325	30000	47.9167	30	26.9748	0
4311859	37378	30000	44.7083	30	23.745	0
4324811	37432	30000	49.1667	30	29.937	0
4332572	37485	30000	47.2083	30	29.2744	0
4338306	37539	30000	47.2917	30	29.1975	0
4345408	37592	30000	50.25	30	31.1355	0
4351821	37646	30000	45.2917	30	26.8482	0
4356802	37700	30000	47.6667	30	26.0811	0
4369123	37753	30000	48.3333	30	29.375	0
4375830	37807	30000	48.5	30	28.3549	0
4380704	37860	30000	46.75	30	32.3587	0
4386748	37914	30000	44.2083	30	26.6081	0
4393356	37967	30000	48	30	31.7228	0
4406287	38021	30000	47.4167	30	25.8645	0
4412169	38074	30000	46.875	30	31.3811	0
4417256	38128	30000	47.6667	30	26.899	0
4428432	38182	30000	45.625	30	27.2813	0
4435285	38235	30000	48.4583	30	30.5831	0
4444001	38289	30000	45.9167	30	25.5337	0
4453347	38342	30000	45.1667	30	24.8037	0
4458585	38396	30000	46.6667	30	24.1569	0
4464684	38449	30000	48.6667	30	30.9605	0
4469790	38503	30000	47.4167	30	32.7359	0
4478300	38556	30000	44.0833	30	27.8862	0
4483526	38610	30000	46.8333	30	27.8608	0
4492059	38663	30000	47.0417	30	31.6516	0
4497694	38717	30000	47.9167	30	28.0827	0
4507593	38771	30000	44.8333	30	25.9401	0
4512840	38824	30000	47.625	30	28.5237	0
4519599	38878	30000	45.125	30	30.8994	0
4526504	38931	30000	46.2917	30	24.7957	0
4533777	38985	30000	44.1667	30	26.93	0
4540189	39038	30000	45.9583	30	24.5525	0
4555307	39092	30000	49	30	26.8514	0
4562431	39145	30000	44.9167	30	26.9377	0
4568155	39199	30000	46.5417	30	29.7656	0
4575663	39253	30000	45.5417	30	34.0097	0
4586689	39306	30000	42.8333	30	23.7042	0
4593990	39360	30000	47.2917	30	30.1302	0
4599948	39413	30000	44.7917	30	27.9761	0
4612360	39467	30000	45.5	30	25.3903	0
4619406	39520	30000	44.9167	30	25.5337	0
4627334	39574	30000	47.0833	30	28.7571	0
4635253	39627	30000	43.9167	30	24.2	0
4644440	39681	30000	44.2083	30	23.7836	0
4651624	39735	30000	44.4583	30	26.5643	0
4657807	39788	30000	45.5417	30	26.2233	0
4664331	39842	30000	44.7083	30	27.2732	0
4670197	39895	30000	44.2083	30	22.0301	0
4681697	39949	30000	43.4583	30	26.3817	0
4700616	40002	30000	47.75	30	31.2956	0
4707139	40056	30000	47.0833	30	28.1953	0
4713568	40109	30000	43.4583	30	26.8327	0
4720148	40163	30000	42.7083	30	22.7851	0
4726530	40216	30000	47.7917	30	30.0054	0
4736981	40270	30000	45.1667	30	30.1865	0
4745775	40324	30000	42.375	30	24.9186	0
4751304	40377	30000	42.9167	30	28.6002	0
4759247	40431	30000	43.5833	30	27.6038	0
4764387	40484	30000	44.0833	30	26.545	0
4770607	40538	30000	42.5	30	26.839	0
4786029	40591	30000	44.125	30	27.4427	0
4794084	40645	30000	43.375	30	25.7928	0
4802840	40698	30000	43.5	30	25.1396	0
4814634	40752	30000	48.0417	30	28.621	0
4821804	40806	30000	45.2083	30	28.4194	0
4829058	40859	30000	44.8333	30	22.5216	0
4838543	40913	30000	43.6667	30	25.6688	0
4847182	40966	30000	42.5833	30	25.1987	0
4854521	41020	30000	43	30	24.2625	0
4862583	41073	30000	43.5	30	26.4638	0
4869380	41127	30000	42.5417	30	28.5773	0
4875779	41180	30000	42.3333	30	23.4852	0
4883355	41234	30000	41.4583	30	26.8823	0
4895989	41287	30000	41.125	30	27.461	0
4901592	41341	30000	42.75	30	23.9878	0
4908968	41395	30000	40.6667	30	23.4284	0
4915391	41448	30000	40.7083	30	26.536	0
4921638	41502	30000	42.4583	30	29.126	0
4929982	41555	30000	42.3333	30	23.5702	0
4935004	41609	30000	41.5417	30	24.2348	0
4941559	41662	30000	40	30	22.9202	0
4946975	41716	30000	43.2083	30	28.8501	0
4954134	41769	30000	43.3333	30	22.8011	0
4961293	41823	30000	42.6667	30	27.6325	0
4968226	41877	30000	41.5417	30	26.4448	0
4974590	41930	30000	42.25	30	26.2694	0
4987952	41984	30000	41.6667	30	24.9778	0
5008572	42037	30000	42.9583	30	23.5618	0
5021824	42091	30000	40.25	30	26.4969	0
5028760	42144	30000	42.3333	30	22.7572	0
5047385	42198	30000	42.0417	30	26.9535	0
5056460	42251	30000	41.6667	30	26.5183	0
5062670	42305	30000	41.5417	30	31.3899	0
5067470	42359	30000	41.4583	30	22.7375	0
5073337	42412	30000	41	30	23.8537	0
5081330	42466	30000	40.9167	30	21.3066	0
5088941	42519	30000	41.0833	30	27.916	0
5096034	42573	30000	41.0417	30	23.1263	0
5104022	42626	30000	40.5833	30	26.1974	0
5111018	42680	30000	41.4583	30	24.0553	0
5123508	42733	30000	41.9167	30	27.4282	0
5129932	42787	30000	40.0833	30	24.3168	0
5138279	42840	30000	41.3333	30	22.2611	0
5143322	42894	30000	42.3333	30	24.7499	0
5151395	42948	30000	39.75	30	24.2779	0
5157214	43001	30000	39.3333	30	23.9629	0
5167116	43055	30000	40.875	30	25.1085	0
5175916	43108	30000	43.6667	30	26.2784	0
5183031	43162	30000	42.1667	30	23.0048	0
5193791	43215	30000	41	30	24.1454	0
5200664	43269	30000	40.75	30	24.3465	0
5211120	43322	30000	38.25	30	25.9952	0
5215829	43376	30000	40.6667	30	24.797	0
5224148	43430	30000	39.3333	30	29.3409	0
5232602	43483	30000	40.5833	30	27.8204	0
5241679	43537	30000	40.7083	30	28.2163	0
5247230	43590	30000	41	30	24.6171	0
5252483	43644	30000	41	30	24.0069	0
5261302	43697	30000	37.7917	30	21.6254	0
5270030	43751	30000	40.875	30	26.0468	0
5282484	43804	30000	39.4583	30	24.9532	0
5290890	43858	30000	39.3333	30	23.669	0
5297578	43912	30000	38.6667	30	24.404	0
5305341	43965	30000	40.6667	30	28.3647	0
5314847	44019	30000	38.4583	30	27.988	0
5325505	44072	30000	39.1667	30	24.6959	0
5333130	44126	30000	38.4167	30	23.2373	0
5339139	44179	30000	41.9583	30	23.1695	0
5344946	44233	30000	36.4167	30	22.9921	0
5350936	44286	30000	42	30	27.6707	0
5358566	44340	30000	39.7083	30	23.1263	0
5364672	44393	30000	40.1667	30	24.1914	0
5379515	44447	30000	41.625	30	22.4114	0
5386051	44501	30000	39	30	21.1739	0
5390730	44554	30000	38.75	30	20.9861	0
5398151	44608	30000	38.9167	30	26.0635	0
5403869	44661	30000	39.8333	30	22.1334	0
5413135	44715	30000	37.2083	30	19.6042	0
5419596	44768	30000	37.0833	30	24.351	0
5430339	44822	30000	39.375	30	20.533	0
5438567	44875	30000	41.2917	30	21.0988	0
5446454	44929	30000	41.5417	30	26.7643	0
5451481	44983	30000	38.0833	30	24.6909	0
5458442	45036	30000	39.0833	30	24.7381	0
5464545	45090	30000	38.875	30	23.4543	0
5474363	45143	30000	39.4583	30	20.2483	0
5482450	45197	30000	40	30	24.98	0
5489714	45250	30000	38.1667	30	26.6625	0
5494725	45304	30000	40	30	24.9132	0
5500170	45357	30000	37.7917	30	22.8399	0
5509327	45411	30000	37.5	30	24.454	0
5517213	45464	30000	36.9583	30	25.2816	0
5524694	45518	30000	38.0833	30	23.0066	0
5530082	45572	30000	39.625	30	22.4114	0
5534341	45625	30000	37.1667	30	23.6479	0
5539931	45679	30000	39.9167	30	27.7544	0
5548444	45732	30000	38.75	30	25.731	0
5556891	45786	30000	39.0833	30	24.6639	0
5566385	45839	30000	37.4583	30	21.0157	0
5573901	45893	30000	35.9167	30	24.7381	0
5580124	45946	30000	38.125	30	19.7932	0
5585892	46000	30000	36.25	30	22.198	0
5591678	46054	30000	38.0417	30	23.018	0
5600584	46107	30000	36	30	20.567	0
5607174	46161	30000	37.125	30	24.7811	0
5613585	46214	30000	37.2917	30	24.6541	0
5622290	46268	30000	39.4583	30	19.6637	0
5626784	46321	30000	34.9167	30	20.9198	0
5655542	46375	30000	39.3333	30	23.7814	0
5663630	46428	30000	35.0833	30	21.54	0
5670556	46482	30000	40.3333	30	26.1831	0
5681629	46536	30000	36.1667	30	22.3805	0
5688155	46589	30000	37.7083	30	23.5193	0
5698985	46643	30000	39.4583	30	22.3605	0
5704779	46696	30000	37.75	30	22.8783	0
5716838	46750	30000	37.4583	30	25.6644	0
5722685	46803	30000	38.4167	30	23.5366	0
5732620	46857	30000	35.375	30	17.008	0
5739133	46910	30000	38.5833	30	22.1729	0
5744448	46964	30000	35.7917	30	22.9854	0
5757671	47017	30000	39.375	30	25.4087	0
5769210	47071	30000	37.0417	30	21.3345	0
5778994	47125	30000	36.125	30	21.3566	0
5788880	47178	30000	35.625	30	21.1803	0
5794811	47232	30000	35.125	30	19.9358	0
5803000	47285	30000	37.75	30	24.0572	0
5809987	47339	30000	37.25	30	25.7375	0
5821181	47392	30000	36.5417	30	23.979	0
5827915	47446	30000	37.75	30	20.2176	0
5833315	47499	30000	38.375	30	24.9787	0
5842692	47553	30000	35.6667	30	20.4179	0
5851154	47607	30000	36.2083	30	24.4061	0
5858057	47660	30000	37.375	30	22.2322	0
5867498	47714	30000	36.1667	30	19.4308	0
5877037	47767	30000	35.75	30	24.9416	0
5882467	47821	30000	36.4583	30	22.5313	0
5889089	47874	30000	35.625	30	23.8384	0
5897829	47928	30000	36.5417	30	22.7448	0
5904679	47981	30000	33.875	30	21.7586	0
5916757	48035	30000	37.1667	30	27.8727	0
5929414	48088	30000	36.8333	30	21.2027	0
5935609	48142	30000	35.5	30	21.1896	0
5943746	48196	30000	36.2917	30	19.2482	0
5948597	48249	30000	35.625	30	24.3913	0
5962880	48303	30000	35.7083	30	23.885	0
5967377	48356	30000	34.0417	30	18.8103	0
5980120	48410	30000	33.9167	30	20.3954	0
5985179	48463	30000	36.3333	30	23.3928	0
5998585	48517	30000	36.4583	30	23.395	0
6005539	48570	30000	38.375	30	22.044	0
6010247	48624	30000	33.75	30	20.3162	0
6017511	48678	30000	34.2917	30	18.0414	0
6027998	48731	30000	32.625	30	19.4663	0
6033915	48785	30000	33.2917	30	21.8287	0
6039502	48838	30000	34.6667	30	21.9444	0
6049954	48892	30000	34.6667	30	21.2734	0
6056033	48945	30000	35.625	30	23.9291	0
6070917	48999	30000	34.4583	30	21.354	0
6075722	49052	30000	34.5	30	18.8591	0
6082178	49106	30000	34.1667	30	21.6307	0
6091601	49160	30000	33.7917	30	20.3714	0
6098796	49213	30000	35.9583	30	21.0909	0
6106021	49267	30000	36.875	30	24.182	0
6122816	49320	30000	33.8333	30	21.5999	0
6129581	49374	30000	36.6667	30	18.3727	0
6135087	49427	30000	31	30	19.4508	0
6142653	49481	30000	35.375	30	20.7671	0
6150457	49534	30000	36.5	30	19.6723	0
6159977	49588	30000	37	30	23.8258	0
6170290	49641	30000	35.5	30	19.3735	0
6175676	49695	30000	34	30	22.5979	0
6183094	49749	30000	32.75	30	22.1002	0
6189186	49802	30000	35.9167	30	18.9905	0
6195349	49856	30000	34.7917	30	19.8072	0
6202346	49909	30000	34.375	30	24.7845	0
6211975	49963	30000	36.0417	30	23.6536	0
6218345	50016	30000	34.5833	30	22.693	0
6224076	50070	30000	35.75	30	24.5102	0
6228940	50123	30000	35.5417	30	22.1809	0
6236615	50177	30000	35.5417	30	19.5276	0
6243152	50231	30000	33.625	30	22.404	0
6252161	50284	30000	35.4167	30	20.3381	0
6262266	50338	30000	33.7083	30	20.7564	0
6272067	50391	30000	36.5	30	22.2036	0
6277919	50445	30000	34.7083	30	20.2442	0
6284744	50498	30000	34.5417	30	20.0082	0
6289374	50552	30000	34.0833	30	22.6194	0
6297099	50605	30000	35.375	30	20.2304	0
6304016	50659	30000	36.5	30	21.2053	0
6314794	50713	30000	35.7083	30	22.4683	0
6323465	50766	30000	35	30	19.6638	0
6332786	50820	30000	32.8333	30	19.7878	0
6341537	50873	30000	33.75	30	22.2654	0
6355646	50927	30000	32.8333	30	20.9894	0
6361624	50980	30000	36.5833	30	23.3518	0
6368804	51034	30000	33.7083	30	19.7525	0
6376609	51087	30000	33.125	30	20.5857	0
6385958	51141	30000	33.0417	30	22.9527	0
6393104	51194	30000	34.25	30	18.4052	0
6399209	51248	30000	32.2917	30	20.8125	0
6405406	51302	30000	32.375	30	18.4735	0
6415141	51355	30000	31.75	30	19.6235	0
6424810	51409	30000	33.5417	30	19.7988	0
6430882	51462	30000	31.7917	30	18.9823	0
6449235	51516	30000	34.625	30	21.9834	0
6455970	51569	30000	32.2083	30	19.519	0
6462926	51623	30000	33.75	30	22.228	0
6472201	51676	30000	33.75	30	23.2898	0
6478424	51730	30000	31.7917	30	21.9998	0
6487457	51784	30000	32.5833	30	14.7187	0
6502889	51837	30000	32.8333	30	20.3688	0
6508440	51891	30000	34.375	30	22.0742	0
6515134	51944	30000	33.5417	30	17.5782	0
6522917	51998	30000	33.125	30	18.8354	0
6536713	52051	30000	30.6667	30	22.4697	0
6542266	52105	30000	30.7083	30	20.972	0
6555411	52158	30000	33.1667	30	19.559	0
6569548	52212	30000	32.0417	30	21.0514	0
6583827	52265	30000	32.875	30	22.3332	0
6591199	52319	30000	34.4167	30	20.477	0
6601553	52373	30000	32.5	30	21.8174	0
6609039	52426	30000	33.25	30	19.4358	0
6616996	52480	30000	30.9167	30	17.625	0
6623201	52533	30000	32.8333	30	19.7878	0
6639681	52587	30000	31.9583	30	21.1067	0
6645728	52640	30000	31.125	30	17.9565	0
6656063	52694	30000	31.5833	30	20.6149	0
6665085	52747	30000	31.5833	30	16.6925	0
6677295	52801	30000	31.0833	30	17.2715	0
6687657	52855	30000	31.5	30	18.5293	0
6694784	52908	30000	31.25	30	19.41	0
6701734	52962	30000	31.2917	30	19.2655	0
6712766	53015	30000	32.8333	30	17.792	0
6719263	53069	30000	29.875	30	21.9341	0
6724759	53122	30000	32.75	30	20.8107	0
6739027	53176	30000	30.875	30	18.559	0
6747747	53229	30000	31.5417	30	19.5872	0
6756366	53283	30000	30.75	30	20.6175	0
6764577	53337	30000	33.0833	30	18.654	0
6785684	53390	30000	33.0833	30	18.7075	0
6796193	53444	30000	32.5417	30	19.9079	0
6807198	53497	30000	32	30	19.1398	0
6816118	53551	30000	32.4167	30	20.864	0
6827189	53604	30000	30.4583	30	23.3451	0
6834376	53658	30000	30.875	30	16.4551	0
6845856	53711	30000	31.4583	30	22.8472	0
6852421	53765	30000	31.625	30	21.7624	0
6872265	53818	30000	30.125	30	20.61	0
6886080	53872	30000	30.6667	30	20.0638	0
6897238	53926	30000	32.375	30	15.9772	0
6906778	53979	30000	32.2083	30	20.3877	0
6919712	54033	30000	33.0833	30	20.1322	0
6927945	54086	30000	30.75	30	20.7786	0
6942018	54140	30000	31.2083	30	20.6154	0
6948656	54193	30000	31.4583	30	19.9832	0
6957124	54247	30000	31.7083	30	18.0783	0
6965000	54300	30000	31.375	30	18.7155	0
6984495	54354	30000	30.3333	30	21.1791	0
6992935	54408	30000	31.4583	30	20.2401	0
7000000	54461	30000	29.4167	30	21.7172	0
7012104	54515	30000	31.2917	30	18.8457	0
7021112	54568	30000	28.8333	30	18.865	0
7027817	54622	30000	30.4583	30	20.9522	0
7046569	54675	30000	29.75	30	18.5854	0
7059112	54729	30000	30.375	30	22.1721	0
7071796	54782	30000	28.9583	30	16.057	0
7082117	54836	30000	30.125	30	21.2784	0
7102504	54890	30000	30.5417	30	17.2914	0
