population	links	tests	detected	time	error	time_error
12965	41	5000	0.666667	1	1.49071	0
21725	82	5000	1.125	1	2.10654	0
26821	123	5000	0.916667	1	2.51109	0
30852	164	5000	0.625	1	1.39194	0
32790	205	5000	0.583333	1	1.62447	0
49705	246	5000	0.625	1	1.61374	0
82304	287	5000	0.5	1	1.63299	0
102466	328	5000	0.75	1	1.32288	0
118116	369	5000	0.791667	1	2.23451	0
128718	410	5000	0.791667	1	1.63087	0
135466	451	5000	0.583333	1	1.62447	0
136605	492	5000	1.125	1	2.53722	0
136779	533	5000	1.04167	1	2.03954	0
150307	574	5000	0.708333	1	2.34373	0
178240	615	5000	0.791667	1	1.52525	0
194273	656	5000	0.666667	1	1.69967	0
201589	697	5000	0.666667	1	1.59861	0
204096	738	5000	0.666667	1	1.79505	0
205950	779	5000	0.833333	1	1.49071	0
206578	820	5000	0.583333	1	1.14261	0
207970	861	5000	0.958333	1	1.77756	0
222678	902	5000	0.708333	1	1.68119	0
234989	943	5000	0.416667	1	1.14261	0
248240	984	5000	0.208333	1	1.2883	0
257515	1025	5000	0.916667	1	1.72401	0
268563	1066	5000	0.458333	1	1.41176	0
272951	1108	5000	0.5	1	1.29099	0
278744	1149	5000	0.5	1	1.29099	0
279952	1190	5000	0.625	1	1.80854	0
280440	1231	5000	0.625	1	1.80854	0
296208	1272	5000	0.833333	1	2.13437	0
306866	1313	5000	0.625	1	1.61374	0
310211	1354	5000	0.666667	1	1.59861	0
311819	1395	5000	0.583333	1	2.15381	0
312446	1436	5000	0.375	1	0.968246	0
314837	1477	5000	0.75	1	1.32288	0
319863	1518	5000	0.791667	1	1.52525	0
324033	1559	5000	0.75	1	1.65831	0
324739	1600	5000	0.541667	1	1.2883	0
325167	1641	5000	0.5	1	1.29099	0
330020	1682	5000	0.541667	1	1.2883	0
355602	1723	5000	0.625	1	1.39194	0
372764	1764	5000	0.708333	1	1.68119	0
379286	1805	5000	0.333333	1	1.24722	0
383672	1846	5000	0.75	1	1.44338	0
385233	1887	5000	0.375	1	0.968246	0
390982	1928	5000	0.416667	1	1.28019	0
395668	1969	5000	0.625	1	1.26656	0
399062	2010	5000	0.416667	1	1.40436	0
401477	2051	5000	0.625	1	1.80854	0
403515	2092	5000	0.666667	1	1.69967	0
403950	2133	5000	0.5	1	1.41421	0
405221	2175	5000	0.833333	1	1.79505	0
406298	2216	5000	0.208333	1	0.996522	0
414837	2257	5000	0.375	1	0.968246	0
417795	2298	5000	0.5	1	1.63299	0
419028	2339	5000	0.541667	1	1.15169	0
419599	2380	5000	0.5	1	1.82574	0
423887	2421	5000	0.541667	1	1.15169	0
443842	2462	5000	0.333333	1	1.10554	0
449905	2503	5000	0.541667	1	1.41176	0
457538	2544	5000	0.75	1	1.55456	0
460140	2585	5000	0.541667	1	1.73004	0
461156	2626	5000	0.75	1	1.84842	0
465156	2667	5000	0.5	1	1.1547	0
467527	2708	5000	0.416667	1	1.40436	0
470397	2749	5000	0.75	1	1.75594	0
471853	2790	5000	0.541667	1	1.41176	0
475843	2831	5000	0.541667	1	1.2883	0
481778	2872	5000	0.625	1	1.71391	0
482434	2913	5000	0.375	1	0.968246	0
482789	2954	5000	0.666667	1	1.59861	0
488715	2995	5000	0.541667	1	1.41176	0
494922	3036	5000	0.75	1	1.55456	0
497169	3077	5000	0.583333	1	1.81812	0
497798	3118	5000	0.75	1	1.04083	0
499488	3159	5000	0.291667	1	1.0769	0
500031	3200	5000	0.708333	1	1.57894	0
501081	3242	5000	0.916667	1	1.72401	0
501290	3283	5000	0.5	1	1.29099	0
513657	3324	5000	0.541667	1	1.41176	0
530483	3365	5000	0.541667	1	1.41176	0
539252	3406	5000	0.333333	1	1.37437	0
541114	3447	5000	0.541667	1	1.52525	0
542221	3488	5000	0.541667	1	1.41176	0
542583	3529	5000	0.458333	1	1.41176	0
559229	3570	5000	0.583333	1	1.72401	0
576503	3611	5000	0.583333	1	1.62447	0
582678	3652	5000	0.458333	1	1.52525	0
583705	3693	5000	0.625	1	1.50693	0
595643	3734	5000	0.666667	1	1.79505	0
603849	3775	5000	0.5	1	1.29099	0
618883	3816	5000	0.541667	1	1.41176	0
627982	3857	5000	0.791667	1	1.73004	0
631387	3898	5000	0.583333	1	2.22985	0
633837	3939	5000	0.666667	1	1.49071	0
635020	3980	5000	0.583333	1	0.986013	0
638446	4021	5000	0.75	1	1.04083	0
641797	4062	5000	0.583333	1	1.81812	0
642810	4103	5000	0.625	1	1.61374	0
645122	4144	5000	0.541667	1	1.15169	0
656048	4185	5000	0.583333	1	1.40436	0
667810	4226	5000	0.666667	1	1.69967	0
672787	4267	5000	0.541667	1	1.2883	0
676677	4308	5000	0.541667	1	1.63087	0
680378	4350	5000	0.375	1	1.12731	0
680908	4391	5000	0.583333	1	1.62447	0
688895	4432	5000	0.5	1	1.82574	0
689756	4473	5000	0.75	1	1.55456	0
700609	4514	5000	0.375	1	1.50693	0
705311	4555	5000	0.5	1	1.1547	0
707127	4596	5000	0.375	1	1.39194	0
708526	4637	5000	0.333333	1	1.10554	0
711649	4678	5000	0.708333	1	1.86897	0
729220	4719	5000	0.541667	1	1.41176	0
743176	4760	5000	0.5	1	1.63299	0
754699	4801	5000	0.5	1	1.29099	0
764690	4842	5000	0.458333	1	1.2883	0
772216	4883	5000	0.666667	1	1.59861	0
774588	4924	5000	0.5	1	1.52753	0
776307	4965	5000	0.291667	1	1.0769	0
777610	5006	5000	0.416667	1	1.72401	0
779003	5047	5000	0.541667	1	1.2883	0
779381	5088	5000	0.666667	1	1.49071	0
780990	5129	5000	0.5	1	1.1547	0
788864	5170	5000	0.25	1	1.32288	0
805520	5211	5000	0.416667	1	1.14261	0
819160	5252	5000	0.416667	1	1.28019	0
829020	5293	5000	0.5	1	1.41421	0
834032	5334	5000	0.416667	1	1.51841	0
840375	5375	5000	0.333333	1	1.10554	0
841038	5417	5000	0.75	1	2.17945	0
849449	5458	5000	0.5	1	1.52753	0
852036	5499	5000	0.625	1	1.89846	0
856976	5540	5000	0.5	1	1.41421	0
858570	5581	5000	0.291667	1	1.0769	0
863695	5622	5000	0.75	1	1.44338	0
878406	5663	5000	0.833333	1	1.59861	0
887232	5704	5000	0.458333	1	1.2883	0
894081	5745	5000	0.708333	1	1.57894	0
897124	5786	5000	0.416667	1	1.51841	0
899342	5827	5000	0.416667	1	0.986013	0
899847	5868	5000	0.291667	1	0.909059	0
905087	5909	5000	0.583333	1	1.72401	0
908171	5950	5000	0.541667	1	1.52525	0
910420	5991	5000	0.5	1	1.29099	0
910746	6032	5000	0.5	1	1.29099	0
915165	6073	5000	0.5	1	1.52753	0
922089	6114	5000	0.583333	1	1.40436	0
927841	6155	5000	0.5	1	1.1547	0
932082	6196	5000	0.208333	1	0.812233	0
934386	6237	5000	0.666667	1	1.37437	0
935856	6278	5000	0.625	1	1.39194	0
940798	6319	5000	0.666667	1	1.37437	0
942039	6360	5000	0.541667	1	1.41176	0
945446	6401	5000	0.75	1	1.84842	0
949291	6442	5000	0.541667	1	1.41176	0
952525	6484	5000	0.5	1	1.91485	0
957111	6525	5000	0.458333	1	1.2883	0
959931	6566	5000	0.375	1	1.12731	0
964372	6607	5000	0.666667	1	1.37437	0
970638	6648	5000	0.458333	1	1.15169	0
973618	6689	5000	0.291667	1	1.0769	0
974430	6730	5000	0.458333	1	1.2883	0
980504	6771	5000	0.416667	1	1.51841	0
985106	6812	5000	0.708333	1	1.86897	0
988820	6853	5000	0.791667	1	1.99826	0
990472	6894	5000	0.583333	1	1.40436	0
990968	6935	5000	0.583333	1	1.28019	0
998064	6976	5000	0.458333	1	1.15169	0
1008153	7017	5000	0.708333	1	1.68119	0
1011655	7058	5000	0.625	1	1.39194	0
1013511	7099	5000	0.583333	1	1.40436	0
1014953	7140	5000	0.375	1	1.39194	0
1022450	7181	5000	0.875	1	1.45057	0
1031501	7222	5000	0.416667	1	1.14261	0
1032666	7263	5000	0.666667	1	1.24722	0
1033292	7304	5000	0.458333	1	1.2883	0
1044214	7345	5000	0.666667	1	1.59861	0
1058352	7386	5000	0.333333	1	1.10554	0
1064723	7427	5000	0.5	1	1.1547	0
1070941	7468	5000	0.666667	1	1.49071	0
1074498	7509	5000	0.541667	1	1.73004	0
1076426	7551	5000	0.5	1	1.63299	0
1081976	7592	5000	0.458333	1	1.2883	0
1086648	7633	5000	0.375	1	1.12731	0
1088675	7674	5000	0.583333	1	1.40436	0
1089278	7715	5000	0.541667	1	1.41176	0
1103135	7756	5000	0.458333	1	1.63087	0
1113699	7797	5000	0.583333	1	1.81812	0
1121790	7838	5000	0.333333	1	1.10554	0
1125290	7879	5000	0.541667	1	1.52525	0
1128956	7920	5000	0.458333	1	1.2883	0
1130881	7961	5000	0.583333	1	1.51841	0
1131193	8002	5000	0.5	1	1.52753	0
1135306	8043	5000	0.458333	1	1.2883	0
1144934	8084	5000	0.333333	1	1.10554	0
1149341	8125	5000	0.416667	1	1.14261	0
1151441	8166	5000	0.625	1	1.39194	0
1152392	8207	5000	0.5	1	1.29099	0
1154372	8248	5000	0.458333	1	1.41176	0
1158882	8289	5000	0.583333	1	1.28019	0
1164432	8330	5000	0.5	1	1.29099	0
1165664	8371	5000	0.583333	1	1.40436	0
1170552	8412	5000	0.541667	1	1.41176	0
1181555	8453	5000	0.416667	1	1.14261	0
1189710	8494	5000	0.291667	1	1.0769	0
1194426	8535	5000	0.333333	1	0.942809	0
1196863	8576	5000	0.75	1	2.25462	0
1198119	8617	5000	0.375	1	1.39194	0
1202348	8659	5000	0.291667	1	0.909059	0
1214266	8700	5000	0.291667	1	1.0769	0
1224713	8741	5000	0.375	1	1.12731	0
1239853	8782	5000	0.5	1	1.41421	0
1244837	8823	5000	0.5	1	1.29099	0
1247828	8864	5000	0.458333	1	1.41176	0
1249483	8905	5000	0.375	1	1.39194	0
1251046	8946	5000	0.416667	1	1.51841	0
1259128	8987	5000	0.625	1	1.71391	0
1262840	9028	5000	0.5	1	1.52753	0
1265232	9069	5000	0.375	1	1.26656	0
1266161	9110	5000	0.541667	1	1.2883	0
1266656	9151	5000	0.375	1	1.26656	0
1267783	9192	5000	0.458333	1	1.15169	0
1272174	9233	5000	0.75	1	1.75594	0
1281406	9274	5000	0.416667	1	0.986013	0
1287275	9315	5000	0.458333	1	1.41176	0
1291964	9356	5000	0.541667	1	1.41176	0
1295149	9397	5000	0.291667	1	0.909059	0
1297535	9438	5000	0.458333	1	1.41176	0
1298661	9479	5000	0.583333	1	1.14261	0
1302584	9520	5000	0.541667	1	1.73004	0
1306084	9561	5000	0.541667	1	1.63087	0
1309109	9602	5000	0.791667	1	1.52525	0
1311732	9643	5000	0.333333	1	1.24722	0
1313256	9684	5000	0.625	1	1.39194	0
1319007	9726	5000	0.583333	1	1.62447	0
1320657	9767	5000	0.25	1	1.04083	0
1322238	9808	5000	0.5	1	1.1547	0
1325619	9849	5000	0.375	1	0.968246	0
1328472	9890	5000	0.458333	1	1.2883	0
1332880	9931	5000	0.458333	1	1.15169	0
1339771	9972	5000	0.583333	1	1.28019	0
1352718	10013	5000	0.583333	1	1.40436	0
1361535	10054	5000	0.583333	1	1.14261	0
1369328	10095	5000	0.416667	1	1.28019	0
1375332	10136	5000	0.458333	1	1.73004	0
1379645	10177	5000	0.5	1	1.41421	0
1380916	10218	5000	0.75	1	1.32288	0
1385155	10259	5000	0.333333	1	1.10554	0
1391818	10300	5000	0.333333	1	1.24722	0
1401446	10341	5000	0.5	1	1.52753	0
1407704	10382	5000	0.375	1	1.50693	0
1410714	10423	5000	0.458333	1	1.15169	0
1413609	10464	5000	0.583333	1	1.72401	0
1414962	10505	5000	0.583333	1	1.40436	0
1418272	10546	5000	0.208333	1	0.812233	0
1420953	10587	5000	0.416667	1	1.28019	0
1424427	10628	5000	0.583333	1	1.62447	0
1425807	10669	5000	0.416667	1	1.14261	0
1426437	10710	5000	0.333333	1	0.942809	0
1427422	10751	5000	0.458333	1	1.2883	0
1431204	10793	5000	0.666667	1	1.49071	0
1433830	10834	5000	0.333333	1	0.942809	0
1434802	10875	5000	0.5	1	1.1547	0
1438978	10916	5000	0.791667	1	1.41176	0
1445988	10957	5000	0.583333	1	1.14261	0
1458372	10998	5000	0.333333	1	0.942809	0
1464756	11039	5000	0.25	1	1.04083	0
1468183	11080	5000	0.583333	1	1.62447	0
1469673	11121	5000	0.541667	1	1.52525	0
1470435	11162	5000	0.458333	1	1.2883	0
1472606	11203	5000	0.333333	1	1.37437	0
1476273	11244	5000	0.375	1	1.12731	0
1478260	11285	5000	0.458333	1	1.52525	0
1481904	11326	5000	0.291667	1	0.909059	0
1486588	11367	5000	0.25	1	1.04083	0
1490409	11408	5000	0.333333	1	0.942809	0
1492299	11449	5000	0.541667	1	1.63087	0
1493080	11490	5000	0.458333	1	1.41176	0
1496567	11531	5000	0.166667	1	0.745356	0
1503684	11572	5000	0.583333	1	1.90759	0
1507497	11613	5000	0.291667	1	1.0769	0
1511823	11654	5000	0.416667	1	1.14261	0
1513313	11695	5000	0.625	1	1.50693	0
1517003	11736	5000	0.333333	1	1.24722	0
1522572	11777	5000	0.666667	1	1.59861	0
1524735	11818	5000	0.333333	1	1.10554	0
1526447	11859	5000	0.416667	1	1.28019	0
1531713	11901	5000	0.375	1	1.12731	0
1535774	11942	5000	0.333333	1	1.10554	0
1537595	11983	5000	0.541667	1	1.52525	0
1538793	12024	5000	0.583333	1	1.62447	0
1539948	12065	5000	0.583333	1	1.62447	0
1546294	12106	5000	0.625	1	1.50693	0
1549202	12147	5000	0.625	1	1.50693	0
1550732	12188	5000	0.541667	1	1.41176	0
1552012	12229	5000	0.583333	1	1.62447	0
1555402	12270	5000	0.458333	1	1.2883	0
1557862	12311	5000	0.5	1	1.41421	0
1561209	12352	5000	0.5	1	1.1547	0
1564631	12393	5000	0.416667	1	1.14261	0
1571772	12434	5000	0.458333	1	1.15169	0
1576391	12475	5000	0.541667	1	0.996522	0
1578028	12516	5000	0.666667	1	1.49071	0
1578897	12557	5000	0.625	1	1.61374	0
1586028	12598	5000	0.416667	1	1.28019	0
1593839	12639	5000	0.875	1	1.76186	0
1597400	12680	5000	0.5	1	1.29099	0
1601324	12721	5000	0.541667	1	1.2883	0
1603864	12762	5000	0.541667	1	1.15169	0
1606001	12803	5000	0.583333	1	1.72401	0
1610378	12844	5000	0.333333	1	1.49071	0
1611583	12885	5000	0.666667	1	2.13437	0
1612480	12926	5000	0.666667	1	1.79505	0
1616826	12968	5000	0.291667	1	1.35144	0
1619914	13009	5000	0.416667	1	1.28019	0
1621095	13050	5000	0.75	1	1.75594	0
1621903	13091	5000	0.541667	1	1.63087	0
1626227	13132	5000	0.791667	1	1.41176	0
1632845	13173	5000	0.416667	1	1.14261	0
1640661	13214	5000	0.708333	1	1.77756	0
1645740	13255	5000	0.458333	1	1.15169	0
1647982	13296	5000	0.333333	1	0.942809	0
1654003	13337	5000	0.708333	1	1.35144	0
1659954	13378	5000	0.708333	1	1.4696	0
1662750	13419	5000	0.208333	1	0.812233	0
1668270	13460	5000	0.375	1	1.12731	0
1675324	13501	5000	0.5	1	1.29099	0
1679464	13542	5000	0.458333	1	1.52525	0
1682595	13583	5000	0.416667	1	1.14261	0
1687148	13624	5000	0.458333	1	1.52525	0
1688715	13665	5000	0.458333	1	1.63087	0
1694823	13706	5000	0.333333	1	1.10554	0
1704428	13747	5000	0.5	1	1.29099	0
1710670	13788	5000	0.583333	1	1.51841	0
1714802	13829	5000	0.791667	1	1.99826	0
1719408	13870	5000	0.375	1	1.12731	0
1723918	13911	5000	0.666667	1	1.49071	0
1730657	13952	5000	0.416667	1	1.28019	0
1735885	13993	5000	0.75	1	2.02073	0
1740940	14035	5000	0.458333	1	2.08	0
1742839	14076	5000	0.5	1	1.1547	0
1744824	14117	5000	0.416667	1	1.51841	0
1746992	14158	5000	0.75	1	1.55456	0
1750020	14199	5000	0.541667	1	1.2883	0
1751619	14240	5000	0.666667	1	1.59861	0
1753213	14281	5000	0.583333	1	1.62447	0
1756016	14322	5000	0.5	1	1.1547	0
1757203	14363	5000	0.416667	1	1.28019	0
1758284	14404	5000	0.583333	1	1.81812	0
1762723	14445	5000	0.5	1	1.41421	0
1765275	14486	5000	0.541667	1	1.52525	0
1767564	14527	5000	0.333333	1	1.10554	0
1769262	14568	5000	0.291667	1	0.909059	0
1770526	14609	5000	0.333333	1	0.942809	0
1772157	14650	5000	0.458333	1	1.2883	0
1775081	14691	5000	0.541667	1	1.63087	0
1777142	14732	5000	0.25	1	0.866025	0
1778307	14773	5000	0.5	1	1.52753	0
1779746	14814	5000	0.291667	1	0.909059	0
1780557	14855	5000	0.458333	1	1.15169	0
1781717	14896	5000	0.541667	1	1.41176	0
1785614	14937	5000	0.583333	1	1.51841	0
1790134	14978	5000	0.666667	1	1.88562	0
1795374	15019	5000	0.416667	1	1.28019	0
1796651	15060	5000	0.541667	1	1.2883	0
1799038	15102	5000	0.458333	1	1.52525	0
1803127	15143	5000	0.416667	1	1.14261	0
1804038	15184	5000	0.541667	1	1.41176	0
1805142	15225	5000	0.458333	1	1.15169	0
1809276	15266	5000	0.583333	1	1.62447	0
1818207	15307	5000	0.458333	1	1.41176	0
1834234	15348	5000	0.541667	1	1.2883	0
1838521	15389	5000	0.625	1	1.50693	0
1844393	15430	5000	0.333333	1	1.24722	0
1848580	15471	5000	0.5	1	2	0
1852090	15512	5000	0.916667	1	1.72401	0
1853454	15553	5000	0.541667	1	1.41176	0
1854395	15594	5000	0.333333	1	1.24722	0
1855034	15635	5000	0.666667	1	1.37437	0
1862350	15676	5000	0.75	1	1.44338	0
1871142	15717	5000	0.5	1	1.29099	0
1874849	15758	5000	0.416667	1	1.51841	0
1877306	15799	5000	0.583333	1	1.40436	0
1878171	15840	5000	0.666667	1	1.37437	0
1879111	15881	5000	0.25	1	1.04083	0
1881131	15922	5000	0.375	1	0.968246	0
1884928	15963	5000	0.375	1	1.50693	0
1890213	16004	5000	0.583333	1	1.51841	0
1898017	16045	5000	0.583333	1	1.40436	0
1903652	16086	5000	0.416667	1	2.15381	0
1906366	16127	5000	0.5	1	1.52753	0
1909159	16168	5000	0.166667	1	0.745356	0
1909900	16210	5000	0.416667	1	1.51841	0
1915466	16251	5000	0.458333	1	1.2883	0
1917355	16292	5000	0.416667	1	1.14261	0
1918510	16333	5000	0.375	1	1.26656	0
1919116	16374	5000	0.5	1	1.41421	0
1923741	16415	5000	0.666667	1	1.49071	0
1928574	16456	5000	0.541667	1	1.2883	0
1930425	16497	5000	0.458333	1	1.2883	0
1932482	16538	5000	0.5	1	1.1547	0
1937351	16579	5000	0.75	1	1.93649	0
1943728	16620	5000	0.333333	1	1.10554	0
1948141	16661	5000	0.458333	1	1.2883	0
1950998	16702	5000	0.416667	1	1.14261	0
1952582	16743	5000	0.416667	1	1.28019	0
1953956	16784	5000	0.708333	1	1.77756	0
1960438	16825	5000	0.583333	1	1.28019	0
1965843	16866	5000	0.375	1	1.26656	0
1975823	16907	5000	0.0833333	1	0.552771	0
1981329	16948	5000	0.416667	1	1.14261	0
1985421	16989	5000	0.541667	1	1.41176	0
1987202	17030	5000	0.583333	1	1.51841	0
1989708	17071	5000	0.541667	1	1.52525	0
1997992	17112	5000	0.416667	1	0.986013	0
2001337	17153	5000	0.541667	1	1.63087	0
2002931	17194	5000	0.458333	1	1.2883	0
2003513	17235	5000	0.583333	1	1.28019	0
2007362	17277	5000	0.416667	1	1.14261	0
2009717	17318	5000	0.666667	1	1.69967	0
2013039	17359	5000	0.583333	1	1.40436	0
2014118	17400	5000	0.333333	1	1.10554	0
2018276	17441	5000	0.541667	1	1.52525	0
2024242	17482	5000	0.416667	1	1.51841	0
2029553	17523	5000	0.375	1	1.12731	0
2034824	17564	5000	0.5	1	1.41421	0
2038431	17605	5000	0.458333	1	1.2883	0
2041218	17646	5000	0.25	1	0.866025	0
2042910	17687	5000	0.375	1	1.26656	0
2044779	17728	5000	0.291667	1	0.909059	0
2048831	17769	5000	0.25	1	0.866025	0
2052227	17810	5000	0.5	1	1.1547	0
2057945	17851	5000	0.333333	1	1.24722	0
2059117	17892	5000	0.625	1	1.89846	0
2063100	17933	5000	0.333333	1	1.10554	0
2068020	17974	5000	0.791667	1	1.73004	0
2074267	18015	5000	0.583333	1	1.28019	0
2077781	18056	5000	0.625	1	1.80854	0
2081065	18097	5000	0.583333	1	1.62447	0
2083896	18138	5000	0.416667	1	0.986013	0
2087469	18179	5000	0.583333	1	1.40436	0
2089743	18220	5000	0.75	1	1.55456	0
2095622	18261	5000	0.416667	1	1.28019	0
2098805	18302	5000	0.375	1	1.12731	0
2099589	18344	5000	0.416667	1	1.40436	0
2101951	18385	5000	0.583333	1	1.62447	0
2106905	18426	5000	0.583333	1	1.28019	0
2109983	18467	5000	0.25	1	1.04083	0
2112662	18508	5000	0.375	1	1.26656	0
2114232	18549	5000	0.416667	1	1.14261	0
2119252	18590	5000	0.458333	1	1.15169	0
2122056	18631	5000	0.541667	1	1.41176	0
2124453	18672	5000	0.541667	1	1.15169	0
2125987	18713	5000	0.458333	1	1.41176	0
2127179	18754	5000	0.541667	1	1.2883	0
2128952	18795	5000	0.375	1	1.12731	0
2132541	18836	5000	0.291667	1	1.0769	0
2135036	18877	5000	0.5	1	1.52753	0
2137797	18918	5000	0.583333	1	1.28019	0
2139865	18959	5000	0.833333	1	1.69967	0
2143179	19000	5000	0.583333	1	1.62447	0
2150074	19041	5000	0.625	1	1.39194	0
2153821	19082	5000	0.5	1	1.41421	0
2156950	19123	5000	0.458333	1	0.996522	0
2161810	19164	5000	0.416667	1	1.40436	0
2166277	19205	5000	0.416667	1	1.40436	0
2171378	19246	5000	0.791667	1	2.37902	0
2173593	19287	5000	0.583333	1	1.62447	0
2174475	19328	5000	0.708333	1	1.68119	0
2175524	19369	5000	0.375	1	0.968246	0
2178501	19410	5000	0.625	1	1.80854	0
2182440	19452	5000	0.375	1	1.12731	0
2186355	19493	5000	0.666667	1	1.69967	0
2189409	19534	5000	0.5	1	1.63299	0
2191790	19575	5000	0.541667	1	1.2883	0
2194835	19616	5000	0.375	1	1.26656	0
2198414	19657	5000	0.75	1	1.65831	0
2201782	19698	5000	0.583333	1	1.28019	0
2205553	19739	5000	0.5	1	1.41421	0
2212044	19780	5000	0.625	1	1.50693	0
2217208	19821	5000	0.5	1	1.1547	0
2220893	19862	5000	0.5	1	1.1547	0
2222212	19903	5000	0.416667	1	1.14261	0
2225705	19944	5000	0.416667	1	1.14261	0
2241091	19985	5000	0.541667	1	1.82384	0
2244426	20026	5000	0.541667	1	1.2883	0
2245699	20067	5000	0.666667	1	1.59861	0
2246575	20108	5000	0.375	1	1.26656	0
2250146	20149	5000	0.625	1	1.71391	0
2254616	20190	5000	0.583333	1	1.62447	0
2258567	20231	5000	0.458333	1	1.73004	0
2261314	20272	5000	0.5	1	1.52753	0
2262826	20313	5000	0.75	1	1.65831	0
2266201	20354	5000	0.458333	1	1.2883	0
2267585	20395	5000	0.5	1	1.29099	0
2270349	20436	5000	0.416667	1	1.28019	0
2272795	20477	5000	0.541667	1	1.41176	0
2278049	20519	5000	0.291667	1	1.0769	0
2282502	20560	5000	0.541667	1	1.52525	0
2284784	20601	5000	0.541667	1	2.08	0
2287627	20642	5000	0.5	1	1	0
2290605	20683	5000	0.583333	1	1.51841	0
2295131	20724	5000	0.5	1	1.52753	0
2297153	20765	5000	0.458333	1	1.41176	0
2300233	20806	5000	0.375	1	0.968246	0
2300923	20847	5000	0.541667	1	1.41176	0
2304218	20888	5000	0.666667	1	1.37437	0
2305499	20929	5000	0.416667	1	1.28019	0
2308543	20970	5000	0.208333	1	0.812233	0
2319866	21011	5000	0.375	1	1.26656	0
2323190	21052	5000	0.25	1	1.19024	0
2326752	21093	5000	0.375	1	1.12731	0
2331103	21134	5000	0.458333	1	1.15169	0
2331915	21175	5000	0.458333	1	1.2883	0
2336633	21216	5000	0.583333	1	1.14261	0
2339437	21257	5000	0.5	1	1.29099	0
2341320	21298	5000	0.25	1	1.04083	0
2342782	21339	5000	0.708333	1	1.86897	0
2346647	21380	5000	0.625	1	1.89846	0
2352225	21421	5000	0.625	1	1.39194	0
2353884	21462	5000	0.458333	1	1.2883	0
2358131	21503	5000	0.666667	1	1.88562	0
2359057	21544	5000	0.708333	1	1.35144	0
2362048	21586	5000	0.625	1	1.26656	0
2364926	21627	5000	0.625	1	1.39194	0
2366100	21668	5000	0.416667	1	1.28019	0
2368811	21709	5000	0.5	1	1.29099	0
2371915	21750	5000	0.583333	1	1.14261	0
2373098	21791	5000	0.416667	1	1.28019	0
2373581	21832	5000	0.5	1	1.41421	0
2376702	21873	5000	0.458333	1	1.63087	0
2380948	21914	5000	0.583333	1	1.28019	0
2384971	21955	5000	0.375	1	1.26656	0
2388753	21996	5000	0.333333	1	1.10554	0
2392346	22037	5000	0.208333	1	0.812233	0
2405904	22078	5000	0.833333	1	1.69967	0
2409198	22119	5000	0.458333	1	1.52525	0
2411806	22160	5000	0.5	1	1.29099	0
2416171	22201	5000	0.458333	1	1.2883	0
2417265	22242	5000	0.458333	1	1.2883	0
2418511	22283	5000	0.541667	1	1.2883	0
2420072	22324	5000	0.541667	1	1.63087	0
2422004	22365	5000	0.333333	1	1.24722	0
2426557	22406	5000	0.625	1	1.39194	0
2428700	22447	5000	0.375	1	1.26656	0
2431082	22488	5000	0.416667	1	1.14261	0
2432821	22529	5000	0.833333	1	1.69967	0
2435021	22570	5000	0.541667	1	1.41176	0
2437841	22611	5000	0.5	1	1.52753	0
2440352	22653	5000	0.333333	1	1.37437	0
2441793	22694	5000	0.541667	1	1.2883	0
2443482	22735	5000	0.375	1	1.12731	0
2445210	22776	5000	0.541667	1	1.52525	0
2449315	22817	5000	0.458333	1	1.41176	0
2451233	22858	5000	0.125	1	0.661438	0
2453400	22899	5000	0.625	1	1.50693	0
2454135	22940	5000	0.291667	1	1.0769	0
2455541	22981	5000	0.458333	1	1.15169	0
2459305	23022	5000	0.541667	1	1.41176	0
2464661	23063	5000	0.416667	1	0.986013	0
2469015	23104	5000	0.75	1	1.44338	0
2473281	23145	5000	0.375	1	1.12731	0
2476590	23186	5000	0.333333	1	0.942809	0
2481343	23227	5000	0.625	1	1.89846	0
2488052	23268	5000	0.5	1	1.29099	0
2491459	23309	5000	0.5	1	1.41421	0
2494035	23350	5000	0.583333	1	1.28019	0
2494834	23391	5000	0.875	1	1.66458	0
2499599	23432	5000	0.291667	1	1.0769	0
2503840	23473	5000	0.666667	1	1.49071	0
2512702	23514	5000	0.458333	1	1.41176	0
2518326	23555	5000	0.375	1	1.26656	0
2520513	23596	5000	0.291667	1	1.0769	0
2525813	23637	5000	0.166667	1	0.745356	0
2536568	23678	5000	0.458333	1	1.15169	0
2539524	23719	5000	0.458333	1	1.2883	0
2542620	23761	5000	0.375	1	1.12731	0
2543895	23802	5000	0.375	1	1.26656	0
2546740	23843	5000	0.583333	1	1.40436	0
2550195	23884	5000	0.541667	1	1.41176	0
2552213	23925	5000	0.541667	1	1.2883	0
2556267	23966	5000	0.5	1	1.63299	0
2560581	24007	5000	0.458333	1	1.15169	0
2562628	24048	5000	0.458333	1	1.52525	0
2566311	24089	5000	0.541667	1	1.63087	0
2568994	24130	5000	0.625	1	1.26656	0
2571966	24171	5000	0.416667	1	1.28019	0
2574511	24212	5000	0.5	1	1.1547	0
2579344	24253	5000	0.708333	1	1.22191	0
2586183	24294	5000	0.583333	1	1.40436	0
2595526	24335	5000	0.416667	1	1.14261	0
2601139	24376	5000	0.291667	1	0.909059	0
2614553	24417	5000	0.375	1	1.12731	0
2619997	24458	5000	0.458333	1	1.15169	0
2630899	24499	5000	0.5	1	1.63299	0
2643323	24540	5000	0.625	1	1.39194	0
2650149	24581	5000	0.375	1	1.12731	0
2653987	24622	5000	0.5	1	1.29099	0
2661191	24663	5000	0.541667	1	1.2883	0
2669153	24704	5000	0.791667	1	1.82384	0
2672062	24745	5000	0.458333	1	1.15169	0
2674710	24786	5000	0.625	1	1.61374	0
2677367	24828	5000	0.25	1	1.04083	0
2680440	24869	5000	0.458333	1	1.2883	0
2685076	24910	5000	0.541667	1	1.2883	0
2688246	24951	5000	0.416667	1	1.28019	0
2690545	24992	5000	0.416667	1	1.14261	0
2694606	25033	5000	0.541667	1	1.41176	0
2697413	25074	5000	0.5	1	1.63299	0
2698030	25115	5000	0.333333	1	1.10554	0
2702872	25156	5000	0.458333	1	1.52525	0
2706705	25197	5000	0.541667	1	1.2883	0
2712426	25238	5000	0.541667	1	1.41176	0
2717572	25279	5000	0.625	1	1.26656	0
2718765	25320	5000	0.375	1	1.26656	0
2720134	25361	5000	0.625	1	1.61374	0
2727869	25402	5000	0.375	1	1.50693	0
2736187	25443	5000	0.541667	1	1.2883	0
2742791	25484	5000	0.5	1	1.52753	0
2748788	25525	5000	0.416667	1	1.40436	0
2753237	25566	5000	0.5	1	1.29099	0
2754712	25607	5000	0.458333	1	0.996522	0
2755257	25648	5000	0.25	1	0.866025	0
2759871	25689	5000	0.416667	1	1.28019	0
2764271	25730	5000	0.583333	1	1.81812	0
2770318	25771	5000	0.416667	1	1.28019	0
2775847	25812	5000	0.5	1	1.63299	0
2779916	25853	5000	0.333333	1	1.37437	0
2786720	25895	5000	0.291667	1	0.909059	0
2789112	25936	5000	0.375	1	1.12731	0
2790640	25977	5000	0.458333	1	1.15169	0
2793000	26018	5000	0.375	1	1.12731	0
2794345	26059	5000	0.625	1	1.61374	0
2796567	26100	5000	0.375	1	1.26656	0
2797464	26141	5000	0.458333	1	1.2883	0
2798093	26182	5000	0.541667	1	1.52525	0
2799999	26223	5000	0.541667	1	1.41176	0
2803483	26264	5000	0.333333	1	0.942809	0
2805102	26305	5000	0.25	1	1.04083	0
2806235	26346	5000	0.5	1	1.41421	0
2808220	26387	5000	0.333333	1	1.10554	0
2810308	26428	5000	0.333333	1	1.10554	0
2812213	26469	5000	0.5	1	1.29099	0
2813989	26510	5000	0.333333	1	1.24722	0
2817320	26551	5000	0.541667	1	1.52525	0
2819363	26592	5000	0.583333	1	1.40436	0
2820693	26633	5000	0.583333	1	1.28019	0
2822270	26674	5000	0.333333	1	1.10554	0
2825771	26715	5000	0.541667	1	1.52525	0
2829023	26756	5000	0.666667	1	1.37437	0
2832344	26797	5000	0.208333	1	0.996522	0
2834487	26838	5000	0.625	1	1.26656	0
2835938	26879	5000	0.416667	1	1.40436	0
2836803	26920	5000	0.583333	1	1.28019	0
2845981	26961	5000	0.666667	1	1.88562	0
2850806	27003	5000	0.541667	1	1.41176	0
2854001	27044	5000	0.291667	1	0.909059	0
2855940	27085	5000	0.541667	1	1.41176	0
2857858	27126	5000	0.166667	1	0.745356	0
2859648	27167	5000	0.416667	1	1.14261	0
2862412	27208	5000	0.5	1	1.1547	0
2864383	27249	5000	0.5	1	1.29099	0
2869501	27290	5000	0.625	1	1.39194	0
2872206	27331	5000	0.291667	1	1.0769	0
2875533	27372	5000	0.416667	1	1.14261	0
2878904	27413	5000	0.375	1	1.50693	0
2883611	27454	5000	0.458333	1	1.15169	0
2887699	27495	5000	0.708333	1	1.95612	0
2890154	27536	5000	0.541667	1	1.52525	0
2892052	27577	5000	0.291667	1	1.0769	0
2893555	27618	5000	0.416667	1	1.28019	0
2896602	27659	5000	0.333333	1	1.10554	0
2900081	27700	5000	0.5	1	1.52753	0
2903304	27741	5000	0.583333	1	1.40436	0
2906010	27782	5000	0.375	1	1.12731	0
2908825	27823	5000	0.5	1	1.1547	0
2911730	27864	5000	0.25	1	1.04083	0
2914834	27905	5000	0.708333	1	1.95612	0
2917930	27946	5000	0.458333	1	1.2883	0
2920145	27987	5000	0.583333	1	1.28019	0
2925067	28028	5000	0.375	1	0.968246	0
2926636	28070	5000	0.5	1	1	0
2927889	28111	5000	0.5	1	1.82574	0
2928843	28152	5000	0.708333	1	1.4696	0
2930365	28193	5000	0.583333	1	1.40436	0
2934921	28234	5000	0.583333	1	1.28019	0
2935948	28275	5000	0.583333	1	1.51841	0
2938513	28316	5000	0.625	1	1.26656	0
2940937	28357	5000	0.583333	1	1.62447	0
2946287	28398	5000	0.583333	1	1.28019	0
2951759	28439	5000	0.375	1	1.12731	0
2958662	28480	5000	0.5	1	1.63299	0
2969926	28521	5000	0.333333	1	1.10554	0
2984912	28562	5000	0.375	1	0.968246	0
2996700	28603	5000	0.416667	1	1.14261	0
3004197	28644	5000	0.458333	1	1.2883	0
3009850	28685	5000	0.25	1	1.04083	0
3014048	28726	5000	0.5	1	1.1547	0
3015921	28767	5000	0.5	1	1.63299	0
3019287	28808	5000	0.416667	1	1.14261	0
3022581	28849	5000	0.541667	1	1.52525	0
3025286	28890	5000	0.416667	1	1.28019	0
3029002	28931	5000	0.541667	1	1.15169	0
3034803	28972	5000	0.5	1	1.52753	0
3039554	29013	5000	0.416667	1	1.14261	0
3042145	29054	5000	0.541667	1	1.52525	0
3045683	29095	5000	0.333333	1	1.24722	0
3049593	29137	5000	0.583333	1	1.28019	0
3055774	29178	5000	0.458333	1	1.52525	0
3060471	29219	5000	0.458333	1	1.41176	0
3082773	29260	5000	0.375	1	1.39194	0
3088777	29301	5000	0.25	1	1.04083	0
3093066	29342	5000	0.333333	1	0.942809	0
3095805	29383	5000	0.458333	1	1.15169	0
3100569	29424	5000	0.416667	1	0.986013	0
3107434	29465	5000	0.458333	1	1.73004	0
3123086	29506	5000	0.666667	1	1.59861	0
3127369	29547	5000	0.375	1	1.50693	0
3131766	29588	5000	0.541667	1	1.52525	0
3134696	29629	5000	0.333333	1	0.942809	0
3137163	29670	5000	0.291667	1	1.0769	0
3141717	29711	5000	0.583333	1	1.81812	0
3149145	29752	5000	0.541667	1	1.41176	0
3161837	29793	5000	0.541667	1	1.15169	0
3164660	29834	5000	0.416667	1	1.14261	0
3166946	29875	5000	0.416667	1	1.28019	0
3169462	29916	5000	0.75	1	1.44338	0
3170847	29957	5000	0.416667	1	1.40436	0
3173624	29998	5000	0.375	1	0.968246	0
3176378	30039	5000	0.666667	1	1.49071	0
3177894	30080	5000	0.333333	1	1.24722	0
3183056	30121	5000	0.458333	1	1.41176	0
3187195	30162	5000	0.625	1	1.89846	0
3189074	30204	5000	0.458333	1	1.15169	0
3192174	30245	5000	0.5	1	1.41421	0
3195336	30286	5000	0.375	1	0.968246	0
3197974	30327	5000	0.791667	1	1.41176	0
3202668	30368	5000	0.416667	1	0.986013	0
3205971	30409	5000	0.458333	1	1.41176	0
3207474	30450	5000	0.416667	1	1.40436	0
3211072	30491	5000	0.416667	1	1.28019	0
3213672	30532	5000	0.375	1	0.968246	0
3217045	30573	5000	0.583333	1	1.62447	0
3222782	30614	5000	0.208333	1	0.812233	0
3224110	30655	5000	0.541667	1	1.15169	0
3225652	30696	5000	0.5	1	1.52753	0
3228259	30737	5000	0.5	1	1.29099	0
3230042	30778	5000	0.541667	1	1.41176	0
3231016	30819	5000	0.625	1	2.14573	0
3233490	30860	5000	0.625	1	1.50693	0
3234544	30901	5000	0.333333	1	1.10554	0
3236590	30942	5000	0.5	1	1.29099	0
3238977	30983	5000	0.333333	1	0.942809	0
3241290	31024	5000	0.708333	1	1.35144	0
3243445	31065	5000	0.583333	1	1.28019	0
3246314	31106	5000	0.583333	1	1.28019	0
3249377	31147	5000	0.541667	1	1.2883	0
3253210	31188	5000	0.416667	1	1.40436	0
3255210	31229	5000	0.5	1	1.29099	0
3258153	31270	5000	0.541667	1	1.2883	0
3261100	31312	5000	0.875	1	2.33184	0
3262361	31353	5000	0.5	1	1.82574	0
3264189	31394	5000	0.416667	1	1.14261	0
3266220	31435	5000	0.458333	1	1.41176	0
3269576	31476	5000	0.333333	1	1.10554	0
3270654	31517	5000	0.375	1	1.12731	0
3271450	31558	5000	0.291667	1	1.0769	0
3272285	31599	5000	0.333333	1	1.10554	0
3274059	31640	5000	0.791667	1	1.73004	0
3277652	31681	5000	0.458333	1	1.15169	0
3279980	31722	5000	0.333333	1	0.942809	0
3282311	31763	5000	0.458333	1	1.2883	0
3285115	31804	5000	0.125	1	0.661438	0
3287982	31845	5000	0.583333	1	1.28019	0
3290422	31886	5000	0.583333	1	1.81812	0
3293793	31927	5000	0.416667	1	1.40436	0
3297001	31968	5000	0.666667	1	1.37437	0
3299608	32009	5000	0.583333	1	1.28019	0
3303358	32050	5000	0.416667	1	0.986013	0
3304971	32091	5000	0.583333	1	1.40436	0
3306727	32132	5000	0.666667	1	1.24722	0
3308273	32173	5000	0.375	1	1.50693	0
3310238	32214	5000	0.625	1	1.39194	0
3311620	32255	5000	0.583333	1	1.62447	0
3315693	32296	5000	0.541667	1	1.41176	0
3319524	32337	5000	0.541667	1	1.52525	0
3322885	32379	5000	0.416667	1	1.14261	0
3324159	32420	5000	0.583333	1	1.51841	0
3327623	32461	5000	0.541667	1	1.52525	0
3330229	32502	5000	0.541667	1	1.2883	0
3334286	32543	5000	0.625	1	1.26656	0
3337129	32584	5000	0.375	1	1.12731	0
3341978	32625	5000	0.375	1	1.12731	0
3344815	32666	5000	0.541667	1	0.996522	0
3347496	32707	5000	0.458333	1	1.52525	0
3348585	32748	5000	0.5	1	1.1547	0
3349518	32789	5000	0.666667	1	1.97203	0
3353076	32830	5000	0.375	1	0.968246	0
3356327	32871	5000	0.416667	1	1.51841	0
3363160	32912	5000	0.458333	1	1.15169	0
3366736	32953	5000	0.333333	1	1.10554	0
3370683	32994	5000	0.5	1	1.52753	0
3374429	33035	5000	0.25	1	1.04083	0
3376675	33076	5000	0.458333	1	1.2883	0
3381732	33117	5000	0.625	1	1.39194	0
3383954	33158	5000	0.416667	1	1.28019	0
3385478	33199	5000	0.541667	1	1.15169	0
3386436	33240	5000	0.75	1	1.55456	0
3391306	33281	5000	0.583333	1	1.40436	0
3393496	33322	5000	0.541667	1	1.2883	0
3397140	33363	5000	0.625	1	1.80854	0
3398485	33404	5000	0.416667	1	1.14261	0
3400197	33446	5000	0.291667	1	1.35144	0
3401190	33487	5000	0.458333	1	1.2883	0
3402009	33528	5000	0.541667	1	1.41176	0
3402879	33569	5000	0.625	1	1.61374	0
3404812	33610	5000	0.5	1	1.29099	0
3406013	33651	5000	0.791667	1	1.52525	0
3407709	33692	5000	0.416667	1	0.986013	0
3409162	33733	5000	0.416667	1	0.986013	0
3410434	33774	5000	0.5	1	1.1547	0
3412743	33815	5000	0.25	1	0.866025	0
3416150	33856	5000	0.416667	1	1.51841	0
3417899	33897	5000	0.416667	1	0.986013	0
3421704	33938	5000	0.416667	1	1.14261	0
3422545	33979	5000	0.583333	1	1.14261	0
3424289	34020	5000	0.333333	1	1.69967	0
3427373	34061	5000	0.541667	1	1.2883	0
3431907	34102	5000	0.625	1	1.98431	0
3436918	34143	5000	0.416667	1	1.14261	0
3440228	34184	5000	0.333333	1	0.942809	0
3442981	34225	5000	0.5	1	1.29099	0
3447357	34266	5000	0.375	1	1.26656	0
3455064	34307	5000	0.541667	1	1.41176	0
3459085	34348	5000	0.291667	1	1.0769	0
3463575	34389	5000	0.541667	1	1.15169	0
3474956	34430	5000	0.458333	1	1.2883	0
3478430	34471	5000	0.791667	1	1.52525	0
3482769	34512	5000	0.458333	1	1.63087	0
3490583	34554	5000	0.666667	1	1.59861	0
3493905	34595	5000	0.541667	1	1.52525	0
3495609	34636	5000	0.375	1	0.968246	0
3499902	34677	5000	0.5	1	1.52753	0
3506476	34718	5000	0.541667	1	1.2883	0
3513388	34759	5000	0.375	1	1.12731	0
3519402	34800	5000	0.625	1	1.39194	0
3520987	34841	5000	0.375	1	1.50693	0
3525259	34882	5000	0.333333	1	0.942809	0
3532495	34923	5000	0.583333	1	1.51841	0
3535855	34964	5000	0.291667	1	0.909059	0
3546373	35005	5000	0.458333	1	1.15169	0
3551828	35046	5000	0.25	1	0.866025	0
3555915	35087	5000	0.708333	1	1.77756	0
3558736	35128	5000	0.541667	1	1.41176	0
3560830	35169	5000	0.458333	1	1.15169	0
3565877	35210	5000	0.458333	1	1.2883	0
3570456	35251	5000	0.5	1	1.29099	0
3577008	35292	5000	0.416667	1	1.28019	0
3578903	35333	5000	0.666667	1	1.69967	0
3580120	35374	5000	0.541667	1	1.41176	0
3582088	35415	5000	0.541667	1	1.41176	0
3584381	35456	5000	0.416667	1	1.40436	0
3585448	35497	5000	0.416667	1	1.51841	0
3587000	35538	5000	0.458333	1	1.52525	0
3588072	35579	5000	0.458333	1	1.41176	0
3590285	35621	5000	0.333333	1	1.10554	0
3593507	35662	5000	0.333333	1	1.10554	0
3598628	35703	5000	0.5	1	1.1547	0
3610676	35744	5000	0.375	1	1.26656	0
3613573	35785	5000	0.333333	1	0.942809	0
3614182	35826	5000	0.5	1	1.1547	0
3615597	35867	5000	0.416667	1	1.14261	0
3617132	35908	5000	0.5	1	1.63299	0
3618092	35949	5000	0.5	1	1.1547	0
3619953	35990	5000	0.375	1	1.12731	0
3623605	36031	5000	0.416667	1	1.28019	0
3625247	36072	5000	0.375	1	1.12731	0
3626576	36113	5000	0.25	1	0.866025	0
3629031	36154	5000	0.541667	1	1.2883	0
3631029	36195	5000	0.416667	1	1.28019	0
3633188	36236	5000	0.375	1	1.39194	0
3635328	36277	5000	0.458333	1	1.41176	0
3639344	36318	5000	0.25	1	1.04083	0
3647809	36359	5000	0.375	1	1.12731	0
3650710	36400	5000	0.416667	1	0.986013	0
3652120	36441	5000	0.666667	1	1.37437	0
3657593	36482	5000	0.208333	1	0.812233	0
3659948	36523	5000	0.416667	1	1.14261	0
3663038	36564	5000	0.625	1	1.50693	0
3666830	36605	5000	0.5	1	1.1547	0
3672336	36646	5000	0.333333	1	1.10554	0
3676500	36688	5000	0.625	1	1.50693	0
3685388	36729	5000	0.666667	1	1.79505	0
3688241	36770	5000	0.416667	1	1.28019	0
3689027	36811	5000	0.541667	1	1.52525	0
3694548	36852	5000	0.333333	1	0.942809	0
3706584	36893	5000	0.416667	1	1.28019	0
3720263	36934	5000	0.791667	1	2.15864	0
3724131	36975	5000	0.25	1	0.866025	0
3725447	37016	5000	0.5	1	1.1547	0
3727363	37057	5000	0.5	1	1.1547	0
3731476	37098	5000	0.541667	1	1.2883	0
3732763	37139	5000	0.375	1	0.968246	0
3737626	37180	5000	0.458333	1	1.15169	0
3738752	37221	5000	0.375	1	1.12731	0
3740128	37262	5000	0.458333	1	1.41176	0
3741558	37303	5000	0.583333	1	1.28019	0
3743260	37344	5000	0.333333	1	0.942809	0
3746319	37385	5000	0.166667	1	1.10554	0
3747334	37426	5000	0.416667	1	1.14261	0
3749905	37467	5000	0.458333	1	1.2883	0
3753704	37508	5000	0.333333	1	0.942809	0
3756010	37549	5000	0.708333	1	1.77756	0
3758586	37590	5000	0.291667	1	1.0769	0
3761358	37631	5000	0.375	1	1.12731	0
3764960	37672	5000	0.5	1	1.63299	0
3768540	37713	5000	0.583333	1	1.62447	0
3770947	37755	5000	0.333333	1	0.942809	0
3774438	37796	5000	0.458333	1	1.41176	0
3777182	37837	5000	0.291667	1	1.0769	0
3778876	37878	5000	0.541667	1	1.2883	0
3781575	37919	5000	0.458333	1	1.2883	0
3784512	37960	5000	0.5	1	1.29099	0
3786309	38001	5000	0.833333	1	1.88562	0
3787814	38042	5000	0.333333	1	1.10554	0
3791340	38083	5000	0.541667	1	1.41176	0
3793818	38124	5000	0.291667	1	1.0769	0
3796929	38165	5000	0.333333	1	1.10554	0
3798790	38206	5000	0.875	1	1.76186	0
3801586	38247	5000	0.666667	1	1.59861	0
3805045	38288	5000	0.5	1	1	0
3808846	38329	5000	0.541667	1	1.41176	0
3814616	38370	5000	0.75	1	1.44338	0
3817597	38411	5000	0.625	1	1.50693	0
3818405	38452	5000	0.166667	1	0.745356	0
3822194	38493	5000	0.583333	1	1.40436	0
3827123	38534	5000	0.625	1	1.71391	0
3828831	38575	5000	0.458333	1	1.2883	0
3835048	38616	5000	0.416667	1	1.28019	0
3842462	38657	5000	0.541667	1	1.52525	0
3847947	38698	5000	0.333333	1	1.10554	0
3853388	38739	5000	0.458333	1	0.996522	0
3863154	38780	5000	0.666667	1	1.59861	0
3874006	38821	5000	0.291667	1	1.35144	0
3880801	38863	5000	0.5	1	1.41421	0
3887941	38904	5000	0.416667	1	0.986013	0
3890713	38945	5000	0.291667	1	0.909059	0
3892529	38986	5000	0.458333	1	1.2883	0
3893362	39027	5000	0.625	1	1.26656	0
3895457	39068	5000	0.583333	1	1.28019	0
3897506	39109	5000	0.416667	1	1.14261	0
3900310	39150	5000	0.333333	1	1.10554	0
3901986	39191	5000	0.583333	1	1.28019	0
3903325	39232	5000	0.25	1	1.04083	0
3904892	39273	5000	0.666667	1	2.21108	0
3911709	39314	5000	0.75	1	1.65831	0
3920395	39355	5000	0.541667	1	1.52525	0
3923631	39396	5000	0.458333	1	1.63087	0
3927198	39437	5000	0.458333	1	1.2883	0
3929744	39478	5000	0.458333	1	1.41176	0
3932764	39519	5000	0.5	1	1.1547	0
3935914	39560	5000	0.25	1	0.866025	0
3937045	39601	5000	0.333333	1	1.10554	0
3938977	39642	5000	0.416667	1	1.40436	0
3941328	39683	5000	0.416667	1	1.14261	0
3944668	39724	5000	0.5	1	1.29099	0
3949371	39765	5000	0.583333	1	1.62447	0
3950889	39806	5000	0.458333	1	1.15169	0
3953568	39847	5000	0.375	1	0.968246	0
3954859	39888	5000	0.541667	1	1.15169	0
3956996	39930	5000	0.625	1	1.50693	0
3957509	39971	5000	0.333333	1	1.10554	0
3961675	40012	5000	0.333333	1	0.942809	0
3964021	40053	5000	0.375	1	0.968246	0
3967706	40094	5000	0.625	1	1.26656	0
3971516	40135	5000	0.291667	1	0.909059	0
3975625	40176	5000	0.5	1	1.29099	0
3986932	40217	5000	0.333333	1	0.942809	0
3995875	40258	5000	0.208333	1	0.996522	0
3999275	40299	5000	0.333333	1	1.10554	0
4001670	40340	5000	0.416667	1	1.14261	0
4002745	40381	5000	0.5	1	1.41421	0
4004705	40422	5000	0.333333	1	1.10554	0
4006497	40463	5000	0.416667	1	1.40436	0
4008898	40504	5000	0.541667	1	1.82384	0
4016595	40545	5000	0.541667	1	1.52525	0
4026893	40586	5000	0.5	1	1.29099	0
4033233	40627	5000	0.416667	1	0.986013	0
4037063	40668	5000	0.416667	1	1.51841	0
4040426	40709	5000	0.708333	1	2.1969	0
4042060	40750	5000	0.375	1	1.12731	0
4047733	40791	5000	0.25	1	0.866025	0
4052215	40832	5000	0.416667	1	1.40436	0
4058070	40873	5000	0.333333	1	1.10554	0
4062868	40914	5000	0.208333	1	0.996522	0
4064309	40955	5000	0.375	1	0.968246	0
4066548	40997	5000	0.5	1	1.29099	0
4069552	41038	5000	0.416667	1	0.986013	0
4070268	41079	5000	0.416667	1	1.40436	0
4071822	41120	5000	0.5	1	1.29099	0
4073512	41161	5000	0.208333	1	0.812233	0
4080006	41202	5000	0.416667	1	1.81812	0
4080691	41243	5000	0.5	1	1.29099	0
4082307	41284	5000	0.541667	1	1.63087	0
4084071	41325	5000	0.208333	1	0.996522	0
4085642	41366	5000	0.291667	1	1.0769	0
4087000	41407	5000	0.375	1	1.12731	0
4087794	41448	5000	0.625	1	1.26656	0
4089324	41489	5000	0.333333	1	1.10554	0
4095459	41530	5000	0.625	1	1.71391	0
4106527	41571	5000	0.416667	1	1.62447	0
4111365	41612	5000	0.458333	1	1.52525	0
4113160	41653	5000	0.666667	1	1.59861	0
4114065	41694	5000	0.291667	1	0.909059	0
4114550	41735	5000	0.541667	1	1.52525	0
4115627	41776	5000	0.458333	1	1.63087	0
4117226	41817	5000	0.333333	1	1.10554	0
4117738	41858	5000	0.541667	1	1.2883	0
4118373	41899	5000	0.291667	1	1.0769	0
4119035	41940	5000	0.625	1	1.26656	0
4122242	41981	5000	0.416667	1	1.40436	0
4122866	42022	5000	0.791667	1	1.41176	0
4124809	42064	5000	0.5	1	1.52753	0
