population	links	tests	detected	time	error	time_error
30764	163	1200000	116718	17.4167	3438.45	9.32575
47894	245	1200000	116721	16.3438	2475.04	4.29813
102321	327	1200000	116811	16.1354	1405.57	2.69307
128406	409	1200000	116796	16.1354	1241.3	2.57145
136595	491	1200000	116193	16.1771	1219.12	2.66881
149666	572	1200000	114435	16.3438	1321.16	2.52763
193660	654	1200000	107720	16.8958	2285.23	2.40847
204067	736	1200000	104161	17.0417	2412.67	2.38237
206570	818	1200000	103149	17.0833	2420.23	2.39494
222177	900	1200000	101058	17.25	2710.25	2.33287
247381	982	1200000	96500.8	17.5312	2869.78	2.36613
268003	1063	1200000	91416.1	17.75	2869.52	2.54611
278360	1145	1200000	88214.2	17.875	2780.34	2.38796
280412	1227	1200000	87598.4	17.875	2739.81	2.42125
306487	1309	1200000	81989.2	18.1354	2780.56	2.37738
311717	1391	1200000	80701.9	18.2188	2715.32	2.30184
313731	1473	1200000	80292.4	18.25	2670.99	2.41711
321011	1554	1200000	79071.3	18.3438	2735.21	2.36402
325120	1636	1200000	78090.6	18.3854	2696.92	2.50444
352886	1718	1200000	73813	18.6354	2683.6	2.43558
379035	1800	1200000	70387.6	18.8333	2805.39	2.41159
385223	1882	1200000	69572.3	18.9062	2733.62	2.38508
395083	1964	1200000	68070.2	18.9583	2681.03	2.33144
401269	2045	1200000	67130.6	19.0312	2646.71	2.25352
403923	2127	1200000	66720.5	19.0208	2639.85	2.31529
406275	2209	1200000	66467.1	19.0417	2689.63	2.31421
417638	2291	1200000	65279.4	19.125	2683.39	2.26763
419560	2373	1200000	64930	19.1458	2640.9	2.2272
438829	2455	1200000	62772.1	19.2812	2594.58	2.41219
457133	2536	1200000	60694.1	19.4271	2634.68	2.39624
461080	2618	1200000	60161.6	19.4375	2557.31	2.32965
467438	2700	1200000	59478.3	19.5417	2710.8	2.46493
471025	2782	1200000	59147.9	19.5417	2659.08	2.44864
478267	2864	1200000	58503.7	19.5625	2468.33	2.41401
482752	2946	1200000	58010.4	19.6458	2606.67	2.49819
493561	3027	1200000	56905.7	19.7083	2546.48	2.43224
497718	3109	1200000	56494.6	19.75	2503.29	2.49852
500000	3191	1200000	56355.4	19.6979	2516.85	2.4191
501265	3273	1200000	56232.6	19.7188	2469.48	2.44515
528455	3355	1200000	54004.2	19.9167	2506.17	2.44455
540724	3437	1200000	52958.3	19.9583	2482.62	2.34854
542536	3518	1200000	52755.9	19.9792	2510.23	2.29794
572522	3600	1200000	50616.7	20.1667	2422.54	2.23951
583501	3682	1200000	49889	20.2292	2455.94	2.30663
600625	3764	1200000	48707.8	20.3438	2393.28	2.36402
625668	3846	1200000	47017.3	20.4792	2300.45	2.57703
633221	3928	1200000	46542.3	20.5	2309.65	2.4005
637478	4009	1200000	46278.2	20.5625	2256.37	2.46324
642678	4091	1200000	45949.2	20.5938	2274.18	2.47564
652470	4173	1200000	45417.4	20.6562	2275.09	2.43078
672148	4255	1200000	44333.6	20.6979	2245.97	2.4025
680095	4337	1200000	43858.9	20.7396	2200.57	2.53422
688325	4419	1200000	43424	20.7812	2272.91	2.40388
696839	4501	1200000	42967.3	20.8229	2206.07	2.41703
706261	4582	1200000	42581.5	20.8854	2283.28	2.43147
709086	4664	1200000	42443	20.8854	2224.08	2.39833
738126	4746	1200000	41182	21.0104	2152.06	2.28949
759211	4828	1200000	40289.7	21.1042	2169.45	2.28922
773774	4910	1200000	39591.7	21.1458	2116.08	2.31529
777277	4992	1200000	39498.2	21.2083	2180.99	2.38237
779259	5073	1200000	39368	21.1771	2177.76	2.29821
785470	5155	1200000	39089.8	21.2292	2091.8	2.34107
814421	5237	1200000	37839.5	21.375	2121.45	2.43772
832606	5319	1200000	37110.4	21.4583	2074.56	2.46493
840944	5401	1200000	36779.3	21.5104	2002.01	2.49844
850858	5483	1200000	36424.2	21.5625	1969.79	2.46324
858278	5564	1200000	36179.7	21.5417	2043.92	2.57606
874771	5646	1200000	35610.8	21.6042	1901.2	2.44148
892610	5728	1200000	34978.7	21.6875	1904.46	2.4057
898971	5810	1200000	34771.5	21.6979	1965.91	2.45196
903477	5892	1200000	34615.9	21.6979	1958.61	2.46822
910178	5974	1200000	34376.8	21.7396	1876.7	2.51838
912762	6055	1200000	34286.7	21.7396	1874.17	2.50244
924179	6137	1200000	33946.1	21.8125	1815.43	2.4057
933985	6219	1200000	33628.9	21.8021	1879.83	2.49242
938556	6301	1200000	33443	21.8958	1898	2.5221
944566	6383	1200000	33298.4	21.8854	1816.31	2.38158
951629	6465	1200000	33061.4	21.875	1862.3	2.45408
959106	6546	1200000	32801.4	21.8958	1825.65	2.40847
967045	6628	1200000	32577.6	21.9062	1827.07	2.38508
974134	6710	1200000	32391.9	21.9688	1750.93	2.44105
983551	6792	1200000	32122.3	22.0312	1787.38	2.30618
990086	6874	1200000	31917.2	22.0417	1794.81	2.33144
993084	6956	1200000	31791.9	22	1769.73	2.36692
1011196	7037	1200000	31343.2	22.1042	1704.89	2.30663
1013903	7119	1200000	31229.3	22.125	1726.64	2.38796
1030383	7201	1200000	30779.3	22.2188	1721.78	2.40388
1033129	7283	1200000	30710.1	22.1771	1778.15	2.22748
1053100	7365	1200000	30227	22.2812	1723.31	2.3619
1066839	7447	1200000	29861.9	22.2812	1676.6	2.25796
1075276	7528	1200000	29620	22.3333	1699.42	2.44455
1084309	7610	1200000	29414.7	22.3542	1684.49	2.38342
1089072	7692	1200000	29275.3	22.3125	1711.65	2.35527
1107638	7774	1200000	28886.8	22.4271	1652.47	2.55779
1123942	7856	1200000	28551.2	22.4583	1634.48	2.41573
1130146	7938	1200000	28392.9	22.5104	1587.91	2.44991
1131460	8019	1200000	28370.1	22.5208	1556.98	2.53002
1146633	8101	1200000	28043.3	22.5729	1684.11	2.41288
1151886	8183	1200000	27941.9	22.5729	1567.45	2.39624
1155712	8265	1200000	27872.2	22.5729	1648.65	2.44583
1164910	8347	1200000	27660.9	22.625	1571.13	2.42125
1174996	8429	1200000	27480.7	22.6562	1633.34	2.49577
1192114	8511	1200000	27132.5	22.6979	1565.23	2.43558
1197293	8592	1200000	26989.7	22.7188	1557.41	2.54144
1208669	8674	1200000	26773.7	22.75	1582.87	2.45
1227559	8756	1200000	26415.4	22.7604	1534.41	2.44583
1245868	8838	1200000	26061.7	22.7812	1526.21	2.42047
1250207	8920	1200000	25950.6	22.8021	1488.49	2.39415
1260398	9002	1200000	25784.3	22.8854	1472.89	2.38158
1265595	9083	1200000	25673.2	22.9062	1453.74	2.45128
1267030	9165	1200000	25642.4	22.8646	1512.47	2.42735
1275497	9247	1200000	25529.4	22.8958	1494.86	2.49016
1288696	9329	1200000	25281.4	22.875	1462.48	2.40466
1296737	9411	1200000	25136.9	22.9583	1435.83	2.43224
1301142	9493	1200000	25051.4	22.9896	1493.02	2.42529
1306605	9574	1200000	24974.1	23	1478.08	2.34996
1311875	9656	1200000	24866.9	23.0104	1453.09	2.44173
1319445	9738	1200000	24724	23.0417	1410.18	2.31421
1323233	9820	1200000	24678.7	23.0625	1427.05	2.27753
1331307	9902	1200000	24542.6	23.0729	1451.21	2.24982
1342555	9984	1200000	24374.6	23.1354	1492.72	2.25648
1363981	10065	1200000	24023.2	23.1458	1441.41	2.40015
1376835	10147	1200000	23817.3	23.2083	1334.35	2.34854
1381030	10229	1200000	23727.8	23.1979	1429.63	2.36049
1394551	10311	1200000	23542.7	23.2604	1409.7	2.42116
1408245	10393	1200000	23347.1	23.3021	1389.71	2.36895
1413967	10475	1200000	23242.6	23.3021	1327.99	2.4025
1419445	10556	1200000	23151	23.3229	1392.51	2.35837
1424643	10638	1200000	23090.7	23.3125	1358.67	2.43874
1426514	10720	1200000	23071.7	23.3125	1347.1	2.26873
1431853	10802	1200000	22995.7	23.3542	1383.12	2.49819
1434872	10884	1200000	22977	23.375	1378.83	2.40466
1449180	10966	1200000	22743.9	23.4271	1303.38	2.34561
1465825	11047	1200000	22517.6	23.4792	1316.37	2.53002
1469783	11129	1200000	22466.3	23.4375	1271.88	2.41401
1473140	11211	1200000	22427	23.4688	1267.99	2.52961
1478654	11293	1200000	22339.5	23.4375	1290.3	2.47943
1487485	11375	1200000	22214.8	23.4896	1315.35	2.48237
1492502	11457	1200000	22140.4	23.5104	1316.47	2.5144
1497896	11538	1200000	22091.5	23.4688	1315.37	2.51374
1508533	11620	1200000	21972.2	23.5938	1342	2.4431
1513380	11702	1200000	21881.7	23.5625	1277.19	2.49551
1523545	11784	1200000	21757.5	23.5833	1312	2.54087
1527505	11866	1200000	21715.1	23.5833	1286.69	2.47707
1536204	11948	1200000	21598.7	23.625	1269.81	2.5343
1538895	12029	1200000	21549.2	23.5833	1236.89	2.49318
1546399	12111	1200000	21494.1	23.5938	1261.72	2.50776
1550831	12193	1200000	21448.1	23.6771	1264.16	2.50643
1555595	12275	1200000	21379.7	23.6354	1282.81	2.51639
1561289	12357	1200000	21300.5	23.6875	1284.99	2.4057
1571862	12439	1200000	21150.1	23.6458	1241.18	2.49819
1578070	12520	1200000	21083.8	23.7188	1249.85	2.50976
1587018	12602	1200000	20974.5	23.7292	1191.71	2.56926
1598419	12684	1200000	20850.7	23.7188	1261.75	2.44515
1604280	12766	1200000	20786.4	23.7396	1264.28	2.5656
1610576	12848	1200000	20726.8	23.7708	1259.19	2.49016
1612707	12930	1200000	20669.1	23.7708	1171.19	2.49016
1620071	13012	1200000	20600.3	23.8333	1234.35	2.44455
1621980	13093	1200000	20588.4	23.8021	1165.45	2.47632
1633132	13175	1200000	20463.6	23.8021	1221.78	2.50843
1645803	13257	1200000	20339	23.8646	1238	2.44378
1654023	13339	1200000	20208.8	23.8438	1217.49	2.50377
1662754	13421	1200000	20118.2	23.8542	1226.81	2.40015
1675674	13503	1200000	20006.5	23.8854	1192.75	2.46417
1682638	13584	1200000	19925.9	23.9375	1191.01	2.41401
1688915	13666	1200000	19867.7	23.9583	1160.77	2.43224
1704443	13748	1200000	19672.7	23.9583	1185.1	2.46493
1714865	13830	1200000	19598.4	24	1229.89	2.34996
1723931	13912	1200000	19463.7	24	1122.08	2.34996
1735960	13994	1200000	19381.3	24.0625	1156.88	2.36375
1742800	14075	1200000	19289.9	24.0417	1136.8	2.33144
1746990	14157	1200000	19259.6	24.0938	1114.05	2.317
1751565	14239	1200000	19193.2	24.0625	1167.9	2.38062
1755933	14321	1200000	19172.2	24.0417	1146.2	2.33144
1758270	14403	1200000	19149.1	24.0312	1172.36	2.40804
1765258	14485	1200000	19069.5	24.0729	1160.77	2.40458
1769245	14566	1200000	19026.8	24.1042	1123.64	2.44148
1772135	14648	1200000	19039.3	24.1354	1117.17	2.4601
1777100	14730	1200000	18964.9	24.1146	1133.84	2.34774
1779701	14812	1200000	18921	24.1458	1108.18	2.26284
1781713	14894	1200000	18893.6	24.1458	1142.02	2.41677
1789818	14976	1200000	18852	24.1354	1182.81	2.34347
1796639	15057	1200000	18766.5	24.1354	1146.5	2.39415
1803021	15139	1200000	18723.3	24.1771	1087.95	2.31556
1805131	15221	1200000	18698.5	24.2083	1146.09	2.39911
1817755	15303	1200000	18572.8	24.25	1106.76	2.26321
1838272	15385	1200000	18414.3	24.2917	1117.27	2.49718
1848304	15467	1200000	18332.8	24.3125	1093.03	2.32104
1853147	15548	1200000	18271.7	24.3125	1099.56	2.38901
1854989	15630	1200000	18255.4	24.3021	1111.81	2.38578
1870135	15712	1200000	18143.9	24.375	1078.69	2.55004
1877207	15794	1200000	18088.5	24.3125	1074.67	2.53529
1879086	15876	1200000	18059.2	24.3333	1073	2.30988
1884806	15958	1200000	17998.3	24.3542	1069.69	2.43327
1896877	16039	1200000	17915.5	24.3646	1076.89	2.38578
1905982	16121	1200000	17808.3	24.4375	1119.19	2.62066
1909858	16203	1200000	17768.2	24.4062	1059.06	2.4431
1917267	16285	1200000	17721.8	24.4062	1088.02	2.50776
1918728	16367	1200000	17723.9	24.4479	1009.46	2.51241
1927552	16449	1200000	17664.9	24.4271	1041.8	2.44583
1932422	16530	1200000	17609.8	24.4583	1055.21	2.46493
1942577	16612	1200000	17537.4	24.5104	1063.67	2.49844
1950392	16694	1200000	17489.8	24.4896	1066.88	2.5617
1952945	16776	1200000	17456.1	24.5104	1027.51	2.53027
1965048	16858	1200000	17362.5	24.5208	1051.48	2.38342
1980077	16940	1200000	17247.9	24.5208	997.871	2.46594
1986617	17022	1200000	17195.9	24.5833	1013.23	2.47707
1997054	17103	1200000	17130.2	24.6146	1099.08	2.48841
2002826	17185	1200000	17086.9	24.5625	1027.49	2.44694
2006690	17267	1200000	17036.7	24.5833	1031.22	2.50917
2011336	17349	1200000	16995.8	24.6146	1060.85	2.53619
2017419	17431	1200000	16987.7	24.5938	1019.47	2.42666
2028065	17513	1200000	16883.9	24.6458	1038.94	2.48212
2036945	17594	1200000	16838.4	24.6562	1014.06	2.51175
2042372	17676	1200000	16761.2	24.6771	1027.53	2.44173
2048000	17758	1200000	16727	24.6771	1018.52	2.55388
2055590	17840	1200000	16681.8	24.625	1053.66	2.47033
2061756	17922	1200000	16634.3	24.7083	1040.27	2.51316
2072367	18004	1200000	16545.1	24.7083	1021.64	2.48111
2079200	18085	1200000	16494.1	24.7396	1054.52	2.48639
2086771	18167	1200000	16459.6	24.7396	998.096	2.50244
2094040	18249	1200000	16405.5	24.7292	999.545	2.53792
2099348	18331	1200000	16357.2	24.7396	984.436	2.48639
2105838	18413	1200000	16323.8	24.7604	986.982	2.44583
2112224	18495	1200000	16268.3	24.7812	980.266	2.59597
2115476	18576	1200000	16262.2	24.7917	1007.79	2.56048
2123431	18658	1200000	16186.9	24.8021	992.093	2.4601
2126696	18740	1200000	16172.8	24.8021	976.243	2.4601
2130449	18822	1200000	16135.2	24.8125	973.058	2.5822
2136935	18904	1200000	16106.4	24.8125	991.727	2.56666
2142294	18986	1200000	16095	24.8229	975.794	2.46619
2152150	19067	1200000	15971.1	24.8229	953.844	2.44991
2160590	19149	1200000	15951.5	24.8542	1009.47	2.56146
2170589	19231	1200000	15875.3	24.8333	997.91	2.50917
2174212	19313	1200000	15869.9	24.8229	1004.4	2.5144
2176650	19395	1200000	15841.2	24.8542	909.558	2.49819
2185337	19477	1200000	15764.5	24.8958	963.566	2.42503
2191299	19558	1200000	15753.4	24.8854	950.014	2.51241
2197413	19640	1200000	15681.2	24.9271	986.403	2.43763
2204371	19722	1200000	15643.7	24.9271	997.645	2.42116
2215105	19804	1200000	15568.5	24.9167	987.19	2.39494
2221695	19886	1200000	15549.9	24.9271	942.208	2.38788
2239763	19968	1200000	15423	24.9479	928.989	2.32203
2245270	20049	1200000	15404	25.0208	908.78	2.38342
2249248	20131	1200000	15364.2	25.0208	941.836	2.51415
2257700	20213	1200000	15316.7	25.0104	922.432	2.52235
2262419	20295	1200000	15278.5	25.0625	945.878	2.29504
2266973	20377	1200000	15264.8	25	928.171	2.41711
2271594	20459	1200000	15239	25.0521	960.784	2.40666
2280154	20540	1200000	15175	25.0208	914.829	2.33251
2285825	20622	1200000	15144.3	25.1042	1004.45	2.49016
2292608	20704	1200000	15086.6	25.1042	911.29	2.42503
2298920	20786	1200000	15077.7	25.0938	896.807	2.29966
2302344	20868	1200000	15038.8	25.1354	936.301	2.27415
2306151	20950	1200000	15025.4	25.1042	908.511	2.42503
2322056	21032	1200000	14931.4	25.125	926.283	2.45408
2329112	21113	1200000	14870.3	25.1354	915.284	2.34347
2334340	21195	1200000	14836.3	25.125	915.008	2.5343
2340790	21277	1200000	14814.1	25.1562	892.718	2.48774
2344914	21359	1200000	14786.6	25.1458	964.64	2.38342
2353204	21441	1200000	14748.2	25.2292	936.468	2.34107
2358362	21523	1200000	14711.6	25.2396	884.091	2.41288
2363553	21604	1200000	14674.4	25.2292	893.595	2.34107
2366874	21686	1200000	14671.5	25.1979	908.597	2.27415
2372462	21768	1200000	14662.6	25.2188	883.461	2.30184
2375013	21850	1200000	14630.8	25.2188	904.356	2.43695
2383534	21932	1200000	14577.1	25.2917	919.67	2.39911
2390471	22014	1200000	14521.7	25.2604	860.712	2.43763
2406932	22095	1200000	14439.3	25.2812	875.177	2.44515
2413745	22177	1200000	14416.1	25.3333	896.532	2.49318
2417857	22259	1200000	14390	25.3021	887.038	2.36895
2420200	22341	1200000	14378.4	25.3333	899.834	2.39494
2427098	22423	1200000	14338.5	25.2917	888.11	2.33144
2431929	22505	1200000	14333.6	25.25	868.732	2.38377
2435615	22586	1200000	14285.3	25.3333	851.77	2.42812
2441079	22668	1200000	14268.4	25.3438	872.05	2.32992
2443682	22750	1200000	14253.7	25.3542	858.879	2.43327
2450050	22832	1200000	14239.2	25.3646	885.605	2.548
2453676	22914	1200000	14192.9	25.3542	913.536	2.40015
2456841	22996	1200000	14180.5	25.3646	883.393	2.43558
2465233	23077	1200000	14140.1	25.3958	882.447	2.49016
2475046	23159	1200000	14088.8	25.3958	881.232	2.44148
2482293	23241	1200000	14053.2	25.3438	868.361	2.47968
2491875	23323	1200000	13997.6	25.4167	853.572	2.39494
2495552	23405	1200000	13956.7	25.4271	865.309	2.52631
2505515	23487	1200000	13921.1	25.4792	859.705	2.59251
2518771	23568	1200000	13852.1	25.5312	855.59	2.52961
2529504	23650	1200000	13806.4	25.5	858.694	2.49852
2540520	23732	1200000	13733.7	25.5625	864.826	2.47943
2544437	23814	1200000	13708.3	25.5312	854.793	2.4817
2550970	23896	1200000	13686.3	25.5	870.097	2.46628
2556667	23978	1200000	13665.4	25.5104	854.033	2.48237
2563557	24059	1200000	13605.9	25.5729	796.665	2.52631
2570095	24141	1200000	13596.5	25.5208	864.627	2.48212
2575658	24223	1200000	13544.9	25.5833	845.539	2.47707
2586802	24305	1200000	13518	25.5417	842.404	2.44864
2603235	24387	1200000	13434.2	25.6042	854.115	2.53792
2623789	24469	1200000	13327	25.625	858.101	2.43772
2644165	24550	1200000	13229.2	25.6667	805.062	2.52507
2654834	24632	1200000	13176.4	25.6979	799.934	2.45196
2670255	24714	1200000	13110.6	25.7188	819.738	2.52565
2675320	24796	1200000	13093.3	25.6667	804.172	2.50917
2681861	24878	1200000	13067.9	25.7292	795.27	2.55363
2688491	24960	1200000	13033.5	25.75	811.566	2.51448
2696180	25041	1200000	12976.6	25.7396	841.129	2.454
2698176	25123	1200000	12977.6	25.6875	839.268	2.51945
2707792	25205	1200000	12938.2	25.7396	854.117	2.61198
2718094	25287	1200000	12895	25.7812	787.77	2.51772
2723197	25369	1200000	12875.9	25.7917	789.363	2.5448
2736524	25451	1200000	12830.2	25.7604	789.771	2.5421
2749440	25533	1200000	12763.4	25.8125	782.709	2.59765
2754901	25614	1200000	12749.7	25.8021	779.035	2.41081
2760627	25696	1200000	12715.9	25.7812	775.935	2.54931
2770627	25778	1200000	12661.7	25.8333	791.228	2.49318
2780227	25860	1200000	12609.5	25.8854	773.96	2.52829
2789465	25942	1200000	12583.1	25.8229	763.373	2.43353
2793035	26024	1200000	12593.9	25.8438	798.211	2.4716
2796952	26105	1200000	12579.9	25.875	752.576	2.35421
2798191	26187	1200000	12551.8	25.9167	791.559	2.39494
2803859	26269	1200000	12540.4	25.8542	806.207	2.49819
2806359	26351	1200000	12511.9	25.8542	803.383	2.44966
2810449	26433	1200000	12497.4	25.8646	803.805	2.54013
2814047	26515	1200000	12487.2	25.9167	804.212	2.46086
2819434	26596	1200000	12469.3	25.9062	776.248	2.45128
2822442	26678	1200000	12446.5	25.9167	794.459	2.47707
2829325	26760	1200000	12455.1	25.9271	757.472	2.42116
2834841	26842	1200000	12417.1	25.8854	772.873	2.48035
2838229	26924	1200000	12395.9	25.8646	786.697	2.52433
2850907	27006	1200000	12346.4	25.9479	783.063	2.42323
2855981	27087	1200000	12324.2	25.8854	749.207	2.48035
2860433	27169	1200000	12319.6	25.9688	743.348	2.44105
2864403	27251	1200000	12279	25.9583	807.571	2.52903
2872228	27333	1200000	12249.2	26.0208	788.527	2.3496
2878968	27415	1200000	12243.1	25.9688	750.769	2.45739
2887755	27497	1200000	12195.8	25.9688	755.684	2.44105
2892056	27578	1200000	12162.3	25.9896	747.34	2.37528
2896794	27660	1200000	12165.6	25.9896	774.335	2.39206
2903450	27742	1200000	12097.7	26.0417	787.181	2.34854
2908827	27824	1200000	12120.9	26	753.263	2.51448
2914850	27906	1200000	12102	26.0521	714.181	2.48841
2920161	27988	1200000	12060.5	26.0625	767.641	2.47943
2926630	28069	1200000	12044.7	26.0312	718.883	2.47362
2928833	28151	1200000	12043.1	26.1042	783.937	2.58479
2934918	28233	1200000	12013.3	26.0417	726.559	2.44864
2938385	28315	1200000	11996.7	26.0625	756.167	2.38062
2946285	28397	1200000	11962.3	26.0938	738.545	2.4018
2958514	28479	1200000	11910.2	26.1042	717.678	2.37501
2984840	28560	1200000	11822.3	26.1354	769.766	2.30907
3004093	28642	1200000	11751.8	26.1354	725.41	2.49242
3014035	28724	1200000	11717.5	26.1979	735.773	2.36049
3019193	28806	1200000	11670.1	26.1979	746.019	2.50843
3025270	28888	1200000	11675.9	26.1562	749.674	2.439
3034711	28970	1200000	11641.7	26.1562	739.439	2.45535
3041874	29051	1200000	11604.1	26.1562	730.758	2.42254
3047785	29133	1200000	11584.3	26.2083	770.193	2.44864
3060228	29215	1200000	11553.8	26.25	728.664	2.38377
3088448	29297	1200000	11464.6	26.2812	735.138	2.47766
3095644	29379	1200000	11407.5	26.3229	721.685	2.47429
3107050	29461	1200000	11377.5	26.375	684.269	2.5343
3126961	29543	1200000	11309.9	26.3021	740.191	2.43558
3134413	29624	1200000	11289.1	26.2917	696.375	2.41573
3141598	29706	1200000	11243	26.4167	684.157	2.47707
3161377	29788	1200000	11219.1	26.375	722.342	2.42125
3166584	29870	1200000	11169.4	26.4062	716.025	2.49175
3170645	29952	1200000	11164.2	26.4167	703.657	2.41159
3176336	30034	1200000	11161.6	26.375	705.41	2.45408
3182495	30115	1200000	11122.1	26.4479	707.584	2.60623
3188578	30197	1200000	11097.1	26.3438	698.052	2.43078
3194808	30279	1200000	11083.8	26.4792	675.308	2.48212
3202126	30361	1200000	11055.4	26.4583	711.878	2.56048
3207253	30443	1200000	11049	26.4688	697.647	2.54538
3213468	30525	1200000	11037.3	26.3958	673.18	2.42503
3222678	30606	1200000	11014	26.4375	735.867	2.49551
3225231	30688	1200000	11013.7	26.5104	668.715	2.53027
3229786	30770	1200000	10981.6	26.4688	708.122	2.41634
3233101	30852	1200000	10976.4	26.5	691.878	2.57736
3236202	30934	1200000	10987	26.4583	695.892	2.46493
3241107	31016	1200000	10939.8	26.5104	685.093	2.48237
3245600	31097	1200000	10933.6	26.4792	695.325	2.51415
3252979	31179	1200000	10920.6	26.5	681.68	2.51448
3258047	31261	1200000	10882.6	26.5521	687.983	2.49643
3262085	31343	1200000	10890.2	26.5	665.826	2.54611
3265991	31425	1200000	10869.7	26.5521	682.606	2.39833
3270354	31507	1200000	10844.5	26.5417	709.159	2.51316
3272178	31588	1200000	10848.6	26.5625	684.052	2.46324
3276913	31670	1200000	10838.7	26.5729	688.811	2.52631
3282117	31752	1200000	10835.4	26.5312	657.291	2.51374
3287040	31834	1200000	10793.4	26.5833	704.54	2.46086
3292387	31916	1200000	10790.5	26.5625	666.803	2.41401
3298640	31998	1200000	10762.6	26.5625	679.047	2.58994
3304432	32079	1200000	10726.8	26.5417	674.867	2.57606
3307806	32161	1200000	10741.8	26.6146	688.868	2.53619
3311354	32243	1200000	10723	26.6146	679.095	2.58309
3318536	32325	1200000	10714.1	26.6042	688.226	2.56926
3323896	32407	1200000	10718.5	26.5833	663.816	2.58769
3329773	32489	1200000	10669	26.5833	703.074	2.49318
3336035	32570	1200000	10679.1	26.5938	654.336	2.55518
3343570	32652	1200000	10626.6	26.6042	652.818	2.49016
3348250	32734	1200000	10632.1	26.6146	651.042	2.53619
3352370	32816	1200000	10621.8	26.6667	665.579	2.46086
3361947	32898	1200000	10583.3	26.6562	678.081	2.49577
3369693	32980	1200000	10559.4	26.6354	661.538	2.53224
3375660	33061	1200000	10548.5	26.625	675.953	2.50252
3383078	33143	1200000	10524.1	26.6458	649.584	2.56146
3385817	33225	1200000	10514.9	26.6875	673.75	2.55102
3393061	33307	1200000	10493.5	26.6354	663.585	2.57922
3397658	33389	1200000	10476.9	26.6562	685.065	2.54341
3400871	33471	1200000	10469.3	26.6875	625.031	2.51945
3402358	33552	1200000	10470.4	26.6667	650.077	2.57218
3405303	33634	1200000	10458.7	26.6875	647.933	2.47134
3408735	33716	1200000	10425.1	26.7083	687.969	2.49718
3411922	33798	1200000	10425.9	26.6979	617.982	2.51639
3417695	33880	1200000	10427.6	26.7083	672.003	2.60695
3422363	33962	1200000	10402.2	26.6875	654.686	2.43874
3425670	34044	1200000	10396.3	26.7188	644.94	2.57274
3433781	34125	1200000	10380.6	26.7292	663.012	2.53792
3442212	34207	1200000	10332.8	26.7396	652.851	2.47025
3453831	34289	1200000	10320	26.7396	651.053	2.50244
3460456	34371	1200000	10302.7	26.7292	656.494	2.49016
3477152	34453	1200000	10237.9	26.7083	655.812	2.59155
3489464	34535	1200000	10226.5	26.8125	629.671	2.48748
3494788	34616	1200000	10210.5	26.7812	638.756	2.46957
3502517	34698	1200000	10193.3	26.7917	647.682	2.48111
3518611	34780	1200000	10146.4	26.7917	645.848	2.49718
3523864	34862	1200000	10131.2	26.7917	654.021	2.5448
3534141	34944	1200000	10099.3	26.875	667.832	2.48648
3548075	35026	1200000	10078.4	26.8646	623.602	2.4601
3558199	35107	1200000	10042.7	26.8438	632.239	2.439
3562584	35189	1200000	10011.2	26.875	638.224	2.56569
3572234	35271	1200000	10001.4	26.8958	630.337	2.44148
3579756	35353	1200000	9985.28	26.9062	675.701	2.41841
3583880	35435	1200000	9964.66	26.9062	630.321	2.53158
3586239	35517	1200000	9955.73	26.8646	636.496	2.50843
3589323	35598	1200000	9964.53	26.9271	604.601	2.48639
3595563	35680	1200000	9957.16	26.9062	613.322	2.4018
3612679	35762	1200000	9904.55	26.9167	660.572	2.44455
3614887	35844	1200000	9869.14	26.9375	651.221	2.41401
3617538	35926	1200000	9860.33	26.9271	628.795	2.454
3622104	36008	1200000	9856.01	26.9375	636.018	2.46324
3625606	36089	1200000	9859.31	26.8958	620.464	2.63082
3629575	36171	1200000	9851.55	26.9583	634.999	2.44864
3634245	36253	1200000	9812.65	26.9271	620.418	2.47025
3642248	36335	1200000	9805.66	26.875	641.321	2.48648
3651216	36417	1200000	9787.66	26.9583	634.572	2.49718
3658126	36499	1200000	9778.55	26.9792	630.131	2.38342
3664121	36580	1200000	9754	26.9583	625.906	2.49718
3674466	36662	1200000	9737.12	27	622.694	2.48245
3686847	36744	1200000	9704.12	27.0208	594.189	2.56146
3691991	36826	1200000	9684.62	27.0417	633.155	2.52903
3709686	36908	1200000	9639.97	27.0625	608.539	2.46324
3724511	36990	1200000	9613.09	27.0208	586.561	2.46594
3729320	37071	1200000	9606.27	27.0104	610.981	2.39206
3733695	37153	1200000	9583.49	27.0833	596.701	2.37817
3738941	37235	1200000	9564.55	27.0625	612.737	2.46324
3742116	37317	1200000	9565.04	27.0208	597.5	2.49819
3746669	37399	1200000	9560	27.0521	622.954	2.40666
3750809	37481	1200000	9536.74	27.0312	584.231	2.45739
3756410	37562	1200000	9539.74	27.1562	607.008	2.55127
3762752	37644	1200000	9515.02	27.1042	576.129	2.42503
3769454	37726	1200000	9495.79	27.0833	599.109	2.49318
3774597	37808	1200000	9480.1	27.0938	608.873	2.53158
3779354	37890	1200000	9474.06	27.1042	582.006	2.34107
3784892	37972	1200000	9462.07	27.0938	576.794	2.317
3788687	38054	1200000	9471.1	27.1458	586.764	2.41677
3794621	38135	1200000	9440.86	27.1562	578.75	2.50377
3799349	38217	1200000	9444.69	27.1458	616.639	2.48212
3805523	38299	1200000	9422.44	27.1979	608.328	2.49242
3815246	38381	1200000	9383.57	27.1771	612.736	2.43353
3818821	38463	1200000	9393.17	27.1562	559.717	2.45535
3827790	38545	1200000	9354.65	27.2083	565.428	2.48111
3835540	38626	1200000	9354.33	27.1771	588.202	2.40041
3848537	38708	1200000	9329.15	27.1667	577.06	2.44455
3866934	38790	1200000	9286.71	27.1979	610.841	2.36049
3881176	38872	1200000	9231.17	27.2812	609.033	2.39555
3891024	38954	1200000	9216.9	27.2708	604.059	2.3581
3893552	39036	1200000	9195.58	27.2708	585.557	2.3918
3898345	39117	1200000	9203.22	27.2917	566.593	2.44864
3902247	39199	1200000	9199.83	27.2917	597.415	2.46493
3906062	39281	1200000	9173.81	27.25	574.611	2.54611
3921961	39363	1200000	9157.33	27.2917	573.049	2.38237
3927627	39445	1200000	9116.52	27.3229	588.246	2.53816
3933762	39527	1200000	9123.75	27.3125	560.265	2.42228
3937997	39608	1200000	9118.49	27.3021	564.652	2.4025
3942270	39690	1200000	9112	27.3333	555.094	2.52507
3949633	39772	1200000	9106.65	27.2917	592.777	2.56048
3953721	39854	1200000	9064.16	27.2917	561.688	2.46493
3957129	39936	1200000	9070.25	27.3438	565.875	2.60559
3962293	40018	1200000	9058.35	27.375	620.935	2.42125
3967966	40099	1200000	9052.92	27.3333	566.627	2.49318
3980141	40181	1200000	9020.25	27.4062	547.221	2.52367
3996359	40263	1200000	8988.81	27.3854	593.628	2.64433
4001729	40345	1200000	8970.55	27.4271	555.616	2.51042
4004929	40427	1200000	8970.24	27.3646	553.348	2.4025
4009387	40509	1200000	8948.22	27.4062	565.902	2.50776
4027316	40590	1200000	8919.36	27.4479	554.382	2.46417
4037164	40672	1200000	8905.8	27.4167	564.439	2.49318
4042077	40754	1200000	8889.01	27.4688	562.901	2.49777
4053022	40836	1200000	8847.67	27.4583	572.349	2.56048
4062960	40918	1200000	8839.86	27.4167	558.088	2.47707
4066814	41000	1200000	8836.83	27.4583	545.17	2.51316
4070299	41081	1200000	8826.68	27.4896	543.443	2.5144
4073771	41163	1200000	8816.76	27.4688	563.677	2.4817
4080887	41245	1200000	8803.74	27.4479	581.442	2.57533
4084087	41327	1200000	8803.07	27.4479	581.908	2.51241
4087004	41409	1200000	8772.62	27.5	543.561	2.51448
4089538	41491	1200000	8786.83	27.4688	578.785	2.51374
4106549	41572	1200000	8757.86	27.4896	577.805	2.49844
4113186	41654	1200000	8732.92	27.5208	553.927	2.49819
4114554	41736	1200000	8737.96	27.4792	558.206	2.44966
4117230	41818	1200000	8719.99	27.5417	570.964	2.51316
4118388	41900	1200000	8741.83	27.5	554.083	2.49852
4122287	41982	1200000	8727.72	27.4583	540.571	2.51316
4124809	42064	1200000	8709.1	27.5521	584.028	2.51241
