population	links	tests	detected	time	error	time_error
30764	163	120000	11719.2	25.0833	283.788	8.4245
102321	327	120000	11658.3	24	192.111	2.82843
136595	491	120000	11643.3	23.9583	208.03	3.0265
193660	654	120000	10725.5	25.125	301.372	2.84678
206570	818	120000	10314	25.375	299.129	3.09906
247381	982	120000	9654.88	25.9167	331.041	2.82351
278360	1145	120000	8798	26.4167	267.138	3.10466
306487	1309	120000	8194.96	26.7917	360.839	2.88555
313731	1473	120000	8020.5	26.875	308.414	3.01731
325120	1636	120000	7831.71	27.0833	267.963	2.76385
379035	1800	120000	7004.62	27.75	274.154	3.1225
395083	1964	120000	6802.29	27.875	275.006	2.78762
403923	2127	120000	6625.25	27.9583	240.083	2.91428
417638	2291	120000	6492.04	28.0833	270.703	2.70288
438829	2455	120000	6282.17	28.2917	331.13	3.13471
461092	2618	120000	5977.21	28.5	287.497	2.88675
471025	2782	120000	5897	28.75	301.832	2.95804
482752	2946	120000	5787.17	28.7083	291.433	2.79757
497718	3109	120000	5630.21	29.0417	345.55	2.97092
501265	3273	120000	5580.96	28.9583	334.705	2.79757
540724	3437	120000	5257.04	29.4167	289.819	2.99537
572522	3600	120000	5048.33	29.625	281.693	2.93329
600625	3764	120000	4866.33	29.9167	258.921	2.9392
633221	3928	120000	4632.21	30.2083	282.275	3.10801
642678	4091	120000	4604	30.25	310.03	2.95804
672148	4255	120000	4427	30.5833	222.143	3.0505
688325	4419	120000	4291.92	30.6667	207.147	2.98142
706261	4582	120000	4236.54	30.7917	254.214	2.88555
738126	4746	120000	4098.96	31.0417	272.714	3.0265
773774	4910	120000	3950.54	31.2917	195.757	3.0265
779259	5073	120000	3904.92	31.4167	281.924	2.9392
814421	5237	120000	3774.12	31.75	269.617	2.90115
840944	5401	120000	3654.21	32	279.081	2.94392
858290	5564	120000	3593.29	32.0417	220.793	2.79757
892610	5728	120000	3485	32.3333	183.686	2.98142
903477	5892	120000	3441.25	32.4167	219.436	3.10466
912762	6055	120000	3412.12	32.4583	210.789	3.21347
933985	6219	120000	3353.33	32.7083	194.01	3.08108
944566	6383	120000	3336.96	32.6667	191.921	2.92499
959106	6546	120000	3258.67	32.7917	235.929	3.10801
974134	6710	120000	3227.92	33.0417	204.796	2.85652
990086	6874	120000	3167.92	33.0833	174.125	2.76385
1011196	7037	120000	3101.67	33.4583	214.57	3.26492
1030383	7201	120000	3053.17	33.375	213.595	3.15238
1053100	7365	120000	3009.42	33.625	200.594	2.98957
1075276	7528	120000	2958.83	33.8333	199.462	3.09121
1089072	7692	120000	2917.21	33.7917	175.592	3.10801
1123942	7856	120000	2845.62	34.25	174.841	3.06866
1131460	8019	120000	2829.67	34.2917	191.556	2.97092
1151886	8183	120000	2791.92	34.4167	153.04	2.9392
1164910	8347	120000	2748	34.5833	153.665	3.10466
1192114	8511	120000	2678.21	34.8333	239.18	3.09121
1208669	8674	120000	2660.29	34.9167	208.182	3.36237
1245868	8838	120000	2566.79	35.3333	174.818	3.29983
1260398	9002	120000	2564.83	35.3333	169.531	3.14466
1267030	9165	120000	2563.25	35.4167	176.664	3.21023
1288696	9329	120000	2505.5	35.7083	188.368	3.2393
1301142	9493	120000	2495.46	35.6667	187.991	3.44803
1311875	9656	120000	2483.17	35.6667	153.426	3.29983
1323233	9820	120000	2444.04	35.9167	178.093	3.15788
1342555	9984	120000	2410.67	36.2083	173.217	2.94274
1376835	10147	120000	2373.33	36.2917	152.722	3.58139
1394551	10311	120000	2331.54	36.4583	151.216	3.41463
1413967	10475	120000	2328.04	36.5417	140.014	3.16118
1424622	10638	120000	2286.08	36.75	148.904	3.37886
1431853	10802	120000	2285.12	36.8333	163.243	3.39935
1449180	10966	120000	2281.54	36.6667	153.248	3.39935
1469766	11129	120000	2239.62	37.1667	129.348	3.29983
1478654	11293	120000	2211	37.25	162.902	3.42783
1492502	11457	120000	2185.88	37.375	176.212	2.98957
1508533	11620	120000	2181.83	37.4167	167.783	3.73794
1523545	11784	120000	2164.92	37.625	152.514	3.20481
1536204	11948	120000	2153.12	37.5833	144.705	3.15788
1546399	12111	120000	2134.04	37.875	175.824	3.61997
1555595	12275	120000	2124.46	37.875	143.296	3.57363
1571862	12439	120000	2104.29	37.875	157.617	3.33229
1587018	12602	120000	2095.96	38	137.268	3.60555
1604280	12766	120000	2073.12	38.2083	130.351	3.36547
1612707	12930	120000	2058.12	38.375	145.389	3.64292
1621980	13093	120000	2057	38.4167	155.33	3.31243
1645803	13257	120000	2011.5	38.5833	149.594	3.64768
1662754	13421	120000	2001.75	38.7917	174.275	3.4631
1682638	13584	120000	1983.83	38.9583	151.329	3.71839
1704443	13748	120000	1966.12	39.0833	119.185	3.78227
1723931	13912	120000	1937.38	39.2917	151.482	3.58139
1742800	14075	120000	1917.54	39.5	149.64	3.26599
1751565	14239	120000	1914.04	39.625	167.788	3.7333
1758270	14403	120000	1890.12	39.7083	110.934	3.48708
1769258	14566	120000	1904.33	39.625	129.195	3.40649
1777100	14730	120000	1902.25	39.625	174.693	3.90779
1781713	14894	120000	1886.21	39.9167	154.104	3.31243
1796639	15057	120000	1861.12	40	158.889	3.87298
1805131	15221	120000	1821.21	40.5833	153.454	3.46009
1838272	15385	120000	1821.83	40.5	122.738	3
1853183	15548	120000	1830.96	40.4167	132.701	3.36237
1870135	15712	120000	1802.83	40.7917	113.834	3.26492
1879039	15876	120000	1800.21	40.625	133.53	3.86491
1896877	16039	120000	1791.75	40.9583	163.392	4.37718
1909858	16203	120000	1762.71	41.0833	165.699	4.19987
1918728	16367	120000	1758.5	41.2083	120.716	3.60459
1932422	16530	120000	1758.33	41.3333	118.038	4.22953
1950392	16694	120000	1745.04	41.4167	131.208	3.55512
1965048	16858	120000	1720.04	41.5417	130.747	3.74073
1986617	17022	120000	1687.92	41.875	126.557	4.17582
2002828	17185	120000	1703.54	42	131.142	3.55903
2011336	17349	120000	1686.33	42.0417	103.316	3.2393
2028065	17513	120000	1677.29	42.3333	112.855	3.85861
2042372	17676	120000	1669.58	42.375	129.433	3.68838
2055590	17840	120000	1652.75	42.5	106.394	3.65148
2072367	18004	120000	1641.08	42.5833	133.699	4.03801
2086771	18167	120000	1650.29	42.5417	105.601	3.65053
2099348	18331	120000	1629.5	42.7917	115.19	3.4631
2112224	18495	120000	1611.46	43.125	128.441	3.52668
2123431	18658	120000	1607.62	43.125	118.018	3.66572
2130449	18822	120000	1614.46	43.0833	130.318	4.19987
2142294	18986	120000	1591.21	43.3333	138.458	3.90157
2160590	19149	120000	1590	43.2917	107.525	3.62763
2174212	19313	120000	1578.08	43.5	98.3902	3.3665
2185337	19477	120000	1565.5	43.7083	117.482	3.62763
2197413	19640	120000	1562.04	43.9167	126.562	3.69309
2215105	19804	120000	1551.12	43.875	131.603	3.23071
2239763	19968	120000	1520.62	44.4583	123.92	4.31969
2249248	20131	120000	1520.12	44.625	112.373	3.86491
2262344	20295	120000	1519.25	44.5417	108.327	3.8288
2271594	20459	120000	1525.92	44.375	102.238	3.20481
2285825	20622	120000	1511.67	44.4583	81.7571	3.41463
2298920	20786	120000	1504.17	44.7083	140.891	3.43895
2306151	20950	120000	1493.33	44.75	121.901	3.96863
2329112	21113	120000	1473.21	45.2917	106.025	3.48708
2340790	21277	120000	1461.21	45.375	104.342	3.35721
2353204	21441	120000	1469.29	45.5	127.722	4.20317
2363553	21604	120000	1465.5	45.4583	132.903	4.04059
2372462	21768	120000	1455.71	45.5	99.9074	3.3665
2383534	21932	120000	1451.83	45.5417	104.291	3.65053
2406932	22095	120000	1445.38	45.9167	135.571	4.07908
2417857	22259	120000	1415.67	46.125	107.859	3.79967
2427098	22423	120000	1418.04	46.0417	120.737	4.45268
2435615	22586	120000	1428.54	45.9583	86.8312	3.13471
2443682	22750	120000	1420.12	46.2917	144.76	4.48996
2453676	22914	120000	1416	46.2083	101.19	3.41463
2465233	23077	120000	1402.21	46.5417	107.115	3.99913
2482308	23241	120000	1395.58	46.8333	120.428	4.10961
2495552	23405	120000	1375.08	47.25	117.53	3.32916
2518771	23568	120000	1368.04	47.2083	125.62	4.39618
2540520	23732	120000	1372.75	47.125	127.164	4.13572
2550970	23896	120000	1370.54	47.0417	99.8582	3.62763
2563557	24059	120000	1349.75	47.625	107.332	4.07482
2575658	24223	120000	1343.25	47.8333	91.5574	3.44803
2603235	24387	120000	1350.21	47.5833	109.269	3.8694
2644165	24550	120000	1321.58	48.4583	117.88	4.43393
2670219	24714	120000	1307.79	48.7083	87.8426	3.48708
2681861	24878	120000	1284.08	49.2917	73.2551	3.13471
2696180	25041	120000	1296.12	49	108.516	4.16333
2707792	25205	120000	1279.83	49.4167	112.685	3.8694
2723197	25369	120000	1276.67	49.4583	115.759	4.24182
2749440	25533	120000	1273	49.5417	86.4966	3.36547
2760627	25696	120000	1266.79	49.7917	97.69	3.78502
2780227	25860	120000	1260.54	49.875	121.396	4.5575
2793035	26024	120000	1248.21	50	81.4432	3.82971
2798191	26187	120000	1245.21	50.375	102.471	4.07482
2806359	26351	120000	1242.29	50.625	93.2925	4.07482
2814047	26515	120000	1239.29	50.5	97.3147	3.78594
2822442	26678	120000	1241.62	50.2083	110.36	4.24182
2834831	26842	120000	1235.46	50.6667	104.879	3.98609
2850907	27006	120000	1218.67	51.0417	95.6481	4.30036
2860433	27169	120000	1212.96	51.3333	124.244	4.6428
2872228	27333	120000	1207.92	51.25	86.3731	3.66288
2887755	27497	120000	1204.71	51.5	84.9205	3.74166
2896794	27660	120000	1211.12	51.2083	89.2063	3.55805
2908906	27824	120000	1203.79	51.625	106.715	4.19573
2920161	27988	120000	1196.71	52.0417	94.6845	3.13471
2928833	28151	120000	1203.38	51.7083	94.198	3.58139
2938385	28315	120000	1183.54	52.2083	104.518	3.95724
2958514	28479	120000	1179.46	52.0417	99.425	3.85051
3004093	28642	120000	1173.04	52.25	83.2536	3.61709
3019193	28806	120000	1160.42	52.7917	104.476	4.24182
3034711	28970	120000	1147.71	53.3333	99.4124	4.10961
3047785	29133	120000	1152.62	53	102.437	3.95811
3088448	29297	120000	1136	53.875	64.8742	3.07205
3107050	29461	120000	1131.21	54.125	117.852	4.66592
3134413	29624	120000	1104.38	55.125	76.1332	3.33229
3161513	29788	120000	1116.92	54.2917	97.3052	4.06116
3170645	29952	120000	1107.75	54.6667	79.771	3.29983
3182495	30115	120000	1104.71	55.125	91.4959	3.88641
3194808	30279	120000	1097.62	55.25	92.5361	4.09268
3207253	30443	120000	1109.62	54.625	82.9293	3.99218
3222669	30606	120000	1082.62	55.75	99.5269	4.48144
3229786	30770	120000	1092.17	55.3333	81.0898	3.94405
3236202	30934	120000	1094	55.5	99.8532	4.28174
3245600	31097	120000	1088.54	55.4167	103.788	4.543
3258047	31261	120000	1091.12	55.4583	79.4446	3.69591
3265991	31425	120000	1076.42	56.0833	82.7605	3.55512
3272178	31588	120000	1074.79	56.125	77.2571	3.66572
3282117	31752	120000	1075.42	56.0833	95.4357	4.35571
3292387	31916	120000	1080.08	55.875	92.5741	4.33253
3304432	32079	120000	1067.42	56.4167	111.114	4.68745
3311354	32243	120000	1056.46	56.9167	98.8955	4.46903
3323896	32407	120000	1068.58	56.2083	82.4276	4.3581
3336035	32570	120000	1059.17	56.7917	82.6331	3.69591
3348250	32734	120000	1065.79	56.5833	89.5135	4.15999
3361947	32898	120000	1052.17	57.0417	82.623	3.53455
3375660	33061	120000	1048.54	57.3333	99.2958	3.81517
3385817	33225	120000	1053.79	56.9167	84.4373	3.8694
3397658	33389	120000	1041.25	57.375	65.3994	3.20481
3402358	33552	120000	1032.54	58	70.6588	3.21455
3408735	33716	120000	1038.54	57.625	76.7115	3.30719
3417695	33880	120000	1031.96	57.75	90.7918	3.52373
3425670	34044	120000	1021.88	58.25	77.26	3.1225
3442212	34207	120000	1049.5	57.4167	86.1897	3.78227
3460456	34371	120000	1022.42	58.0833	106.481	3.8694
3489464	34535	120000	1010.29	58.5833	88.6143	3.15788
3502517	34698	120000	1010.71	58.5	95.3039	3.3665
3523864	34862	120000	1012.83	58.5417	87.097	3.21347
3548075	35026	120000	990.333	59.2083	70.1728	2.15864
3562584	35189	120000	988.375	59.25	77.5281	1.84842
3579756	35353	120000	994.667	59.125	76.7608	2.40226
3586239	35517	120000	993.833	59.2917	76.0256	2.54815
3595563	35680	120000	981.208	59.2083	104.325	2.88555
3614887	35844	120000	975.667	59.3333	105.076	2.0548
3622104	36008	120000	988.625	59.2083	85.8522	1.99826
3629575	36171	120000	979.125	59.375	91.5921	2.14573
3642248	36335	120000	978.75	59.4167	79.6832	1.99304
3658126	36499	120000	967.75	59.7083	77.2361	1.0769
3674466	36662	120000	971.5	59.5417	79.2864	1.41176
3691991	36826	120000	961	59.8333	76.4024	0.745356
3724511	36990	120000	963.625	59.5833	99.8245	1.90759
3733695	37153	120000	951.375	59.7083	84.4567	1.57894
3742116	37317	120000	953.833	59.75	96.0168	1.04083
3750809	37481	120000	942.333	59.8333	85.6148	0.942809
3762752	37644	120000	931.458	59.9583	83.0301	0.399653
3774597	37808	120000	943.25	59.9167	70.3284	0.552771
3784892	37972	120000	942.667	59.8333	89.0256	0.942809
3794621	38135	120000	934.583	60	70.2992	0
3805523	38299	120000	937.167	59.8333	85.6284	1.10554
3818821	38463	120000	934.542	59.8333	105.339	0.942809
3835540	38626	120000	936.542	59.7917	85.872	1.15169
3866934	38790	120000	927.917	60	71.309	0
3891024	38954	120000	912.125	60	74.2435	0
3898345	39117	120000	912.792	60	80.3927	0
3906062	39281	120000	911.292	59.9583	94.7532	0.399653
3927627	39445	120000	910.25	60	85.8123	0
3937997	39608	120000	915.875	60	62.8764	0
3949633	39772	120000	904.833	60	79.1847	0
3957129	39936	120000	905.125	60	68.0571	0
3967966	40099	120000	910.208	60	79.9187	0
3996359	40263	120000	893.958	60	78.2762	0
4004929	40427	120000	889.458	60	66.6158	0
4027316	40590	120000	888.417	60	100.922	0
4042077	40754	120000	885.083	60	80.5604	0
4062960	40918	120000	874.75	60	86.1921	0
4070299	41081	120000	881.208	59.875	99.4686	1.19896
4080887	41245	120000	884.875	60	74.8138	0
4087004	41409	120000	874.458	60	70.259	0
4106549	41572	120000	873.167	60	78.8346	0
4114554	41736	120000	857.667	60	82.6714	0
4118388	41900	120000	867.125	60	81.3845	0
4124809	42064	120000	864.5	60	74.4782	0
