population	links	tests	detected	time	error	time_error
39752	575	2400000	70564.5	25.2396	3260.85	17.5211
46692	863	2400000	73129.4	24.7604	5625.61	15.2314
58297	1151	2400000	78964	24.4688	8895.09	13.4101
69719	1439	2400000	76196	24.8854	8421.08	12.3504
80362	1727	2400000	71764.1	25.1667	8062.19	11.8908
91122	2015	2400000	70584.3	25.5938	8400.44	11.1363
113989	2303	2400000	63464.8	26.3646	8017.52	10.7619
172731	2591	2400000	43455.1	28.3542	5603.93	11.0295
182147	2879	2400000	41248.1	28.5625	5265.03	11.0615
191095	3167	2400000	39591.4	28.8438	5069.92	11.1175
198726	3455	2400000	38221.1	29.0417	4911.5	11.1663
216650	3743	2400000	35905.9	29.4583	4787.66	11.0292
256355	4031	2400000	31070.3	30.3021	4182.66	11.0626
262576	4319	2400000	30504.4	30.3854	4108.8	11.2358
282757	4607	2400000	28717.9	30.7604	3905.6	11.1297
301655	4894	2400000	27191.6	31.0521	3815.09	11.0852
307468	5182	2400000	26771.8	31.1042	3718.21	10.9913
348457	5470	2400000	24285.4	31.7917	3473.71	11.0943
401016	5758	2400000	21668.6	32.5104	3151.26	11.0513
436397	6046	2400000	20182.9	32.9583	3049.28	11.1842
457907	6334	2400000	19306.3	33.2083	2888.08	11.1375
463037	6622	2400000	19112.8	33.2396	2872.3	11.2584
479420	6910	2400000	18694.7	33.4792	2837.4	11.0801
508290	7198	2400000	17720.8	33.7812	2660.66	11.3908
548311	7486	2400000	16769.1	34.1042	2609.36	11.2433
595702	7774	2400000	15731.6	34.6562	2439.64	11.4105
679881	8062	2400000	14031.9	35.4167	2239.28	11.4625
685886	8350	2400000	13919.8	35.5208	2198.39	11.554
694011	8638	2400000	13803.7	35.5938	2213.64	11.3499
734078	8926	2400000	13178.7	35.8542	2123.57	11.4426
749233	9214	2400000	13028.1	35.9479	2106.55	11.43
770488	9502	2400000	12718	36.1875	2070.04	11.4752
776003	9789	2400000	12656.2	36.1354	2060.11	11.3993
791977	10077	2400000	12466	36.2396	2025.24	11.5011
811029	10365	2400000	12212.2	36.5208	2002.46	11.5227
827065	10653	2400000	12061	36.6042	2008.02	11.4268
835568	10941	2400000	12009.5	36.6562	2016.94	11.3119
853014	11229	2400000	11792	36.8542	1955.94	11.623
858422	11517	2400000	11747.6	36.7917	1995.3	11.4214
868573	11805	2400000	11675.7	36.8854	1977.88	11.4562
885367	12093	2400000	11596.1	36.9792	1984.96	11.3548
903877	12381	2400000	11470.3	37.1562	1965.33	11.5135
926326	12669	2400000	11339.6	37.2188	1974.46	11.3556
934788	12957	2400000	11251.9	37.25	1957.24	11.4006
940383	13245	2400000	11249.4	37.3229	1954.65	11.4409
954710	13533	2400000	11150.8	37.4479	1980.04	11.4072
968186	13821	2400000	11122.7	37.5417	1941.23	11.4703
986356	14109	2400000	11055.5	37.7083	2001.07	11.2733
990691	14396	2400000	11022	37.7083	1981.86	11.2874
1008804	14684	2400000	10962.1	37.7292	1976.64	11.3354
1023458	14972	2400000	10846	37.9062	1959.05	11.3022
1047043	15260	2400000	10773.8	38.0208	1950.83	11.474
1070880	15548	2400000	10595.1	38.0833	1924.53	11.251
1093453	15836	2400000	10500.6	38.3125	1964.41	11.2177
1098616	16124	2400000	10444.8	38.2396	1932.92	11.262
1116181	16412	2400000	10325.5	38.3542	1929.67	11.2699
1121422	16700	2400000	10282.4	38.4792	1917.57	11.3337
1139535	16988	2400000	10138.7	38.6667	1895.07	11.417
1171992	17276	2400000	9945.85	38.7604	1857.39	11.4488
1205128	17564	2400000	9735.74	38.9583	1824.65	11.4738
1230182	17852	2400000	9560.06	39.1146	1812.85	11.358
1248616	18140	2400000	9429.27	39.2292	1777.97	11.5175
1256290	18428	2400000	9380.1	39.3229	1802.61	11.4479
1264477	18716	2400000	9327.34	39.3542	1748.62	11.2415
1279632	19004	2400000	9238.68	39.4167	1742.49	11.3431
1293590	19291	2400000	9139.98	39.5417	1710.81	11.7291
1318141	19579	2400000	9020.29	39.6562	1702.63	11.4456
1328327	19867	2400000	8991.25	39.7083	1747.13	11.5572
1341127	20155	2400000	8894.21	39.8229	1674.08	11.4286
1364418	20443	2400000	8769.28	39.9271	1675.86	11.454
1386985	20731	2400000	8635.32	40.1354	1631.7	11.6218
1412459	21019	2400000	8491.02	40.1667	1599.85	11.6357
1427139	21307	2400000	8432.67	40.3021	1604.65	11.7161
1439690	21595	2400000	8341.77	40.3646	1609.73	11.3624
1481514	21883	2400000	8146.79	40.6771	1537.32	11.6145
1512828	22171	2400000	7994.43	40.8542	1551.33	11.5123
1537331	22459	2400000	7878.88	40.8958	1488.33	11.5937
1562819	22747	2400000	7765.44	41.0104	1451.49	11.6145
1576533	23035	2400000	7693.64	41.1667	1452.42	11.5598
1590494	23323	2400000	7642.82	41.2917	1464.02	11.6915
1601094	23611	2400000	7573.89	41.2708	1429.8	11.7207
1624648	23898	2400000	7486.79	41.4375	1444.11	11.715
1636538	24186	2400000	7434.42	41.4688	1427.75	11.7462
1666564	24474	2400000	7319.04	41.6979	1419.19	11.9662
1691491	24762	2400000	7216.31	41.7917	1403.59	12.0156
1705497	25050	2400000	7161.14	41.8854	1363.64	11.7596
1711850	25338	2400000	7126.91	41.9271	1357.27	11.7948
1752015	25626	2400000	6972.5	42.1875	1369.43	11.9165
1796309	25914	2400000	6823.24	42.4583	1319.6	11.7393
1825432	26202	2400000	6705.82	42.5938	1290.48	11.8568
1873573	26490	2400000	6553.25	42.8854	1271.66	11.962
1900438	26778	2400000	6471.71	43.0104	1250.61	12.0208
1909098	27066	2400000	6448.76	43.0625	1246	11.9048
1929315	27354	2400000	6381.54	43.1667	1219.69	12.0081
1942551	27642	2400000	6332.01	43.25	1211.41	11.9624
2020740	27930	2400000	6107.04	43.7917	1200.31	12.2268
2052793	28218	2400000	6006.54	43.8854	1163.11	12.2136
2070155	28506	2400000	5965.5	43.9479	1164.15	12.3034
2102993	28793	2400000	5886.1	44.1667	1150.94	12.2391
2111999	29081	2400000	5854.48	44.2396	1154.28	12.2524
2126453	29369	2400000	5809.92	44.375	1099.07	12.4324
2155348	29657	2400000	5743.45	44.4896	1084.07	12.2369
2173964	29945	2400000	5696.8	44.6354	1123.67	12.4609
2231438	30233	2400000	5538.82	44.9583	1051.24	12.3246
2248492	30521	2400000	5496.58	45.0625	1053.7	12.4084
2258385	30809	2400000	5494.79	45.125	1057.41	12.5732
2296040	31097	2400000	5388.85	45.3333	1028.92	12.5331
2315857	31385	2400000	5347.31	45.5	1048.76	12.6612
2334107	31673	2400000	5305.57	45.6146	1035.11	12.6117
2341783	31961	2400000	5294.29	45.5417	1005.38	12.6546
2354331	32249	2400000	5263.28	45.6042	1004.67	12.5899
2378661	32537	2400000	5216.8	45.6979	981.283	12.5346
2433750	32825	2400000	5112.99	46.0938	973.488	12.8901
2459511	33113	2400000	5054.97	46.2708	990.783	13.116
2496703	33401	2400000	4959.61	46.5	956.719	12.9209
2507413	33688	2400000	4971.24	46.4479	967.426	13.0377
2521820	33976	2400000	4929.09	46.6667	936.74	13.1013
2545902	34264	2400000	4885.91	46.7396	940.217	13.0786
2574160	34552	2400000	4834.02	47.0208	955.955	13.1571
2589332	34840	2400000	4813.41	47.0833	922.426	13.1288
2628798	35128	2400000	4738.62	47.2396	915.36	13.2926
2668258	35416	2400000	4682.72	47.5312	904.807	13.2721
2720800	35704	2400000	4588.96	47.7812	887.785	13.4079
2734693	35992	2400000	4559.61	47.9479	875.8	13.7357
2746026	36280	2400000	4555.01	47.9688	887.54	13.6042
2757626	36568	2400000	4540.07	48.0521	869.73	13.8575
2764913	36856	2400000	4500.74	48.1667	871.609	13.4122
2789415	37144	2400000	4476.86	48.2604	891.213	13.5918
2811473	37432	2400000	4450.1	48.4271	865.185	13.7804
2827007	37720	2400000	4424.4	48.5208	852.226	13.8852
2848743	38008	2400000	4402.76	48.4583	866.229	13.629
2892002	38295	2400000	4318.06	48.8125	852.622	13.592
2907527	38583	2400000	4302.41	48.9167	840.899	14.0248
2942175	38871	2400000	4265.97	49.0625	849.476	14.068
2950283	39159	2400000	4231.85	49.1667	820.446	13.9332
2972718	39447	2400000	4210.91	49.2292	811.619	14.1125
3006017	39735	2400000	4168.19	49.4792	796.237	14.1479
3027702	40023	2400000	4134.91	49.6042	782.606	14.2984
3054622	40311	2400000	4097.49	49.8229	792.367	14.4557
3069290	40599	2400000	4089.11	49.8229	815.182	14.4252
3094292	40887	2400000	4061.57	49.9167	782.543	14.5376
3117978	41175	2400000	4020.11	50.0729	774.042	14.5831
3152584	41463	2400000	3972.76	50.3542	789.568	14.4584
3176210	41751	2400000	3950.85	50.4896	773.307	14.4944
3206251	42039	2400000	3910.72	50.5938	752.338	14.783
3221423	42327	2400000	3895.22	50.6667	761.195	14.6035
3238551	42615	2400000	3878.24	50.7917	746.453	14.8568
3259629	42903	2400000	3848.4	50.9896	758.639	15.0031
3297993	43190	2400000	3813.07	51.1562	739.11	15.0346
3318945	43478	2400000	3788.06	51.2812	736.409	15.0063
3331668	43766	2400000	3768.62	51.4896	722.794	15.2636
3342692	44054	2400000	3754.51	51.3438	725.084	15.15
3362991	44342	2400000	3743.06	51.5625	724.991	14.7104
3381006	44630	2400000	3721.25	51.5521	713.384	15.0254
3408171	44918	2400000	3693.34	51.7083	712.456	15.0468
3424483	45206	2400000	3673.72	51.8333	688.418	15.0913
3464048	45494	2400000	3629.18	52.125	707.128	15.3061
3487908	45782	2400000	3600.92	52.2188	698.495	15.3712
3514309	46070	2400000	3587.8	52.2917	691.356	15.4587
3535812	46358	2400000	3573.61	52.5	694.239	15.6519
3565174	46646	2400000	3534.04	52.7396	691.742	15.4596
3603499	46934	2400000	3492.86	53.0417	674.199	15.8473
3617969	47222	2400000	3495.59	52.9479	680.14	15.6886
3631565	47510	2400000	3472.31	52.9271	664.162	15.4233
3703594	47797	2400000	3404.21	53.5104	654.201	15.9005
3735007	48085	2400000	3383.53	53.6771	669.242	16.2428
3771643	48373	2400000	3345.78	53.6458	615.27	15.7156
3784202	48661	2400000	3338.68	53.8646	655.744	16.0124
3820425	48949	2400000	3311.74	53.9167	635.886	15.786
3830864	49237	2400000	3289.02	54.2292	643.854	16.4119
3877554	49525	2400000	3257.62	54.3438	640.839	16.3125
3925947	49813	2400000	3227.2	54.4896	624.782	16.1997
3958378	50101	2400000	3190.64	54.8333	597.612	16.5483
3980963	50389	2400000	3172.31	54.9688	604.772	16.5381
3997346	50677	2400000	3164.3	54.9375	602.295	16.3932
4012178	50965	2400000	3151.41	55	614.601	16.3423
4031019	51253	2400000	3145.81	55.125	595.657	16.4065
4071081	51541	2400000	3108.72	55.3333	608.021	16.4319
4141584	51829	2400000	3057.91	55.7917	594.869	16.7866
4165761	52117	2400000	3046.26	55.9688	601.129	16.9987
4190905	52405	2400000	3025.08	56.0417	579.247	16.7245
4215622	52692	2400000	3008.69	56.2396	586.96	16.9286
4238740	52980	2400000	2992.36	56.4062	568.843	16.9353
4277728	53268	2400000	2966.77	56.5625	577.111	16.8221
4298621	53556	2400000	2950.21	56.625	576.122	16.892
4324531	53844	2400000	2929.01	56.7917	570.093	16.7819
4350037	54132	2400000	2928.59	56.8125	594.462	17.3179
4372867	54420	2400000	2902.62	57.0208	560.663	17.2616
4407957	54708	2400000	2879.82	57.2188	548.91	17.4351
4436904	54996	2400000	2854.48	57.375	548.062	17.1809
4466900	55284	2400000	2853.74	57.4479	561.487	17.2891
4483730	55572	2400000	2837.73	57.5729	548.888	17.3858
4515888	55860	2400000	2809.17	57.9167	527.052	17.3187
4535797	56148	2400000	2804.93	57.8438	539.346	17.2276
4572373	56436	2400000	2775.61	58.25	544.056	17.4484
4602779	56724	2400000	2755.48	58.4062	536.184	17.3393
4624988	57012	2400000	2755.67	58.4583	538.863	17.4963
4635918	57299	2400000	2744.14	58.4167	521.126	17.514
4657527	57587	2400000	2731.88	58.6354	530.455	17.3544
4687708	57875	2400000	2721.32	58.7708	532.725	17.2442
4722667	58163	2400000	2704.95	58.7396	525.022	17.6496
4752224	58451	2400000	2677.4	59.1875	534.119	17.7335
4773470	58739	2400000	2660.34	59.3646	518.35	17.6992
4819941	59027	2400000	2630.66	59.6354	508.022	18.0883
4862617	59315	2400000	2616.96	59.8021	520.589	17.9048
4880616	59603	2400000	2598.92	59.8333	515.277	18.1866
4899083	59891	2400000	2593.43	60.1875	506.99	18.3195
4921220	60179	2400000	2581.62	60.25	524.322	18.2839
4934322	60467	2400000	2582.14	60.1042	498.076	18.0048
5003741	60755	2400000	2539.68	60.6146	481.15	17.9846
5040620	61043	2400000	2529.23	60.7396	491.4	18.1966
5059642	61331	2400000	2536.81	60.75	494.012	18.2532
5071682	61619	2400000	2516.84	60.8542	499.992	18.1939
5123320	61907	2400000	2493.62	61.2188	473.674	18.2624
5147092	62194	2400000	2483.62	61.4167	495.416	18.6429
5162896	62482	2400000	2463.29	61.6146	481.167	18.5217
5180526	62770	2400000	2457.57	61.6146	474.34	18.6272
5192694	63058	2400000	2451.89	61.7812	493.58	18.8808
5214897	63346	2400000	2437.94	61.9271	471.423	18.7576
5233411	63634	2400000	2447.69	61.8021	486.282	18.5136
5263207	63922	2400000	2430.28	62.0938	478.796	18.5318
5309029	64210	2400000	2405.09	62.375	470.447	18.5581
5349165	64498	2400000	2397.05	62.4896	465.839	18.5942
5383131	64786	2400000	2379.83	62.7708	481.213	18.8877
5414757	65074	2400000	2365.5	62.9896	473.41	19.2092
5467152	65362	2400000	2342.04	63.2083	461.509	19.1161
5499695	65650	2400000	2322.16	63.6146	448.484	18.8981
5538902	65938	2400000	2316.48	63.6146	437.179	19.2131
5565746	66226	2400000	2298.96	64.1771	457.069	19.6876
5586289	66514	2400000	2299	63.9479	445.071	18.8047
5619569	66802	2400000	2270.9	64.3125	456.079	19.2733
5676045	67089	2400000	2245.7	64.5729	433.707	19.0633
5709327	67377	2400000	2244.72	64.75	429.052	19.341
5766046	67665	2400000	2214.71	65.2083	439.74	19.2413
5794830	67953	2400000	2205.6	65.2708	439.214	19.4287
5813018	68241	2400000	2210.52	65.125	427.428	19.3043
5856969	68529	2400000	2194.96	65.5104	438.145	19.5182
5869793	68817	2400000	2176.17	65.75	417.593	19.7485
5891806	69105	2400000	2180.56	65.875	437.202	19.8943
5917504	69393	2400000	2165.18	66	422.036	19.934
5949002	69681	2400000	2160.47	66.1042	412.137	19.3358
5980897	69969	2400000	2135.81	66.3229	419.843	19.9531
6035371	70257	2400000	2123.59	66.5938	411.507	19.4495
6062744	70545	2400000	2114.16	66.9062	412.828	19.7426
6078710	70833	2400000	2104.08	67.0833	411.346	19.8851
6119685	71121	2400000	2099.69	67.2396	418.369	19.626
6156310	71409	2400000	2079.81	67.3021	404.494	19.9503
6179029	71696	2400000	2069.14	67.7604	409.315	20.1154
6211535	71984	2400000	2070.1	67.4271	386.31	19.7155
6232281	72272	2400000	2055.93	67.875	406.603	19.9024
6265762	72560	2400000	2055.06	67.8542	411.53	20.2388
6299522	72848	2400000	2041.81	68.1875	413.433	20.0727
6324246	73136	2400000	2035.47	68.1667	413.079	20.4212
6364003	73424	2400000	2020.11	68.5312	381.867	19.4667
6382548	73712	2400000	2010.84	68.6979	385.262	20.0324
6402500	74000	2400000	2005.58	68.7708	404.378	20.505
6464069	74288	2400000	1986.9	69.1458	379.381	19.95
6504465	74576	2400000	1977.59	69.3229	391.436	20.3777
6531701	74864	2400000	1970.39	69.5521	364.62	19.7927
6568196	75152	2400000	1957.97	69.7708	389.342	20.8418
6599917	75440	2400000	1955.77	69.7083	382.245	20.1177
6621026	75728	2400000	1935.82	70.2188	379.413	20.3615
6650968	76016	2400000	1934.22	70.3229	387.185	20.4385
6673031	76304	2400000	1925.04	70.5	376.106	20.1596
6693907	76591	2400000	1923.58	70.6042	371.101	20.3128
6722076	76879	2400000	1908.32	70.8125	370.918	20.446
6770849	77167	2400000	1899.28	71.0417	376.317	20.4276
6799547	77455	2400000	1890.29	71.1771	371.383	20.4806
6835658	77743	2400000	1878.69	71.3438	365.229	20.2563
6857717	78031	2400000	1872.61	71.5521	361.422	20.6729
6875710	78319	2400000	1870.51	71.6458	370.695	20.1377
6890265	78607	2400000	1865.15	71.7083	350.765	20.046
6921983	78895	2400000	1861.18	71.5938	355.086	20.313
6948682	79183	2400000	1861.59	71.8646	362.665	20.7149
6971276	79471	2400000	1847.9	72.1979	364.135	20.3308
6999879	79759	2400000	1838.72	72.3958	357.85	20.8648
7039872	80047	2400000	1833.86	72.5521	360.601	20.5291
7086295	80335	2400000	1813.9	72.8646	350.602	20.2559
7100575	80623	2400000	1821.56	72.8542	362.921	20.4454
7115308	80911	2400000	1809.47	72.9688	352.773	20.6139
7133415	81198	2400000	1808.14	73.125	375.093	21.0857
7164972	81486	2400000	1801.3	73.2396	351.74	20.56
7222382	81774	2400000	1787.19	73.5938	356.349	20.9912
7242205	82062	2400000	1777.71	73.75	339.408	20.6305
7268834	82350	2400000	1774.01	73.9271	352.38	20.7258
7285394	82638	2400000	1775.39	74.0521	359.435	21.3612
7312570	82926	2400000	1761.81	74.2188	348.814	20.5259
7327425	83214	2400000	1761.35	74.4167	348.618	21.1395
7345910	83502	2400000	1752.31	74.5625	343.485	20.9668
7365468	83790	2400000	1748.21	74.7083	346.28	20.7637
7399451	84078	2400000	1747.44	74.5729	347.973	20.7036
7473237	84366	2400000	1728.38	75.25	343.131	21.2101
7526177	84654	2400000	1710.06	75.7083	338.846	20.833
7548072	84942	2400000	1710.15	75.7708	332.495	20.2931
7597474	85230	2400000	1707.88	75.9583	340.021	20.7425
7630121	85518	2400000	1689.24	76.4792	341.874	21.2063
7639536	85806	2400000	1690.94	76.2708	334.376	20.3502
7677435	86093	2400000	1682.79	76.4062	337.98	21.1942
7709667	86381	2400000	1673.24	76.6771	324.516	21.322
7746690	86669	2400000	1670.2	76.8958	332.538	21.2487
7767155	86957	2400000	1671.93	76.625	320.785	20.7335
7801561	87245	2400000	1656.34	77.7292	322.288	20.6857
7824051	87533	2400000	1652.59	77.2083	322.946	21.0261
7853374	87821	2400000	1653.67	77.1979	317.856	21.0122
7870332	88109	2400000	1643.92	77.6979	319.676	21.2631
7901513	88397	2400000	1639.12	77.875	332.459	21.6216
7920265	88685	2400000	1631.34	78.0729	332.951	21.1558
7941070	88973	2400000	1626.52	78.4688	323.719	20.969
7971004	89261	2400000	1629.3	78.2812	321.557	20.8326
8005167	89549	2400000	1624.2	78.3333	320.744	20.3781
8021626	89837	2400000	1618.11	78.6042	329.302	21.3558
8049689	90125	2400000	1609.72	79.0104	321.071	20.7591
8073560	90413	2400000	1602.57	79.0104	307.462	20.6818
8087911	90701	2400000	1599.81	79.3229	330.214	21.7586
8122824	90988	2400000	1596.91	79.1667	309.922	21.0142
8168858	91276	2400000	1586.74	79.5312	309.095	20.5468
8207089	91564	2400000	1572.44	80.1771	314.848	21.6951
8237830	91852	2400000	1577.29	79.875	312.571	21.1065
8274853	92140	2400000	1568.04	80.3958	307.83	21.0652
8304613	92428	2400000	1561.69	80.5521	309.74	20.9822
8345684	92716	2400000	1561.39	80.75	311.08	21.2948
8377659	93004	2400000	1548.96	81.0833	289.135	20.4936
8422700	93292	2400000	1534.6	81.625	297.185	20.4733
8472130	93580	2400000	1542.17	81.125	300.778	20.5805
8505646	93868	2400000	1527.3	81.9688	310.744	21.4268
8542877	94156	2400000	1519.76	82.2812	306.093	21.2435
8590513	94444	2400000	1509.36	82.4271	297.93	21.7149
8605087	94732	2400000	1516.04	82.1667	288.732	20.7998
8622844	95020	2400000	1508.04	82.6562	299.569	21.3995
8666063	95308	2400000	1506.89	82.9896	295.455	20.1645
8692925	95595	2400000	1493.27	83.2188	292.427	21.1765
8708492	95883	2400000	1498.88	83.0208	301.996	21.3923
8729074	96171	2400000	1486.91	83.3438	291.464	21.6338
8744040	96459	2400000	1488.57	83.1875	292.479	21.0459
8769927	96747	2400000	1480.08	83.9479	292.579	20.7183
8803107	97035	2400000	1477.17	83.8854	290.888	21.4574
8828472	97323	2400000	1470.99	84.125	296.335	21.488
8840078	97611	2400000	1465.23	84.3542	288.491	21.2214
8874750	97899	2400000	1459.41	84.6146	278.129	20.9908
8894206	98187	2400000	1453.4	84.8438	296.632	21.0288
8919893	98475	2400000	1461.52	84.5417	282.234	20.8541
8947198	98763	2400000	1454.98	84.7708	291.96	21.7806
8984788	99051	2400000	1445.98	85.1562	282.15	20.8511
9014540	99339	2400000	1443.43	85.0938	281.672	21.6102
9041109	99627	2400000	1436.82	85.9688	291.082	21.0462
9061529	99915	2400000	1435.81	85.8854	294.755	21.9151
9105866	100203	2400000	1422.61	86.6354	286.42	21.2744
9132412	100490	2400000	1429.54	85.9062	288.078	22.081
9158332	100778	2400000	1425.41	86.1979	287.3	21.8799
9179007	101066	2400000	1421.99	86.3542	279.264	20.6692
9206585	101354	2400000	1422.91	86.5	288.515	21.6249
9234744	101642	2400000	1411.07	87.0833	287.398	21.552
9270346	101930	2400000	1408.27	86.9375	282.325	21.4256
9295266	102218	2400000	1399.66	87.4271	279.596	21.924
9331091	102506	2400000	1397.38	87.6458	279.776	21.0548
9364067	102794	2400000	1386.73	88.1667	276.085	21.7221
9395414	103082	2400000	1391.11	87.5417	274.493	21.6358
9464608	103370	2400000	1381.96	88.1667	266.405	20.9837
9495384	103658	2400000	1381.23	88.25	276.57	21.5878
9541668	103946	2400000	1365.96	89.3021	273.709	21.6731
9574757	104234	2400000	1358.27	89.3125	268.702	21.3142
9595204	104522	2400000	1360.47	89.6771	274.039	21.9417
9617432	104810	2400000	1358.1	89.7083	268.366	21.682
9659024	105097	2400000	1349.42	89.9375	270.757	21.2851
9681296	105385	2400000	1350.45	89.9688	267.741	21.5107
9708864	105673	2400000	1350.38	89.9271	264.115	21.042
9721266	105961	2400000	1341.55	90.6042	270.394	21.3483
9765735	106249	2400000	1334.62	90.8854	280.776	22.7729
9787520	106537	2400000	1335.2	90.8125	271.06	21.568
9803014	106825	2400000	1326.45	91.2708	244.901	20.4013
9814322	107113	2400000	1330.17	91.5	275.001	21.4203
9833498	107401	2400000	1327.28	91.4688	265.129	21.5599
9865429	107689	2400000	1325.99	91.7083	269.665	21.5765
9890324	107977	2400000	1315.8	91.8438	247.205	20.635
9914539	108265	2400000	1317.62	92.0104	267.355	21.4884
9937701	108553	2400000	1314.71	91.9375	245.861	20.6631
9954260	108841	2400000	1312.08	91.9688	242.638	20.5497
9970260	109129	2400000	1312.06	91.9896	258.001	21.4138
9992846	109417	2400000	1303.81	92.7396	255.923	21.5214
10008252	109705	2400000	1307.03	92.6458	251.755	20.9824
10025008	109992	2400000	1302.99	92.6979	260.678	21.699
10036711	110280	2400000	1300.25	93.2188	266.68	21.7709
10078692	110568	2400000	1295.81	92.8542	253.205	21.1836
10138324	110856	2400000	1288.31	93.4167	245.509	21.2547
10155925	111144	2400000	1287.84	93.6354	263.044	22.1353
10166983	111432	2400000	1282.86	93.9062	255.509	21.2705
10185930	111720	2400000	1278.34	94.0833	253.16	21.3617
10201996	112008	2400000	1281.46	94.1771	260.053	22.3331
10234379	112296	2400000	1276.53	94.2188	252.27	22.4443
10252988	112584	2400000	1276.56	94.3333	249.626	21.6335
10271099	112872	2400000	1277.74	94.0208	245.939	20.4962
10286277	113160	2400000	1271.25	94.5417	249.361	21.5988
10307696	113448	2400000	1268.94	94.7917	242.975	21.3847
10331670	113736	2400000	1269.45	94.7917	243.507	21.1381
10351967	114024	2400000	1261.39	95.3438	248.632	21.6929
10395400	114312	2400000	1259.96	95.1979	252.411	22.3468
10411059	114599	2400000	1252.44	95.5625	245.228	21.3564
10428862	114887	2400000	1259.07	95.2604	250.268	21.5214
10448598	115175	2400000	1260.25	95.3542	257.279	21.2684
10465897	115463	2400000	1247	96.3229	250.542	21.788
10478028	115751	2400000	1248.08	96.2396	254.334	21.6761
10500848	116039	2400000	1245.02	96.4792	253.441	22.0409
10533163	116327	2400000	1246.24	96.3021	247.143	21.4467
10559911	116615	2400000	1241.33	96.5208	240.092	21.5488
10574745	116903	2400000	1235.26	96.9271	242.56	20.5045
10612296	117191	2400000	1234.85	96.9375	239.031	21.0753
10621863	117479	2400000	1222.03	97.9062	253.291	21.7468
10656753	117767	2400000	1229.48	97.6146	249.239	21.3518
10675436	118055	2400000	1221.02	98.0208	236.483	21.6581
10722759	118343	2400000	1217.84	98	233.06	20.9443
10747826	118631	2400000	1223.19	97.875	244.591	22.4818
10757689	118919	2400000	1216.88	98.3229	233.435	20.788
10785876	119207	2400000	1220.66	97.9271	241.222	21.7361
10804945	119494	2400000	1211.76	98.6562	251.065	22.1854
10820247	119782	2400000	1213.68	98.6667	242.575	21.9712
10857319	120070	2400000	1205.17	99.0938	242.041	22.0556
10881786	120358	2400000	1201.58	99.3125	252.059	21.7987
10924752	120646	2400000	1199.98	99.2917	229.075	20.6613
10958363	120934	2400000	1195.77	99.6771	236.359	20.6392
10989282	121222	2400000	1193.52	99.7917	231.926	21.8071
11012642	121510	2400000	1192.42	99.9479	235.064	21.1749
11025529	121798	2400000	1191.75	100.24	242.628	21.7627
11040432	122086	2400000	1184.72	100.552	243.82	21.8968
11055778	122374	2400000	1187.64	100.094	236.117	21.91
11077449	122662	2400000	1181.4	100.844	231.909	21.1975
11093779	122950	2400000	1186.77	100.219	229.557	20.8028
11104818	123238	2400000	1175.24	101.25	220.79	20.8945
11120289	123526	2400000	1177.06	101.333	239.304	20.4056
11144409	123814	2400000	1175.89	101.188	230.923	20.9449
11166678	124102	2400000	1171.94	101.167	235.824	20.9341
11179522	124389	2400000	1171.02	101.427	240.092	22.2465
11195388	124677	2400000	1167.59	101.927	233.252	21.5214
11214578	124965	2400000	1173.35	101.51	224.974	20.6867
11234479	125253	2400000	1171.95	101.427	218.831	20.5035
11243531	125541	2400000	1169.24	101.833	226.127	19.9634
11255951	125829	2400000	1163.43	102.177	235.192	21.3323
11270670	126117	2400000	1162.86	102.24	228.319	20.2581
11318898	126405	2400000	1163.55	102.292	234.239	21.0033
11335432	126693	2400000	1152.64	102.979	235.62	20.7696
11361250	126981	2400000	1158.78	102.5	231.114	21.2572
11388611	127269	2400000	1155.2	102.667	246.245	22.1237
11398539	127557	2400000	1149.28	103.542	224.388	20.1594
11413916	127845	2400000	1156.45	102.667	227.013	20.715
11427154	128133	2400000	1146.03	103.656	229.045	20.8424
11449483	128421	2400000	1142.91	103.781	240.488	21.5882
11461459	128709	2400000	1147.28	103.469	240.402	21.1117
11475155	128996	2400000	1149.75	103.062	230.709	20.9821
11484769	129284	2400000	1142.94	103.594	230.555	20.8631
11517278	129572	2400000	1141.8	103.448	230.429	21.3696
11533277	129860	2400000	1142.32	103.583	226.891	21.1584
11553796	130148	2400000	1136.81	104	237.343	20.6963
11581153	130436	2400000	1134.55	104.219	226.045	20.4927
11592982	130724	2400000	1139.83	103.656	222.728	20.9497
11638758	131012	2400000	1125.88	104.802	214.666	19.9954
11656443	131300	2400000	1133.04	104.5	228.189	20.3394
11682649	131588	2400000	1120.38	105.646	217.099	19.6122
11696730	131876	2400000	1124.17	105.188	225.614	20.1682
11705938	132164	2400000	1119.09	105.365	222.727	19.6247
11721114	132452	2400000	1118.41	105.469	225.114	20.8292
11732981	132740	2400000	1117.18	105.667	218.633	20.556
11749103	133028	2400000	1122.82	105.25	221.006	20.1019
11754840	133316	2400000	1119.95	105.323	223.727	20.0511
11767723	133604	2400000	1118.46	105.219	209.337	20.1937
11775318	133891	2400000	1114.74	105.896	230.769	20.3738
11800225	134179	2400000	1115.51	105.479	233.067	20.3964
11810790	134467	2400000	1113.11	106.375	217.631	19.6209
11847504	134755	2400000	1108.32	106.26	230.194	20.561
11865953	135043	2400000	1108.16	106.094	220.42	20.126
11906611	135331	2400000	1103.45	106.865	221.001	20.2381
11920625	135619	2400000	1107.34	106.188	222.735	20.5417
11933009	135907	2400000	1104.88	106.365	225.97	20.243
11944421	136195	2400000	1100.74	106.917	221.53	19.4209
11954128	136483	2400000	1098.26	107.302	217.699	19.3537
11984886	136771	2400000	1098.94	107.177	213.823	19.7181
11991361	137059	2400000	1098.05	106.771	222.58	19.6479
12003753	137347	2400000	1094.68	107.167	222.866	20.4075
12016328	137635	2400000	1093.97	107.74	220.114	19.5964
12021182	137923	2400000	1092.04	107.865	217.392	19.3527
12033268	138211	2400000	1097.55	107.052	214.932	19.4161
12046704	138498	2400000	1090.24	107.74	223.08	19.2024
12070554	138786	2400000	1089.09	107.552	225.879	19.8694
12084600	139074	2400000	1088.71	107.958	211.294	18.9437
12104611	139362	2400000	1090.14	107.812	224.575	19.488
12144363	139650	2400000	1089.74	107.177	223.93	19.1246
12165560	139938	2400000	1079.35	108.469	218.152	18.9374
12175610	140226	2400000	1082.33	108.354	213.818	18.7591
12194055	140514	2400000	1078.41	108.615	207.45	18.6659
12201200	140802	2400000	1078.27	108.594	209.54	19.9231
12207864	141090	2400000	1081.74	108.302	215.999	18.6825
12227417	141378	2400000	1076.85	108.542	206.497	19.0742
12229890	141666	2400000	1075.6	109.073	212.186	18.2691
12231739	141954	2400000	1074.28	108.531	209.481	18.3253
12233269	142242	2400000	1071.82	109.167	218.719	18.3508
12234957	142530	2400000	1081.76	108.167	222.842	19.6849
12237469	142818	2400000	1075.88	108.917	221.127	19.3341
12239527	143106	2400000	1075.55	108.771	225.711	19.0502
12242405	143393	2400000	1070.67	109.396	206.345	17.7474
12246453	143681	2400000	1070.49	109.219	217.845	19.1062
12249566	143969	2400000	1068.64	109.094	212.875	17.6334
12252524	144257	2400000	1076.06	108.938	220.943	18.373
12258110	144545	2400000	1075.29	108.854	218.251	17.6807
12263225	144833	2400000	1071.17	109.25	200.929	17.3633
12268123	145121	2400000	1072.44	108.844	204.018	18.0422
12271555	145409	2400000	1074.38	108.885	229.257	20.0459
12277986	145697	2400000	1066.43	109.552	222.664	19.7502
12284784	145985	2400000	1074.53	108.844	211.627	18.7982
12296168	146273	2400000	1070.23	109.042	215.182	18.4514
12304957	146561	2400000	1067.17	109.698	203.951	18.2008
12313057	146849	2400000	1066.16	109.344	217.189	18.8758
12321074	147137	2400000	1069.99	109.354	220.541	18.382
12327964	147425	2400000	1064.91	109.698	212.344	17.7375
12340741	147713	2400000	1065.39	109.615	201.295	16.9088
12349488	148001	2400000	1070.32	109.448	214.211	17.9879
