0	0	0.00449468
0	1	0.00451489
0	2	0.00452216
0	3	0.00457647
0	4	0.00443915
0	5	0.0044541
0	6	0.00453675
0	7	0.00448937
0	8	0.00448677
0	9	0.00447342
0	10	0.00447174
0	11	0.00444289
0	12	0.00445855
0	13	0.00492805
0	14	0.00477876
0	15	0.00457147
0	16	0.184713
0	17	0.0107026
0	18	7.83697e-14
0	19	2.91175e-13
0	20	0.00663122
0	21	0.0102772
0	22	0.00456995
0	23	2.89346e-13
0	24	0.00790223
0	25	1.81019e-14
0	26	0.00471701
0	27	0.00527367
0	28	0.00453134
0	29	0.00468498
0	30	2.75824e-13
0	31	1.76253e-13
0	32	0.0046117
0	33	3.04201e-13
0	34	1.58698e-13
0	35	0.00444996
0	36	8.91617e-14
0	37	0.00457301
0	38	3.30082e-13
0	39	9.05213e-14
0	40	0.00475363
0	41	3.24378e-13
0	42	1.49676e-13
0	43	1.70309e-13
0	44	0.00653982
0	45	0.0044781
0	46	8.84868e-14
0	47	0.00465182
0	48	1.52788e-13
0	49	0.00466351
0	50	0.00445275
0	51	0.00447107
0	52	0.00761921
1	0	0.00384773
1	1	0.00386793
1	2	0.0038752
1	3	0.00392951
1	4	0.00379219
1	5	0.00380714
1	6	0.0038898
1	7	0.00384241
1	8	0.00383981
1	9	0.00382646
1	10	0.00382479
1	11	3.27128e-13
1	12	0.00381159
1	13	0.00428109
1	14	0.00413181
1	15	0.00392452
1	16	0.184066
1	17	0.0100557
1	18	7.78813e-14
1	19	1.49849e-13
1	20	0.00598427
1	21	0.0096302
1	22	2.39e-14
1	23	0.00394306
1	24	0.00725527
1	25	0.00384631
1	26	0.00407005
1	27	0.00462671
1	28	0.00388438
1	29	0.00403802
1	30	1.26682e-13
1	31	2.47541e-13
1	32	0.00396474
1	33	0.00730241
1	34	1.51525e-13
1	35	0.00380301
1	36	2.61204e-13
1	37	0.00392605
1	38	1.30193e-13
1	39	1.0015e-13
1	40	0.00410667
1	41	6.12479e-14
1	42	2.32574e-13
1	43	0.00379348
1	44	0.00589286
1	45	1.55068e-13
1	46	5.6873e-14
1	47	0.00400486
1	48	2.15664e-14
1	49	0.00401656
1	50	0.0038058
1	51	0.00382411
1	52	0.00697225
2	0	0.00318949
2	1	0.0032097
2	2	0.00321697
2	3	0.00327128
2	4	3.061e-13
2	5	0.0031489
2	6	0.00323156
2	7	0.00318418
2	8	0.00318157
2	9	0.00316823
2	10	0.00316655
2	11	0.00313769
2	12	0.00315335
2	13	0.00362286
2	14	0.00347357
2	15	0.00326628
2	16	0.183408
2	17	0.00939743
2	18	3.18041e-13
2	19	1.41044e-13
2	20	0.00532603
2	21	0.00897196
2	22	2.14507e-13
2	23	1.22653e-13
2	24	0.00659704
2	25	1.02216e-13
2	26	0.00341182
2	27	0.00396848
2	28	0.00322614
2	29	0.00337978
2	30	1.74082e-16
2	31	2.36934e-13
2	32	0.0033065
2	33	0.00664417
2	34	6.05723e-14
2	35	0.00314477
2	36	3.77423e-14
2	37	2.36518e-13
2	38	3.24885e-13
2	39	6.13283e-14
2	40	0.00344844
2	41	0.00320706
2	42	1.66624e-13
2	43	0.00313524
2	44	0.00523463
2	45	0.00317291
2	46	0.00314162
2	47	0.00334663
2	48	0.00339815
2	49	0.00335832
2	50	0.00314756
2	51	0.00316588
2	52	0.00631402
3	0	0.00357195
3	1	0.00359216
3	2	0.00359943
3	3	0.00365374
3	4	1.9948e-13
3	5	0.00353137
3	6	0.00361402
3	7	0.00356664
3	8	0.00356404
3	9	0.00355069
3	10	0.00354901
3	11	0.00352016
3	12	0.00353582
3	13	0.00400532
3	14	0.00385603
3	15	0.00364874
3	16	0.18379
3	17	0.0097799
3	18	0.00355998
3	19	1.9034e-13
3	20	0.00570849
3	21	0.00935443
3	22	0.00364722
3	23	2.07677e-13
3	24	0.0069795
3	25	0.00357054
3	26	0.00379428
3	27	0.00435094
3	28	0.00360861
3	29	0.00376225
3	30	0.00354719
3	31	1.93179e-14
3	32	0.00368897
3	33	0.00702664
3	34	2.13469e-13
3	35	0.00352723
3	36	2.53795e-14
3	37	0.00365028
3	38	8.92289e-14
3	39	4.07831e-14
3	40	0.0038309
3	41	0.00358953
3	42	1.35926e-13
3	43	3.27467e-13
3	44	0.00561709
3	45	0.00355537
3	46	1.41625e-13
3	47	0.00372909
3	48	0.00378061
3	49	0.00374078
3	50	0.00353002
3	51	0.00354834
3	52	0.00669648
4	0	0.000269594
4	1	1.5444e-13
4	2	2.48224e-13
4	3	1.44958e-13
4	4	2.02149e-13
4	5	1.38836e-13
4	6	1.62485e-13
4	7	3.23273e-13
4	8	2.59496e-13
4	9	0.000248333
4	10	2.4655e-14
4	11	2.92283e-13
4	12	1.43466e-13
4	13	7.43258e-15
4	14	1.12716e-13
4	15	1.22376e-13
4	16	2.01964e-13
4	17	2.80067e-13
4	18	2.45952e-13
4	19	2.62176e-13
4	20	2.95427e-14
4	21	0.00605207
4	22	3.33772e-14
4	23	3.28957e-13
4	24	1.91224e-13
4	25	3.62838e-14
4	26	0.000491923
4	27	9.8543e-15
4	28	2.56453e-13
4	29	4.05174e-14
4	30	2.18256e-14
4	31	2.06135e-13
4	32	9.06428e-14
4	33	1.93921e-13
4	34	3.35514e-13
4	35	2.32852e-13
4	36	8.77163e-14
4	37	7.82124e-14
4	38	3.35708e-13
4	39	3.35516e-13
4	40	1.83751e-13
4	41	1.52818e-13
4	42	1.21551e-13
4	43	5.53074e-14
4	44	1.22675e-13
4	45	1.21377e-13
4	46	1.98127e-13
4	47	2.26146e-13
4	48	1.40439e-13
4	49	2.20962e-13
4	50	2.7255e-13
4	51	2.81162e-13
4	52	1.77468e-13
5	0	0.00265578
5	1	0.00267599
5	2	0.00268326
5	3	0.00273757
5	4	0.00260024
5	5	0.00261519
5	6	0.00269785
5	7	0.00265047
5	8	0.00264786
5	9	0.00263452
5	10	0.00263284
5	11	0.00260398
5	12	0.00261964
5	13	0.00308915
5	14	0.00293986
5	15	0.00273257
5	16	0.182874
5	17	0.00886372
5	18	0.00264381
5	19	1.7205e-13
5	20	0.00479232
5	21	0.00843825
5	22	6.84693e-14
5	23	0.00275111
5	24	0.00606333
5	25	0.00265437
5	26	0.00287811
5	27	0.00343477
5	28	0.00269243
5	29	0.00284608
5	30	2.67785e-13
5	31	0.00268782
5	32	9.05591e-14
5	33	0.00611046
5	34	1.98149e-13
5	35	0.00261106
5	36	1.7003e-13
5	37	0.00273411
5	38	8.96935e-14
5	39	2.98167e-13
5	40	0.00291473
5	41	0.00267335
5	42	1.2182e-13
5	43	1.34332e-13
5	44	0.00470092
5	45	1.76504e-13
5	46	0.00260791
5	47	0.00281292
5	48	0.00286444
5	49	0.00282461
5	50	0.00261385
5	51	0.00263217
5	52	0.00578031
6	0	0.00323281
6	1	0.00325301
6	2	0.00326029
6	3	0.00331459
6	4	0.00317727
6	5	0.00319222
6	6	0.00327488
6	7	0.00322749
6	8	0.00322489
6	9	0.00321155
6	10	0.00320987
6	11	0.00318101
6	12	0.00319667
6	13	0.00366618
6	14	0.00351689
6	15	0.0033096
6	16	0.183451
6	17	0.00944075
6	18	0.00322083
6	19	2.83498e-13
6	20	0.00536935
6	21	0.00901528
6	22	0.00330808
6	23	0.00332814
6	24	0.00664036
6	25	0.0032314
6	26	0.00345514
6	27	0.0040118
6	28	0.00326946
6	29	0.0034231
6	30	0.00320804
6	31	0.00326485
6	32	0.00334982
6	33	0.00668749
6	34	6.59894e-14
6	35	0.00318809
6	36	0.00319158
6	37	0.00331114
6	38	0.00318141
6	39	0.00317632
6	40	0.00349175
6	41	0.00325038
6	42	0.00318688
6	43	3.26058e-13
6	44	0.00527795
6	45	0.00321623
6	46	0.00318494
6	47	0.00338995
6	48	0.00344147
6	49	0.00340164
6	50	0.00319088
6	51	0.0032092
6	52	0.00635734
7	0	0.00281299
7	1	0.00283319
7	2	0.00284047
7	3	0.00289477
7	4	1.39115e-13
7	5	0.0027724
7	6	0.00285506
7	7	0.00280767
7	8	0.00280507
7	9	0.00279173
7	10	0.00279005
7	11	0.00276119
7	12	0.00277685
7	13	0.00324636
7	14	0.00309707
7	15	0.00288978
7	16	0.183031
7	17	0.00902093
7	18	2.71105e-13
7	19	1.90231e-13
7	20	0.00494953
7	21	0.00859546
7	22	0.00288826
7	23	0.00290832
7	24	0.00622054
7	25	0.00281158
7	26	0.00303532
7	27	0.00359198
7	28	1.91026e-13
7	29	0.00300328
7	30	8.52781e-14
7	31	0.00284503
7	32	1.40708e-13
7	33	0.00626767
7	34	1.47693e-13
7	35	2.12374e-13
7	36	8.61042e-14
7	37	0.00289132
7	38	1.27607e-13
7	39	3.29824e-13
7	40	0.00307193
7	41	1.40897e-14
7	42	1.85451e-13
7	43	1.8776e-13
7	44	0.00485813
7	45	0.00279641
7	46	2.28369e-13
7	47	0.00297013
7	48	0.00302165
7	49	0.00298182
7	50	0.00277106
7	51	0.00278938
7	52	0.00593752
8	0	0.00286101
8	1	0.00288121
8	2	0.00288849
8	3	0.00294279
8	4	1.3151e-13
8	5	0.00282042
8	6	0.00290308
8	7	0.00285569
8	8	0.00285309
8	9	0.00283975
8	10	0.00283807
8	11	0.00280921
8	12	0.00282487
8	13	0.00329438
8	14	0.00314509
8	15	0.0029378
8	16	0.183079
8	17	0.00906895
8	18	0.00284903
8	19	2.4379e-14
8	20	0.00499755
8	21	0.00864348
8	22	0.00293628
8	23	0.00295634
8	24	0.00626856
8	25	7.67168e-14
8	26	0.00308334
8	27	0.00364
8	28	0.00289766
8	29	0.0030513
8	30	9.61771e-14
8	31	2.27277e-13
8	32	3.18799e-13
8	33	0.00631569
8	34	1.67027e-13
8	35	0.00281629
8	36	2.10436e-13
8	37	2.67484e-13
8	38	1.71693e-13
8	39	1.75191e-13
8	40	0.00311995
8	41	0.00287858
8	42	1.58898e-13
8	43	1.11254e-13
8	44	0.00490615
8	45	0.00284443
8	46	0.00281314
8	47	0.00301815
8	48	0.00306967
8	49	0.00302984
8	50	0.00281908
8	51	0.0028374
8	52	0.00598554
9	0	0.00285128
9	1	0.00287149
9	2	0.00287876
9	3	0.00293307
9	4	0.00279575
9	5	0.0028107
9	6	0.00289335
9	7	0.00284597
9	8	0.00284336
9	9	0.00283002
9	10	0.00282834
9	11	0.00279949
9	12	0.00281515
9	13	0.00328465
9	14	0.00313536
9	15	0.00292807
9	16	0.183069
9	17	0.00905923
9	18	0.00283931
9	19	0.00279737
9	20	0.00498782
9	21	0.00863376
9	22	0.00292655
9	23	0.00294661
9	24	0.00625883
9	25	0.00284987
9	26	0.00307361
9	27	0.00363027
9	28	0.00288794
9	29	0.00304158
9	30	0.00282652
9	31	0.00288332
9	32	0.0029683
9	33	0.00630597
9	34	3.0193e-13
9	35	0.00280656
9	36	8.13686e-14
9	37	0.00292961
9	38	0.00279988
9	39	6.28827e-14
9	40	0.00311023
9	41	0.00286885
9	42	3.00013e-13
9	43	0.00279703
9	44	0.00489642
9	45	0.0028347
9	46	0.00280342
9	47	0.00300842
9	48	0.00305994
9	49	0.00302011
9	50	0.00280935
9	51	0.00282767
9	52	0.00597581
10	0	0.00284416
10	1	0.00286437
10	2	0.00287164
10	3	0.00292595
10	4	3.1248e-13
10	5	0.00280357
10	6	0.00288623
10	7	0.00283885
10	8	0.00283624
10	9	0.0028229
10	10	0.00282122
10	11	2.65401e-13
10	12	0.00280802
10	13	0.00327753
10	14	0.00312824
10	15	0.00292095
10	16	0.183062
10	17	0.0090521
10	18	2.49986e-13
10	19	1.73597e-13
10	20	0.0049807
10	21	0.00862663
10	22	0.00291943
10	23	0.00293949
10	24	0.00625171
10	25	9.27094e-14
10	26	0.00306649
10	27	0.00362315
10	28	0.00288081
10	29	0.00303445
10	30	2.80256e-13
10	31	5.27159e-14
10	32	1.85666e-14
10	33	1.41322e-13
10	34	2.65545e-13
10	35	0.00279944
10	36	2.03022e-13
10	37	0.00292249
10	38	1.13483e-13
10	39	2.44446e-13
10	40	0.00310311
10	41	0.00286173
10	42	1.58869e-13
10	43	7.87691e-14
10	44	0.0048893
10	45	2.70481e-14
10	46	1.79571e-13
10	47	0.0030013
10	48	0.00305282
10	49	0.00301299
10	50	0.00280223
10	51	0.00282055
10	52	0.00596869
11	0	0.00324089
11	1	3.11555e-13
11	2	0.00326837
11	3	0.00332267
11	4	2.99838e-13
11	5	0.0032003
11	6	0.00328296
11	7	0.00323557
11	8	0.00323297
11	9	0.00321963
11	10	6.4924e-15
11	11	2.19032e-13
11	12	0.00320475
11	13	0.00367426
11	14	0.00352497
11	15	0.00331768
11	16	0.183459
11	17	0.00944883
11	18	3.08264e-13
11	19	2.33047e-13
11	20	0.00537743
11	21	0.00902336
11	22	1.29759e-14
11	23	2.88481e-13
11	24	1.87874e-13
11	25	1.98597e-13
11	26	0.00346322
11	27	0.00401988
11	28	0.00327754
11	29	0.00343118
11	30	1.60136e-13
11	31	1.42221e-13
11	32	8.1764e-14
11	33	2.01231e-13
11	34	1.79745e-13
11	35	4.29571e-14
11	36	2.05036e-14
11	37	2.42795e-13
11	38	3.20807e-13
11	39	3.7295e-14
11	40	3.13089e-13
11	41	1.59797e-14
11	42	3.14839e-13
11	43	1.70187e-13
11	44	6.1567e-14
11	45	2.17052e-13
11	46	1.1456e-13
11	47	1.80101e-13
11	48	2.45549e-14
11	49	0.00340972
11	50	0.00319896
11	51	3.27587e-13
11	52	0.00636542
12	0	0.00272708
12	1	0.00274728
12	2	0.00275456
12	3	0.00280886
12	4	3.34493e-13
12	5	0.00268649
12	6	0.00276915
12	7	0.00272176
12	8	0.00271916
12	9	0.00270582
12	10	0.00270414
12	11	0.00267528
12	12	0.00269094
12	13	0.00316045
12	14	0.00301116
12	15	0.00280387
12	16	0.182945
12	17	0.00893502
12	18	0.0027151
12	19	2.71213e-13
12	20	0.00486362
12	21	0.00850955
12	22	0.00280235
12	23	0.00282241
12	24	0.00613462
12	25	0.00272566
12	26	0.00294941
12	27	0.00350606
12	28	0.00276373
12	29	0.00291737
12	30	0.00270231
12	31	0.00275912
12	32	2.91546e-13
12	33	0.00618176
12	34	2.83081e-13
12	35	0.00268236
12	36	0.00268585
12	37	0.00280541
12	38	2.23637e-13
12	39	3.18401e-13
12	40	0.00298602
12	41	0.00274465
12	42	0.00268115
12	43	2.84129e-13
12	44	0.00477222
12	45	0.0027105
12	46	0.00267921
12	47	0.00288422
12	48	0.00293574
12	49	0.00289591
12	50	0.00268515
12	51	0.00270347
12	52	0.0058516
13	0	0.00369392
13	1	0.00371412
13	2	0.0037214
13	3	0.0037757
13	4	0.00363838
13	5	0.00365333
13	6	0.00373599
13	7	0.0036886
13	8	0.003686
13	9	0.00367266
13	10	0.00367098
13	11	0.00364212
13	12	0.00365778
13	13	0.00412729
13	14	0.003978
13	15	0.00377071
13	16	0.183912
13	17	0.00990186
13	18	1.52911e-15
13	19	1.55526e-13
13	20	0.00583046
13	21	0.00947639
13	22	0.00376919
13	23	0.00378925
13	24	0.00710146
13	25	0.0036925
13	26	0.00391625
13	27	0.0044729
13	28	0.00373057
13	29	0.00388421
13	30	7.46902e-14
13	31	2.92583e-13
13	32	0.00381093
13	33	0.0071486
13	34	8.95313e-15
13	35	0.0036492
13	36	0.00365269
13	37	6.21544e-14
13	38	8.83995e-15
13	39	1.35903e-14
13	40	0.00395286
13	41	0.00371149
13	42	1.50141e-13
13	43	7.09443e-14
13	44	0.00573905
13	45	1.36708e-13
13	46	2.04956e-14
13	47	0.00385106
13	48	0.00390257
13	49	0.00386275
13	50	0.00365199
13	51	0.00367031
13	52	0.00681844
14	0	0.00445855
14	1	0.00447875
14	2	0.00448603
14	3	0.00454034
14	4	2.39521e-13
14	5	0.00441796
14	6	0.00450062
14	7	0.00445324
14	8	0.00445063
14	9	0.00443729
14	10	0.00443561
14	11	0.00440675
14	12	0.00442241
14	13	0.00489192
14	14	0.00474263
14	15	0.00453534
14	16	0.184677
14	17	0.0106665
14	18	0.00444657
14	19	0.00440464
14	20	0.00659509
14	21	0.010241
14	22	0.00453382
14	23	0.00455388
14	24	0.0078661
14	25	0.00445714
14	26	0.00468088
14	27	0.00523754
14	28	0.0044952
14	29	0.00464884
14	30	0.00443378
14	31	0.00449059
14	32	0.00457556
14	33	0.00791323
14	34	2.45096e-13
14	35	5.48477e-15
14	36	0.00441733
14	37	0.00453688
14	38	2.27072e-13
14	39	2.28836e-13
14	40	0.00471749
14	41	0.00447612
14	42	2.14427e-14
14	43	8.02568e-14
14	44	0.00650369
14	45	0.00444197
14	46	5.89883e-14
14	47	0.00461569
14	48	0.00466721
14	49	0.00462738
14	50	0.00441662
14	51	0.00443494
14	52	0.00758308
15	0	0.0033095
15	1	0.0033297
15	2	0.00333698
15	3	0.00339128
15	4	0.00325396
15	5	0.00326891
15	6	0.00335157
15	7	0.00330418
15	8	0.00330158
15	9	0.00328824
15	10	0.00328656
15	11	0.0032577
15	12	0.00327336
15	13	0.00374287
15	14	0.00359358
15	15	0.00338629
15	16	0.183528
15	17	0.00951744
15	18	0.00329752
15	19	1.08842e-13
15	20	0.00544604
15	21	0.00909197
15	22	1.47161e-13
15	23	2.54878e-13
15	24	0.00671705
15	25	1.41241e-13
15	26	0.00353183
15	27	0.00408849
15	28	2.75707e-13
15	29	0.00349979
15	30	5.59307e-14
15	31	2.71286e-13
15	32	0.00342651
15	33	0.00676418
15	34	2.10435e-13
15	35	0.00326478
15	36	1.81068e-13
15	37	9.08871e-14
15	38	0.0032581
15	39	2.54375e-13
15	40	0.00356844
15	41	2.601e-13
15	42	8.23566e-14
15	43	0.00325525
15	44	0.00535464
15	45	0.00329292
15	46	2.84466e-13
15	47	0.00346664
15	48	0.00351816
15	49	0.00347833
15	50	0.00326757
15	51	0.00328589
15	52	0.00643403
16	0	0.00636448
16	1	0.00638468
16	2	0.00639196
16	3	0.00644626
16	4	2.41468e-13
16	5	0.00632389
16	6	0.00640655
16	7	0.00635916
16	8	0.00635656
16	9	0.00634322
16	10	0.00634154
16	11	2.30347e-16
16	12	0.00632834
16	13	0.00679785
16	14	0.00664856
16	15	0.00644127
16	16	0.186583
16	17	0.0125724
16	18	3.17605e-13
16	19	6.17244e-14
16	20	0.00850102
16	21	0.012147
16	22	0.00643975
16	23	0.00645981
16	24	0.00977203
16	25	2.04147e-13
16	26	0.00658681
16	27	0.00714347
16	28	0.00640113
16	29	5.75917e-14
16	30	4.51209e-14
16	31	8.8596e-14
16	32	7.91083e-14
16	33	6.73106e-14
16	34	4.74094e-14
16	35	2.3609e-13
16	36	1.14409e-13
16	37	3.33016e-13
16	38	1.33143e-13
16	39	6.53797e-14
16	40	2.3479e-13
16	41	0.00638205
16	42	1.97216e-13
16	43	8.45314e-14
16	44	3.29649e-13
16	45	1.35931e-14
16	46	9.34767e-14
16	47	0.00652162
16	48	0.00657314
16	49	0.00653331
16	50	0.00632255
16	51	0.00634087
16	52	0.00948901
17	0	0.00464048
17	1	0.00466068
17	2	0.00466796
17	3	0.00472226
17	4	1.12163e-13
17	5	0.00459989
17	6	0.00468255
17	7	0.00463516
17	8	0.00463256
17	9	0.00461922
17	10	0.00461754
17	11	0.00458868
17	12	0.00460434
17	13	0.00507385
17	14	0.00492456
17	15	0.00471727
17	16	0.184859
17	17	0.0108484
17	18	9.04931e-14
17	19	3.03372e-13
17	20	0.00677702
17	21	0.010423
17	22	2.31327e-13
17	23	0.00473581
17	24	0.00804803
17	25	0.00463906
17	26	0.00486281
17	27	0.00541947
17	28	1.4207e-13
17	29	0.00483077
17	30	1.20588e-13
17	31	9.80781e-15
17	32	0.00475749
17	33	0.00809516
17	34	1.80224e-13
17	35	2.35228e-14
17	36	8.51297e-14
17	37	0.00471881
17	38	2.86464e-13
17	39	2.00018e-13
17	40	0.00489942
17	41	0.00465805
17	42	5.20614e-14
17	43	2.2825e-13
17	44	0.00668562
17	45	2.14305e-13
17	46	0.00459261
17	47	0.00479762
17	48	0.00484914
17	49	0.00480931
17	50	0.00459855
17	51	0.00461687
17	52	0.007765
18	0	6.33318e-14
18	1	3.02173e-13
18	2	3.70726e-14
18	3	6.44837e-14
18	4	1.66918e-13
18	5	2.44801e-13
18	6	2.48032e-13
18	7	2.65807e-13
18	8	1.11123e-13
18	9	2.24101e-13
18	10	5.4641e-14
18	11	1.06609e-13
18	12	3.24029e-13
18	13	3.23392e-13
18	14	2.8332e-13
18	15	2.05241e-13
18	16	3.1441e-13
18	17	1.55097e-14
18	18	1.48697e-13
18	19	1.47749e-13
18	20	6.08076e-14
18	21	2.26591e-13
18	22	2.24984e-13
18	23	1.07479e-13
18	24	1.54911e-13
18	25	9.61446e-14
18	26	1.01149e-13
18	27	2.34443e-14
18	28	1.10342e-13
18	29	1.18694e-13
18	30	2.48174e-13
18	31	3.87395e-14
18	32	2.80964e-13
18	33	1.50127e-13
18	34	3.03675e-13
18	35	2.57298e-13
18	36	5.6461e-14
18	37	2.26116e-13
18	38	3.10923e-13
18	39	1.12308e-13
18	40	1.75997e-14
18	41	2.41704e-14
18	42	2.13836e-13
18	43	2.88978e-13
18	44	1.09499e-13
18	45	1.72606e-13
18	46	2.96735e-13
18	47	6.50186e-14
18	48	2.51386e-13
18	49	1.70088e-13
18	50	2.59963e-13
18	51	2.04234e-13
18	52	2.26565e-13
19	0	2.25862e-13
19	1	6.88383e-14
19	2	8.28454e-14
19	3	2.27665e-13
19	4	1.15384e-13
19	5	7.2898e-14
19	6	2.49583e-13
19	7	1.12494e-13
19	8	2.58395e-13
19	9	3.3608e-13
19	10	1.18354e-13
19	11	8.65498e-14
19	12	3.05541e-14
19	13	4.99765e-14
19	14	3.14415e-13
19	15	9.98962e-14
19	16	2.38691e-13
19	17	8.68251e-14
19	18	1.08512e-13
19	19	5.13774e-14
19	20	2.95802e-13
19	21	1.64335e-13
19	22	1.48228e-13
19	23	3.85692e-14
19	24	2.17515e-13
19	25	2.74397e-13
19	26	2.67034e-13
19	27	3.31012e-13
19	28	6.32952e-14
19	29	3.13922e-13
19	30	1.28347e-13
19	31	8.59638e-15
19	32	4.66113e-14
19	33	2.66012e-13
19	34	4.40282e-14
19	35	1.26776e-13
19	36	1.99542e-13
19	37	1.22879e-14
19	38	1.52967e-13
19	39	3.0056e-13
19	40	1.71885e-13
19	41	3.0469e-13
19	42	1.54934e-14
19	43	2.50677e-13
19	44	3.10184e-13
19	45	2.40085e-13
19	46	1.89961e-13
19	47	3.31397e-13
19	48	1.89883e-13
19	49	3.02232e-13
19	50	3.09256e-13
19	51	9.50337e-14
19	52	4.93407e-14
20	0	0.0032607
20	1	0.0032809
20	2	0.00328818
20	3	0.00334248
20	4	1.0479e-13
20	5	0.00322011
20	6	0.00330277
20	7	0.00325538
20	8	0.00325278
20	9	0.00323944
20	10	0.00323776
20	11	7.61569e-14
20	12	0.00322456
20	13	0.00369407
20	14	0.00354478
20	15	0.00333749
20	16	0.183479
20	17	0.00946864
20	18	2.00846e-13
20	19	2.34398e-13
20	20	0.00539724
20	21	0.00904317
20	22	2.09745e-13
20	23	9.34597e-14
20	24	0.00666825
20	25	1.47352e-13
20	26	0.00348303
20	27	0.00403969
20	28	1.00044e-13
20	29	2.30466e-13
20	30	1.3976e-13
20	31	2.2243e-13
20	32	1.85735e-13
20	33	1.15185e-13
20	34	6.40183e-14
20	35	0.00321598
20	36	5.33485e-14
20	37	1.06312e-13
20	38	4.21879e-14
20	39	1.342e-13
20	40	2.2471e-13
20	41	1.96275e-13
20	42	2.34648e-13
20	43	1.46395e-13
20	44	0.00530584
20	45	2.21857e-13
20	46	0.00321283
20	47	2.86912e-13
20	48	0.00346936
20	49	1.68168e-13
20	50	0.00321877
20	51	0.00323709
20	52	0.00638523
21	0	0.0056973
21	1	0.00571751
21	2	0.00572478
21	3	0.00577909
21	4	2.88596e-13
21	5	0.00565672
21	6	0.00573937
21	7	0.00569199
21	8	1.96811e-13
21	9	0.00567604
21	10	0.00567436
21	11	1.46231e-13
21	12	0.00566117
21	13	0.00613067
21	14	0.00598138
21	15	0.00577409
21	16	0.185915
21	17	0.0119052
21	18	9.65743e-14
21	19	2.74161e-13
21	20	0.00783384
21	21	0.0114798
21	22	1.95709e-13
21	23	1.33208e-13
21	24	3.23839e-13
21	25	1.66688e-13
21	26	0.00591963
21	27	0.00647629
21	28	1.03944e-13
21	29	1.03595e-13
21	30	7.90438e-14
21	31	1.91548e-13
21	32	1.13408e-13
21	33	0.00915198
21	34	2.78545e-13
21	35	1.91897e-13
21	36	7.16239e-14
21	37	0.00577563
21	38	2.22874e-13
21	39	2.53961e-13
21	40	2.48982e-13
21	41	1.05252e-13
21	42	2.97165e-13
21	43	9.26369e-14
21	44	0.00774244
21	45	2.8189e-13
21	46	4.83264e-14
21	47	1.85796e-13
21	48	2.31377e-13
21	49	4.50687e-15
21	50	2.13305e-13
21	51	0.00567369
21	52	0.00882183
22	0	9.92763e-14
22	1	1.01399e-13
22	2	1.46849e-13
22	3	2.81738e-13
22	4	8.48015e-14
22	5	1.6441e-13
22	6	2.30207e-13
22	7	1.85812e-13
22	8	1.66739e-13
22	9	7.53268e-14
22	10	2.3837e-13
22	11	1.24623e-13
22	12	7.2898e-14
22	13	2.51461e-13
22	14	8.49264e-14
22	15	2.46505e-13
22	16	1.60079e-13
22	17	2.51387e-13
22	18	1.99771e-13
22	19	1.68407e-13
22	20	2.88414e-13
22	21	2.76188e-14
22	22	3.11399e-13
22	23	1.78355e-13
22	24	2.03333e-13
22	25	1.23651e-13
22	26	2.81438e-13
22	27	2.38123e-13
22	28	2.33553e-13
22	29	2.55323e-13
22	30	2.07798e-13
22	31	2.98593e-13
22	32	3.05508e-13
22	33	2.95598e-13
22	34	2.21644e-13
22	35	2.41204e-13
22	36	2.02449e-13
22	37	1.83186e-13
22	38	6.77494e-14
22	39	6.66797e-14
22	40	1.04332e-13
22	41	2.99992e-13
22	42	3.26941e-13
22	43	2.09936e-13
22	44	5.80931e-14
22	45	3.14705e-13
22	46	2.63475e-13
22	47	3.18944e-13
22	48	2.46783e-13
22	49	1.15002e-13
22	50	2.24768e-13
22	51	1.75974e-13
22	52	1.45829e-13
23	0	6.0303e-14
23	1	1.86513e-13
23	2	1.83002e-13
23	3	3.35049e-13
23	4	3.50802e-14
23	5	6.06568e-14
23	6	2.91073e-13
23	7	3.21008e-13
23	8	9.07418e-15
23	9	8.30176e-14
23	10	2.41668e-13
23	11	1.97545e-13
23	12	7.35862e-14
23	13	1.13064e-13
23	14	8.33581e-14
23	15	1.03436e-13
23	16	9.70608e-14
23	17	1.61923e-13
23	18	3.1863e-13
23	19	3.27397e-13
23	20	1.96455e-13
23	21	9.56731e-14
23	22	4.05511e-14
23	23	8.27271e-14
23	24	2.54977e-13
23	25	3.42111e-14
23	26	2.43533e-13
23	27	5.7676e-14
23	28	2.86366e-14
23	29	1.10235e-14
23	30	2.59878e-13
23	31	2.81258e-13
23	32	9.2367e-14
23	33	2.68342e-13
23	34	1.34973e-13
23	35	2.29674e-13
23	36	2.77626e-13
23	37	2.20437e-13
23	38	3.16142e-13
23	39	2.10591e-13
23	40	2.00234e-13
23	41	2.28416e-13
23	42	3.4471e-14
23	43	9.55185e-14
23	44	1.3036e-13
23	45	2.12258e-13
23	46	2.13702e-14
23	47	2.05944e-13
23	48	6.61763e-14
23	49	2.8949e-13
23	50	2.20427e-14
23	51	8.17114e-14
23	52	1.1828e-14
24	0	1.83006e-13
24	1	2.68393e-13
24	2	3.26594e-13
24	3	2.44018e-13
24	4	2.79097e-14
24	5	1.27139e-13
24	6	1.48549e-13
24	7	6.09845e-14
24	8	1.61286e-13
24	9	3.15098e-13
24	10	1.318e-13
24	11	2.06607e-13
24	12	2.1053e-13
24	13	1.51337e-13
24	14	1.46382e-13
24	15	6.14227e-14
24	16	1.9163e-13
24	17	1.49429e-13
24	18	5.18003e-14
24	19	8.93633e-14
24	20	2.0072e-13
24	21	3.35922e-13
24	22	8.59055e-14
24	23	1.03231e-13
24	24	1.89185e-14
24	25	5.23831e-15
24	26	1.99108e-14
24	27	1.21974e-13
24	28	2.40602e-13
24	29	2.4334e-13
24	30	6.77979e-14
24	31	7.60187e-14
24	32	2.3288e-13
24	33	2.98373e-13
24	34	2.89865e-14
24	35	1.78494e-13
24	36	1.39488e-13
24	37	3.1051e-13
24	38	3.36108e-13
24	39	3.35497e-13
24	40	1.62418e-13
24	41	1.00978e-13
24	42	1.99369e-13
24	43	2.02336e-13
24	44	6.77152e-14
24	45	2.87873e-14
24	46	1.66916e-13
24	47	2.00577e-13
24	48	5.08356e-14
24	49	9.24901e-15
24	50	1.66508e-13
24	51	7.26125e-14
24	52	3.2914e-13
25	0	2.00623e-13
25	1	3.68223e-14
25	2	2.37513e-13
25	3	2.64173e-13
25	4	1.59883e-14
25	5	1.70541e-13
25	6	4.81487e-14
25	7	1.11342e-13
25	8	1.20131e-13
25	9	2.89478e-13
25	10	2.31672e-13
25	11	2.52929e-13
25	12	1.12883e-13
25	13	2.38367e-13
25	14	1.64071e-13
25	15	1.08826e-13
25	16	6.53502e-14
25	17	5.71566e-14
25	18	3.72762e-14
25	19	3.95504e-15
25	20	7.69695e-14
25	21	2.85577e-13
25	22	7.65828e-14
25	23	1.63762e-13
25	24	3.09445e-13
25	25	8.11459e-14
25	26	1.05209e-13
25	27	3.19862e-13
25	28	2.20894e-13
25	29	7.44297e-14
25	30	5.11923e-14
25	31	4.60047e-14
25	32	1.5486e-13
25	33	8.47171e-14
25	34	9.03162e-14
25	35	8.31685e-14
25	36	2.7789e-13
25	37	5.58713e-14
25	38	5.50103e-14
25	39	2.61621e-13
25	40	1.17461e-13
25	41	1.24471e-13
25	42	4.30107e-14
25	43	2.49977e-13
25	44	2.14169e-14
25	45	3.18991e-13
25	46	2.95612e-13
25	47	1.6574e-14
25	48	2.62075e-13
25	49	3.3085e-13
25	50	3.32847e-14
25	51	1.33572e-13
25	52	2.50577e-13
26	0	0.00364759
26	1	0.0036678
26	2	0.00367507
26	3	0.00372938
26	4	4.06617e-14
26	5	0.00360701
26	6	0.00368966
26	7	0.00364228
26	8	0.00363968
26	9	0.00362633
26	10	0.00362465
26	11	0.0035958
26	12	0.00361146
26	13	0.00408096
26	14	0.00393167
26	15	0.00372438
26	16	0.183866
26	17	0.00985554
26	18	0.00363562
26	19	6.58477e-14
26	20	0.00578413
26	21	0.00943007
26	22	0.00372286
26	23	0.00374292
26	24	0.00705514
26	25	0.00364618
26	26	0.00386992
26	27	0.00442658
26	28	0.00368425
26	29	0.00383789
26	30	7.74621e-14
26	31	0.00367963
26	32	0.00376461
26	33	0.00710228
26	34	1.48953e-13
26	35	0.00360287
26	36	1.25041e-13
26	37	0.00372592
26	38	0.0035962
26	39	2.82959e-13
26	40	0.00390654
26	41	0.00366517
26	42	2.17592e-13
26	43	2.16351e-13
26	44	0.00569273
26	45	1.13116e-13
26	46	1.17269e-13
26	47	0.00380473
26	48	0.00385625
26	49	0.00381642
26	50	0.00360566
26	51	0.00362398
26	52	0.00677212
27	0	0.00563022
27	1	0.00565043
27	2	0.0056577
27	3	0.00571201
27	4	2.57021e-13
27	5	0.00558964
27	6	0.00567229
27	7	0.00562491
27	8	0.0056223
27	9	0.00560896
27	10	0.00560728
27	11	9.33085e-14
27	12	0.00559409
27	13	0.00606359
27	14	0.0059143
27	15	0.00570701
27	16	0.185848
27	17	0.0118382
27	18	2.59711e-13
27	19	2.77775e-13
27	20	0.00776676
27	21	0.0114127
27	22	0.00570549
27	23	2.11357e-13
27	24	0.00903777
27	25	5.58365e-14
27	26	0.00585255
27	27	0.00640921
27	28	1.70297e-13
27	29	0.00582052
27	30	2.20178e-13
27	31	8.71438e-15
27	32	0.00574724
27	33	2.20597e-13
27	34	3.1395e-13
27	35	3.32896e-13
27	36	1.33509e-13
27	37	3.05414e-14
27	38	2.62468e-13
27	39	2.30928e-13
27	40	1.67814e-13
27	41	1.57238e-13
27	42	2.28255e-13
27	43	5.17867e-14
27	44	0.00767536
27	45	6.32728e-14
27	46	1.76793e-14
27	47	1.7182e-14
27	48	0.00583888
27	49	0.00579905
27	50	0.00558829
27	51	0.00560661
27	52	0.00875475
28	0	2.11769e-13
28	1	1.72508e-13
28	2	8.11179e-14
28	3	9.77036e-14
28	4	1.16083e-13
28	5	2.3243e-13
28	6	2.12181e-13
28	7	3.01157e-14
28	8	2.23043e-14
28	9	2.26921e-13
28	10	2.86208e-13
28	11	6.11329e-14
28	12	3.15143e-13
28	13	2.23656e-13
28	14	4.37351e-14
28	15	3.26314e-13
28	16	2.41823e-13
28	17	1.11877e-13
28	18	1.28313e-13
28	19	9.7924e-14
28	20	2.26625e-13
28	21	1.19553e-13
28	22	8.09465e-14
28	23	9.50348e-14
28	24	6.87748e-14
28	25	3.10777e-13
28	26	1.10846e-13
28	27	2.83531e-13
28	28	2.95968e-14
28	29	5.9679e-15
28	30	1.42596e-13
28	31	1.66226e-13
28	32	4.07897e-14
28	33	1.06623e-13
28	34	1.17249e-13
28	35	3.34989e-13
28	36	3.17753e-13
28	37	2.68301e-13
28	38	1.2209e-13
28	39	3.06204e-13
28	40	1.01324e-13
28	41	2.24919e-13
28	42	3.26353e-13
28	43	2.57833e-13
28	44	3.07952e-13
28	45	3.09861e-13
28	46	1.9177e-13
28	47	1.87958e-13
28	48	2.67904e-13
28	49	1.64987e-13
28	50	4.20062e-14
28	51	1.72752e-13
28	52	1.46144e-13
29	0	3.30921e-14
29	1	2.56989e-13
29	2	2.36384e-13
29	3	1.14591e-13
29	4	3.87265e-14
29	5	1.73319e-13
29	6	2.70228e-13
29	7	2.37547e-13
29	8	1.74572e-13
29	9	1.78843e-13
29	10	3.34958e-13
29	11	1.60469e-13
29	12	8.39999e-14
29	13	1.34777e-13
29	14	1.65044e-13
29	15	3.30619e-13
29	16	1.7902e-13
29	17	4.79897e-14
29	18	9.52292e-14
29	19	2.43335e-14
29	20	2.67227e-13
29	21	2.13845e-13
29	22	2.44256e-13
29	23	2.25702e-15
29	24	2.89708e-13
29	25	2.67566e-13
29	26	1.40381e-13
29	27	8.68106e-14
29	28	3.19571e-13
29	29	2.96103e-14
29	30	2.22281e-13
29	31	2.99263e-13
29	32	2.08641e-13
29	33	3.195e-13
29	34	1.78278e-13
29	35	2.48637e-13
29	36	3.14369e-13
29	37	1.23938e-14
29	38	8.37331e-14
29	39	3.15717e-13
29	40	2.06271e-13
29	41	1.82459e-13
29	42	6.51696e-14
29	43	2.66536e-13
29	44	3.32601e-14
29	45	2.79122e-13
29	46	1.86193e-13
29	47	1.82231e-13
29	48	1.40088e-13
29	49	3.01195e-13
29	50	2.57838e-13
29	51	2.87952e-13
29	52	3.32518e-13
30	0	1.54665e-13
30	1	1.52492e-16
30	2	1.25918e-13
30	3	1.67002e-13
30	4	2.98898e-13
30	5	1.27524e-13
30	6	2.768e-13
30	7	2.21006e-13
30	8	2.11971e-13
30	9	1.45987e-13
30	10	1.21824e-14
30	11	2.76181e-13
30	12	1.36583e-13
30	13	6.76867e-14
30	14	2.22882e-13
30	15	2.70562e-13
30	16	1.94899e-13
30	17	3.25118e-14
30	18	8.55212e-14
30	19	1.59212e-13
30	20	2.06169e-13
30	21	1.77576e-13
30	22	1.06823e-13
30	23	1.10508e-13
30	24	1.48767e-14
30	25	3.16726e-14
30	26	7.18397e-14
30	27	1.1233e-13
30	28	3.21476e-13
30	29	2.14574e-13
30	30	8.24703e-14
30	31	2.80961e-14
30	32	3.15739e-13
30	33	1.65556e-13
30	34	1.97151e-13
30	35	1.73901e-13
30	36	3.14407e-14
30	37	6.26841e-14
30	38	1.71935e-13
30	39	1.35975e-13
30	40	1.92375e-13
30	41	1.08346e-13
30	42	6.24829e-14
30	43	1.50312e-13
30	44	1.05438e-13
30	45	1.3346e-13
30	46	1.26646e-13
30	47	3.05381e-13
30	48	1.86998e-13
30	49	2.70435e-13
30	50	3.2155e-13
30	51	3.18791e-13
30	52	2.99974e-13
31	0	6.05276e-14
31	1	2.26166e-13
31	2	1.99001e-13
31	3	3.28324e-13
31	4	6.85702e-14
31	5	2.83317e-13
31	6	2.62213e-13
31	7	3.026e-14
31	8	2.8701e-13
31	9	3.79917e-14
31	10	7.83932e-14
31	11	1.24831e-14
31	12	7.33166e-14
31	13	6.13917e-14
31	14	3.97338e-14
31	15	2.96499e-13
31	16	1.33791e-13
31	17	6.02546e-14
31	18	3.28617e-13
31	19	1.4603e-13
31	20	7.57028e-14
31	21	1.65227e-13
31	22	4.41579e-14
31	23	3.65072e-14
31	24	1.5556e-13
31	25	2.57349e-13
31	26	2.27464e-13
31	27	9.79381e-14
31	28	2.07251e-13
31	29	1.57477e-13
31	30	2.07263e-13
31	31	5.75085e-14
31	32	9.95915e-14
31	33	1.9941e-14
31	34	2.87133e-13
31	35	2.02029e-14
31	36	8.13682e-14
31	37	2.69654e-13
31	38	4.53425e-15
31	39	2.46827e-13
31	40	1.90744e-13
31	41	4.14818e-14
31	42	9.87306e-14
31	43	3.31943e-13
31	44	2.63608e-13
31	45	1.00873e-13
31	46	4.0904e-14
31	47	2.02759e-13
31	48	3.24121e-13
31	49	1.33624e-13
31	50	5.15171e-14
31	51	3.49024e-14
31	52	2.39816e-13
32	0	4.39956e-15
32	1	1.10804e-16
32	2	1.54368e-13
32	3	2.80584e-13
32	4	1.90195e-13
32	5	2.19863e-13
32	6	7.71575e-14
32	7	8.42812e-14
32	8	1.58398e-13
32	9	2.25404e-13
32	10	2.39646e-13
32	11	1.71128e-13
32	12	2.64426e-13
32	13	1.9572e-13
32	14	3.1204e-13
32	15	1.67552e-13
32	16	1.45144e-13
32	17	3.34855e-14
32	18	1.47146e-13
32	19	1.02785e-14
32	20	9.08505e-15
32	21	9.9576e-14
32	22	2.40973e-13
32	23	5.90135e-14
32	24	3.22392e-13
32	25	2.79431e-13
32	26	3.08893e-13
32	27	4.61354e-14
32	28	3.34683e-13
32	29	6.687e-14
32	30	5.89265e-14
32	31	2.05936e-13
32	32	6.16923e-14
32	33	3.06928e-13
32	34	3.05422e-14
32	35	2.48653e-13
32	36	5.02139e-14
32	37	3.15417e-13
32	38	1.21896e-13
32	39	1.96818e-13
32	40	4.29291e-14
32	41	2.2229e-13
32	42	1.39234e-13
32	43	1.30368e-13
32	44	3.21308e-13
32	45	3.25972e-13
32	46	5.62679e-14
32	47	1.12348e-13
32	48	1.45019e-14
32	49	2.8072e-13
32	50	2.06867e-13
32	51	1.22112e-13
32	52	6.3702e-14
33	0	0.00495524
33	1	2.01394e-13
33	2	0.00498272
33	3	1.47358e-13
33	4	2.03369e-13
33	5	1.96996e-13
33	6	2.49947e-13
33	7	1.94405e-13
33	8	2.75107e-13
33	9	2.28548e-13
33	10	1.70053e-13
33	11	1.75744e-13
33	12	1.14746e-14
33	13	0.00538861
33	14	2.47369e-13
33	15	0.00503203
33	16	0.185173
33	17	0.0111632
33	18	3.27186e-13
33	19	3.05423e-13
33	20	0.00709178
33	21	0.0107377
33	22	1.25321e-13
33	23	2.29863e-13
33	24	8.60424e-14
33	25	1.80418e-13
33	26	6.94698e-14
33	27	0.00573422
33	28	5.37427e-14
33	29	2.02739e-13
33	30	1.49509e-14
33	31	1.2824e-13
33	32	2.10822e-13
33	33	3.42285e-14
33	34	1.37943e-13
33	35	5.84733e-14
33	36	1.72624e-14
33	37	2.67971e-13
33	38	4.7565e-14
33	39	1.61386e-13
33	40	2.41776e-14
33	41	3.36081e-13
33	42	1.06253e-13
33	43	2.74371e-13
33	44	4.18831e-14
33	45	1.20355e-13
33	46	1.12679e-13
33	47	1.6487e-13
33	48	1.02489e-13
33	49	3.24e-13
33	50	1.48094e-13
33	51	0.00493163
33	52	3.32624e-13
34	0	0.00348191
34	1	0.00350211
34	2	0.00350939
34	3	0.00356369
34	4	1.89132e-13
34	5	0.00344132
34	6	0.00352398
34	7	1.60096e-13
34	8	0.00347399
34	9	1.80219e-14
34	10	0.00345897
34	11	2.84388e-13
34	12	2.63364e-13
34	13	0.00391528
34	14	0.00376599
34	15	0.0035587
34	16	0.1837
34	17	0.00968985
34	18	1.95781e-13
34	19	4.2955e-15
34	20	0.00561845
34	21	0.00926438
34	22	3.08349e-13
34	23	3.18026e-13
34	24	2.81279e-13
34	25	2.36147e-13
34	26	0.00370424
34	27	0.0042609
34	28	1.82473e-13
34	29	1.81913e-13
34	30	1.8534e-13
34	31	3.06003e-14
34	32	5.46692e-14
34	33	9.1637e-14
34	34	9.888e-14
34	35	1.62677e-13
34	36	2.21489e-13
34	37	1.53174e-13
34	38	1.88369e-13
34	39	2.14834e-13
34	40	2.55444e-13
34	41	1.93401e-13
34	42	3.30631e-13
34	43	2.84175e-13
34	44	0.00552705
34	45	2.29303e-13
34	46	8.97691e-14
34	47	2.99008e-13
34	48	4.68177e-14
34	49	2.99783e-13
34	50	0.00343998
34	51	8.25621e-14
34	52	1.7021e-13
35	0	0.0014481
35	1	0.00146831
35	2	0.00147558
35	3	0.00152989
35	4	2.42958e-13
35	5	0.00140752
35	6	0.00149017
35	7	0.00144279
35	8	0.00144019
35	9	0.00142684
35	10	0.00142516
35	11	0.00139631
35	12	0.00141197
35	13	0.00188147
35	14	0.00173219
35	15	0.0015249
35	16	0.181666
35	17	0.00765605
35	18	1.99025e-13
35	19	7.58997e-14
35	20	0.00358464
35	21	0.00723058
35	22	3.13142e-13
35	23	2.13136e-13
35	24	5.59019e-14
35	25	2.13388e-13
35	26	0.00167043
35	27	0.00222709
35	28	0.00148476
35	29	6.23181e-14
35	30	6.948e-14
35	31	1.12609e-13
35	32	3.27658e-13
35	33	1.60725e-13
35	34	3.33283e-13
35	35	8.4337e-14
35	36	2.486e-13
35	37	2.66261e-13
35	38	1.19541e-13
35	39	1.15399e-13
35	40	1.76905e-13
35	41	3.26296e-14
35	42	1.21499e-13
35	43	1.62118e-13
35	44	2.37969e-13
35	45	1.37031e-13
35	46	6.64012e-14
35	47	1.28371e-13
35	48	2.86557e-13
35	49	2.55203e-13
35	50	0.00140617
35	51	0.00142449
35	52	0.00457263
36	0	1.92e-13
36	1	3.08019e-13
36	2	1.44836e-13
36	3	1.61652e-13
36	4	2.04872e-13
36	5	1.9128e-13
36	6	3.22355e-13
36	7	2.27988e-13
36	8	1.75332e-13
36	9	1.89145e-13
36	10	5.3644e-14
36	11	1.54138e-13
36	12	1.18882e-13
36	13	2.2576e-13
36	14	3.02166e-13
36	15	8.25573e-14
36	16	8.98696e-14
36	17	2.84129e-14
36	18	2.62486e-13
36	19	1.51406e-13
36	20	3.24332e-13
36	21	5.85928e-14
36	22	2.56616e-14
36	23	2.67368e-13
36	24	9.43483e-14
36	25	4.31747e-14
36	26	3.1742e-13
36	27	1.7311e-13
36	28	1.14344e-13
36	29	8.86265e-14
36	30	8.35101e-14
36	31	3.00078e-14
36	32	1.80726e-13
36	33	2.83042e-13
36	34	1.76605e-13
36	35	3.03663e-13
36	36	2.12021e-13
36	37	1.99445e-14
36	38	2.27531e-13
36	39	1.08595e-13
36	40	8.84973e-14
36	41	2.37828e-13
36	42	1.92733e-13
36	43	1.48853e-13
36	44	2.11948e-13
36	45	1.36683e-13
36	46	2.67469e-13
36	47	2.48972e-13
36	48	5.8607e-14
36	49	2.13777e-13
36	50	3.65977e-14
36	51	2.0792e-14
36	52	1.00181e-13
37	0	1.51444e-13
37	1	3.17279e-13
37	2	1.77917e-13
37	3	2.41427e-13
37	4	1.76291e-13
37	5	2.02713e-13
37	6	2.16655e-13
37	7	6.65388e-14
37	8	2.473e-13
37	9	6.88149e-14
37	10	3.1012e-13
37	11	1.71503e-13
37	12	8.26005e-15
37	13	3.21723e-13
37	14	9.73013e-14
37	15	1.54532e-13
37	16	2.25163e-13
37	17	2.54688e-13
37	18	1.27501e-13
37	19	1.19374e-13
37	20	2.35026e-13
37	21	1.4261e-13
37	22	2.73394e-13
37	23	3.21205e-13
37	24	6.16518e-14
37	25	2.98864e-13
37	26	2.21381e-13
37	27	4.5784e-14
37	28	1.9404e-13
37	29	3.15686e-13
37	30	5.52003e-14
37	31	9.52169e-14
37	32	2.31875e-13
37	33	2.90219e-13
37	34	1.29384e-13
37	35	4.99499e-14
37	36	8.8323e-14
37	37	1.9492e-13
37	38	3.12599e-13
37	39	1.72726e-13
37	40	2.92261e-13
37	41	1.51015e-13
37	42	1.81897e-13
37	43	8.45597e-14
37	44	1.32513e-13
37	45	9.78518e-14
37	46	3.14094e-13
37	47	8.21999e-14
37	48	1.32981e-13
37	49	1.03124e-13
37	50	2.32297e-13
37	51	1.07616e-14
37	52	4.40036e-14
38	0	1.32035e-13
38	1	1.2704e-13
38	2	2.06818e-13
38	3	2.76679e-14
38	4	1.58731e-13
38	5	2.27345e-13
38	6	1.15728e-13
38	7	3.2773e-13
38	8	3.99039e-14
38	9	2.05357e-13
38	10	2.91134e-13
38	11	4.26786e-14
38	12	4.50786e-14
38	13	5.08546e-14
38	14	3.27897e-13
38	15	1.5357e-13
38	16	2.61374e-13
38	17	7.27707e-15
38	18	3.73174e-14
38	19	1.69565e-14
38	20	3.02405e-14
38	21	5.72604e-14
38	22	2.36288e-13
38	23	1.51666e-13
38	24	1.71121e-14
38	25	1.04066e-13
38	26	5.90156e-14
38	27	3.13953e-13
38	28	2.74904e-13
38	29	1.73144e-13
38	30	5.35585e-15
38	31	6.10755e-14
38	32	2.47311e-14
38	33	2.2685e-13
38	34	1.29929e-13
38	35	3.12802e-13
38	36	1.29574e-13
38	37	2.20669e-13
38	38	1.67566e-13
38	39	3.00501e-13
38	40	1.63637e-13
38	41	2.15171e-13
38	42	1.42033e-13
38	43	1.12503e-13
38	44	1.04563e-13
38	45	2.25215e-13
38	46	5.08774e-14
38	47	3.93989e-14
38	48	4.60931e-14
38	49	2.96416e-13
38	50	7.85466e-14
38	51	9.69914e-14
38	52	1.21072e-14
39	0	1.95691e-13
39	1	1.59872e-13
39	2	1.26948e-13
39	3	8.95381e-15
39	4	8.93912e-14
39	5	1.5448e-15
39	6	2.52939e-13
39	7	5.6742e-14
39	8	2.10561e-13
39	9	3.16528e-13
39	10	2.7262e-14
39	11	2.58166e-13
39	12	1.5655e-13
39	13	8.87534e-14
39	14	3.33972e-14
39	15	7.24757e-15
39	16	1.39027e-13
39	17	8.12805e-15
39	18	1.48525e-13
39	19	3.19737e-13
39	20	1.38005e-13
39	21	3.00126e-13
39	22	7.91871e-14
39	23	8.74989e-14
39	24	2.1218e-13
39	25	7.5671e-15
39	26	1.3166e-13
39	27	1.25596e-13
39	28	1.34601e-13
39	29	2.34897e-13
39	30	6.54734e-15
39	31	2.02007e-13
39	32	2.15621e-13
39	33	3.37274e-14
39	34	1.78802e-13
39	35	3.20328e-13
39	36	1.86131e-14
39	37	2.49929e-13
39	38	1.08271e-13
39	39	2.77503e-14
39	40	1.17376e-13
39	41	2.09976e-13
39	42	6.50279e-14
39	43	9.60179e-14
39	44	2.15736e-13
39	45	5.16929e-14
39	46	3.01237e-13
39	47	2.31923e-13
39	48	2.42879e-13
39	49	2.85026e-13
39	50	2.3935e-13
39	51	2.152e-13
39	52	3.2115e-13
40	0	3.1924e-13
40	1	1.50856e-13
40	2	1.58608e-13
40	3	2.69441e-13
40	4	2.2119e-13
40	5	1.89682e-13
40	6	3.27796e-13
40	7	1.99905e-13
40	8	7.08138e-14
40	9	3.24526e-13
40	10	3.1722e-14
40	11	8.52529e-14
40	12	3.16577e-13
40	13	1.26385e-13
40	14	5.17878e-14
40	15	1.20582e-13
40	16	1.01923e-13
40	17	2.11269e-13
40	18	1.58394e-13
40	19	1.59352e-13
40	20	1.25413e-13
40	21	2.48886e-13
40	22	1.70896e-13
40	23	1.23568e-13
40	24	3.33943e-13
40	25	2.66132e-13
40	26	4.66508e-14
40	27	2.58003e-13
40	28	1.93737e-13
40	29	7.80621e-14
40	30	1.74128e-13
40	31	2.54239e-13
40	32	2.76498e-13
40	33	8.27082e-14
40	34	6.29661e-14
40	35	2.04216e-13
40	36	7.41069e-14
40	37	9.94023e-14
40	38	2.00203e-13
40	39	2.93712e-13
40	40	3.23292e-13
40	41	6.17725e-14
40	42	3.10283e-13
40	43	1.13414e-13
40	44	2.44526e-13
40	45	1.67585e-13
40	46	1.83319e-14
40	47	2.29323e-13
40	48	2.49224e-13
40	49	1.44368e-13
40	50	3.09387e-13
40	51	2.87721e-13
40	52	1.95048e-13
41	0	2.11158e-13
41	1	3.08341e-13
41	2	1.76216e-13
41	3	1.22776e-13
41	4	2.06534e-13
41	5	1.01784e-13
41	6	1.04599e-13
41	7	1.52312e-13
41	8	1.23007e-13
41	9	3.2083e-13
41	10	3.22758e-13
41	11	1.82616e-13
41	12	1.09018e-13
41	13	1.87405e-13
41	14	2.88315e-13
41	15	2.946e-13
41	16	1.92413e-13
41	17	1.4218e-13
41	18	1.01666e-13
41	19	7.75652e-14
41	20	2.1433e-13
41	21	1.61775e-13
41	22	1.63223e-13
41	23	2.25388e-14
41	24	3.19778e-13
41	25	1.46426e-13
41	26	1.09415e-14
41	27	2.9231e-13
41	28	3.14373e-13
41	29	5.85297e-14
41	30	2.59129e-13
41	31	1.03735e-13
41	32	2.48236e-13
41	33	3.317e-13
41	34	2.07147e-13
41	35	1.26399e-13
41	36	1.84342e-13
41	37	6.77206e-15
41	38	2.13728e-13
41	39	1.8794e-13
41	40	2.93848e-14
41	41	2.07112e-13
41	42	2.13054e-13
41	43	9.72463e-14
41	44	2.64614e-13
41	45	3.40849e-15
41	46	1.4824e-13
41	47	2.42622e-13
41	48	9.9643e-14
41	49	2.12572e-13
41	50	1.29891e-13
41	51	2.80751e-13
41	52	3.07096e-13
42	0	9.37612e-14
42	1	1.72071e-13
42	2	1.36584e-13
42	3	4.75107e-14
42	4	7.78784e-14
42	5	1.00096e-13
42	6	2.46488e-13
42	7	1.4165e-13
42	8	2.81486e-13
42	9	1.20498e-13
42	10	1.6611e-13
42	11	1.09201e-13
42	12	1.97518e-13
42	13	2.91692e-13
42	14	1.08107e-14
42	15	1.98313e-13
42	16	2.07772e-13
42	17	1.29384e-13
42	18	5.24278e-14
42	19	1.19044e-13
42	20	2.68792e-13
42	21	2.96324e-13
42	22	1.27935e-13
42	23	2.05023e-13
42	24	4.4795e-14
42	25	1.06719e-14
42	26	1.19107e-13
42	27	2.90565e-14
42	28	3.25293e-13
42	29	7.5533e-14
42	30	3.31429e-13
42	31	3.2353e-13
42	32	1.8164e-14
42	33	9.62758e-14
42	34	8.56194e-14
42	35	2.07509e-13
42	36	1.44399e-13
42	37	2.20701e-13
42	38	3.79392e-14
42	39	2.88238e-13
42	40	2.39221e-13
42	41	6.89784e-14
42	42	2.50364e-13
42	43	2.0441e-13
42	44	1.72155e-13
42	45	2.02555e-13
42	46	2.47909e-13
42	47	2.17972e-13
42	48	1.15506e-13
42	49	4.76795e-14
42	50	6.93366e-14
42	51	2.79481e-13
42	52	2.05524e-13
43	0	0.00331433
43	1	5.56248e-14
43	2	0.00334181
43	3	0.00339611
43	4	1.0735e-13
43	5	2.56003e-15
43	6	0.0033564
43	7	2.67881e-13
43	8	2.17941e-13
43	9	3.15662e-14
43	10	1.55949e-13
43	11	6.12359e-14
43	12	3.04989e-14
43	13	0.0037477
43	14	0.00359841
43	15	0.00339112
43	16	0.183532
43	17	0.00952227
43	18	1.06152e-14
43	19	2.73297e-13
43	20	0.00545087
43	21	0.0090968
43	22	1.63443e-13
43	23	3.22963e-13
43	24	1.03595e-13
43	25	8.04537e-14
43	26	0.00353666
43	27	0.00409332
43	28	2.69188e-13
43	29	2.46872e-13
43	30	2.65923e-13
43	31	1.91913e-13
43	32	1.97792e-13
43	33	1.88297e-13
43	34	8.05981e-14
43	35	1.00125e-13
43	36	2.42107e-13
43	37	1.72519e-13
43	38	2.70993e-13
43	39	3.19744e-13
43	40	2.54767e-13
43	41	1.37035e-13
43	42	1.43369e-13
43	43	2.7641e-13
43	44	5.34921e-14
43	45	2.89775e-13
43	46	5.89179e-14
43	47	6.0254e-14
43	48	3.32971e-13
43	49	5.13776e-14
43	50	2.92661e-13
43	51	1.5291e-13
43	52	0.00643885
44	0	1.63515e-13
44	1	1.75811e-13
44	2	2.08679e-13
44	3	3.246e-13
44	4	1.5148e-13
44	5	2.45954e-13
44	6	3.06085e-13
44	7	9.52338e-14
44	8	5.2961e-14
44	9	1.04631e-13
44	10	2.37117e-14
44	11	1.00094e-13
44	12	2.82068e-13
44	13	2.54998e-13
44	14	2.83986e-13
44	15	2.20765e-13
44	16	2.36576e-13
44	17	0.00712265
44	18	3.06914e-13
44	19	2.7157e-13
44	20	6.56585e-14
44	21	2.53378e-13
44	22	4.46108e-14
44	23	2.55139e-13
44	24	6.94879e-14
44	25	2.4597e-13
44	26	1.08346e-13
44	27	5.27079e-14
44	28	1.16699e-13
44	29	1.62785e-13
44	30	1.78755e-14
44	31	4.70067e-14
44	32	1.88529e-13
44	33	2.1035e-13
44	34	1.79516e-13
44	35	2.32332e-13
44	36	8.98353e-14
44	37	6.76329e-14
44	38	9.69517e-15
44	39	2.70792e-13
44	40	3.15256e-13
44	41	1.05338e-13
44	42	1.91558e-13
44	43	2.80329e-13
44	44	5.83771e-14
44	45	2.89923e-13
44	46	1.57355e-13
44	47	1.71107e-13
44	48	6.24619e-14
44	49	2.01686e-13
44	50	2.40693e-13
44	51	5.8318e-14
44	52	6.23664e-14
45	0	2.09627e-13
45	1	1.21309e-13
45	2	1.10518e-14
45	3	2.17305e-13
45	4	1.06792e-13
45	5	3.4512e-14
45	6	7.83422e-14
45	7	1.71251e-13
45	8	2.05395e-13
45	9	2.50213e-13
45	10	4.0079e-14
45	11	4.86033e-14
45	12	1.35631e-13
45	13	7.23035e-14
45	14	1.58654e-13
45	15	1.81567e-13
45	16	2.5714e-13
45	17	7.84502e-14
45	18	3.01706e-13
45	19	2.53274e-13
45	20	3.04344e-13
45	21	2.25326e-13
45	22	1.97615e-13
45	23	1.03759e-13
45	24	1.47812e-13
45	25	2.29807e-13
45	26	1.86077e-13
45	27	2.48695e-13
45	28	5.46997e-15
45	29	1.59632e-13
45	30	1.34955e-13
45	31	1.44841e-13
45	32	2.61974e-13
45	33	7.18516e-15
45	34	2.37518e-13
45	35	3.22782e-13
45	36	2.16715e-13
45	37	2.73221e-13
45	38	1.261e-13
45	39	1.28718e-13
45	40	1.84096e-13
45	41	1.10456e-13
45	42	2.2651e-13
45	43	2.02532e-13
45	44	1.33771e-13
45	45	2.61671e-13
45	46	2.80751e-13
45	47	3.10905e-13
45	48	2.50628e-13
45	49	2.1123e-13
45	50	1.78729e-13
45	51	2.33392e-13
45	52	2.40448e-13
46	0	1.40632e-13
46	1	8.83124e-14
46	2	1.43306e-14
46	3	2.00934e-13
46	4	1.11077e-13
46	5	1.27489e-13
46	6	3.0684e-13
46	7	1.77212e-13
46	8	1.83042e-13
46	9	3.27273e-13
46	10	2.57365e-13
46	11	1.77734e-13
46	12	1.44253e-13
46	13	2.12277e-13
46	14	2.93716e-13
46	15	2.53221e-13
46	16	9.4173e-14
46	17	2.99608e-13
46	18	4.71729e-14
46	19	2.93709e-13
46	20	2.91267e-13
46	21	2.59129e-13
46	22	9.4318e-14
46	23	1.19707e-13
46	24	2.69444e-14
46	25	2.1808e-13
46	26	3.12796e-13
46	27	2.26729e-13
46	28	1.47845e-13
46	29	3.26555e-13
46	30	2.27892e-13
46	31	9.6797e-14
46	32	1.07967e-13
46	33	2.94674e-13
46	34	2.87281e-13
46	35	1.86689e-13
46	36	2.07542e-13
46	37	3.84364e-14
46	38	2.37451e-15
46	39	2.47696e-13
46	40	1.48622e-15
46	41	1.06994e-13
46	42	7.91577e-14
46	43	8.98661e-14
46	44	8.65206e-14
46	45	1.51483e-13
46	46	2.92782e-13
46	47	1.83642e-13
46	48	3.35233e-13
46	49	2.46056e-13
46	50	3.71646e-15
46	51	5.34791e-14
46	52	7.19068e-14
47	0	1.04351e-13
47	1	2.55225e-14
47	2	8.33071e-14
47	3	8.03933e-14
47	4	1.80207e-14
47	5	2.95182e-13
47	6	1.81353e-13
47	7	1.78813e-13
47	8	1.58813e-13
47	9	1.86605e-13
47	10	2.77007e-13
47	11	1.09072e-13
47	12	4.4452e-14
47	13	2.74645e-13
47	14	1.32605e-13
47	15	2.96105e-13
47	16	2.40898e-13
47	17	1.77095e-14
47	18	1.47646e-13
47	19	3.29678e-13
47	20	1.69548e-13
47	21	8.28146e-14
47	22	2.92727e-13
47	23	7.48403e-14
47	24	1.28467e-13
47	25	4.37973e-15
47	26	3.33458e-13
47	27	1.79946e-13
47	28	5.50056e-14
47	29	1.83243e-13
47	30	3.19457e-13
47	31	1.29909e-13
47	32	2.26193e-14
47	33	3.10446e-13
47	34	5.76882e-14
47	35	2.32069e-13
47	36	1.92787e-13
47	37	8.95379e-14
47	38	2.25262e-13
47	39	6.31013e-14
47	40	2.11496e-13
47	41	5.34875e-14
47	42	2.13401e-13
47	43	3.00092e-13
47	44	2.2067e-14
47	45	1.82418e-13
47	46	7.09558e-14
47	47	4.42826e-14
47	48	1.17077e-13
47	49	1.3661e-13
47	50	2.76165e-13
47	51	1.33307e-13
47	52	7.24392e-15
48	0	7.75785e-14
48	1	2.34787e-13
48	2	1.67526e-13
48	3	2.9719e-13
48	4	3.25329e-13
48	5	2.13584e-15
48	6	2.69614e-13
48	7	6.53926e-15
48	8	3.34537e-13
48	9	1.50765e-13
48	10	3.36024e-13
48	11	2.71315e-13
48	12	3.19307e-13
48	13	3.04388e-13
48	14	2.96875e-13
48	15	2.704e-13
48	16	2.32296e-13
48	17	2.35353e-14
48	18	2.95244e-13
48	19	1.30316e-13
48	20	1.40152e-13
48	21	8.97277e-14
48	22	2.74435e-13
48	23	3.09528e-13
48	24	3.67501e-14
48	25	1.07227e-13
48	26	3.57532e-14
48	27	5.62524e-14
48	28	3.01451e-13
48	29	1.13991e-14
48	30	3.07458e-15
48	31	8.61041e-14
48	32	1.26189e-13
48	33	2.58743e-14
48	34	5.4013e-14
48	35	3.06278e-13
48	36	2.04204e-13
48	37	2.68596e-13
48	38	3.08493e-13
48	39	5.39621e-14
48	40	1.24354e-13
48	41	9.52551e-14
48	42	2.63042e-13
48	43	2.12562e-13
48	44	2.95486e-13
48	45	9.02322e-14
48	46	1.59452e-14
48	47	2.23224e-13
48	48	8.44221e-14
48	49	1.6391e-13
48	50	1.02837e-13
48	51	1.14293e-13
48	52	2.58645e-13
49	0	0.00162975
49	1	0.00164995
49	2	0.00165723
49	3	0.00171153
49	4	2.95008e-13
49	5	0.00158916
49	6	0.00167182
49	7	0.00162443
49	8	0.00162183
49	9	0.00160849
49	10	0.00160681
49	11	2.71536e-13
49	12	0.00159361
49	13	0.00206312
49	14	0.00191383
49	15	0.00170654
49	16	0.181848
49	17	0.00783769
49	18	2.10659e-13
49	19	7.81916e-15
49	20	0.00376629
49	21	0.00741222
49	22	2.88655e-13
49	23	0.00172508
49	24	0.00503729
49	25	2.65315e-13
49	26	0.00185208
49	27	0.00240873
49	28	6.46503e-14
49	29	0.00182004
49	30	1.24487e-13
49	31	3.14357e-13
49	32	2.04105e-13
49	33	0.00508443
49	34	1.83106e-13
49	35	6.45631e-14
49	36	1.56826e-13
49	37	2.03699e-14
49	38	2.00105e-13
49	39	8.08263e-14
49	40	9.80099e-14
49	41	3.26772e-13
49	42	5.8344e-14
49	43	1.74106e-13
49	44	4.76277e-14
49	45	1.28576e-13
49	46	1.9251e-13
49	47	0.00178689
49	48	3.04831e-13
49	49	0.00179858
49	50	0.00158782
49	51	0.00160614
49	52	0.00475427
50	0	0.00252616
50	1	0.00254636
50	2	0.00255364
50	3	0.00260794
50	4	4.53629e-14
50	5	0.00248557
50	6	0.00256823
50	7	0.00252084
50	8	0.00251824
50	9	0.0025049
50	10	0.00250322
50	11	0.00247436
50	12	0.00249002
50	13	0.00295953
50	14	0.00281024
50	15	0.00260295
50	16	0.182744
50	17	0.0087341
50	18	0.00251418
50	19	8.00756e-14
50	20	0.0046627
50	21	0.00830863
50	22	0.00260143
50	23	0.00262149
50	24	0.00593371
50	25	0.00252475
50	26	0.00274849
50	27	0.00330515
50	28	0.00256281
50	29	0.00271645
50	30	0.00250139
50	31	0.0025582
50	32	0.00264317
50	33	0.00598084
50	34	1.85086e-13
50	35	0.00248144
50	36	1.63846e-13
50	37	0.00260449
50	38	1.74447e-13
50	39	2.70118e-13
50	40	0.0027851
50	41	0.00254373
50	42	9.85972e-15
50	43	0.00247191
50	44	0.0045713
50	45	0.00250958
50	46	1.47262e-13
50	47	0.0026833
50	48	0.00273482
50	49	0.00269499
50	50	0.00248423
50	51	0.00250255
50	52	0.00565069
51	0	0.00395635
51	1	0.00397656
51	2	0.00398383
51	3	0.00403814
51	4	2.44531e-13
51	5	0.00391576
51	6	0.00399842
51	7	0.00395104
51	8	0.00394843
51	9	0.00393509
51	10	0.00393341
51	11	0.00390455
51	12	0.00392021
51	13	0.00438972
51	14	0.00424043
51	15	0.00403314
51	16	0.184174
51	17	0.0101643
51	18	3.35752e-14
51	19	3.10762e-13
51	20	0.00609289
51	21	0.00973882
51	22	5.21532e-14
51	23	2.95696e-14
51	24	0.0073639
51	25	2.20848e-13
51	26	0.00417868
51	27	0.00473534
51	28	3.25902e-14
51	29	0.00414664
51	30	3.1869e-13
51	31	1.32682e-14
51	32	0.00407336
51	33	3.17329e-13
51	34	1.00657e-14
51	35	0.00391163
51	36	1.91167e-13
51	37	0.00403468
51	38	3.16455e-13
51	39	9.00968e-14
51	40	2.40731e-13
51	41	9.23418e-14
51	42	1.54711e-13
51	43	9.90636e-14
51	44	1.12635e-13
51	45	1.0348e-13
51	46	1.74917e-13
51	47	0.00411349
51	48	2.09733e-13
51	49	0.00412518
51	50	0.00391442
51	51	0.00393274
51	52	0.00708088
52	0	0.00158132
52	1	1.80062e-13
52	2	1.03072e-14
52	3	0.0016631
52	4	2.12957e-13
52	5	2.91692e-13
52	6	0.00162339
52	7	0.001576
52	8	1.64094e-15
52	9	1.84323e-14
52	10	9.85558e-14
52	11	9.09982e-14
52	12	1.16398e-13
52	13	0.00201469
52	14	0.0018654
52	15	0.00165811
52	16	0.181799
52	17	0.00778926
52	18	2.49073e-13
52	19	2.90985e-13
52	20	2.17537e-13
52	21	3.64549e-14
52	22	3.10019e-13
52	23	1.54377e-13
52	24	1.39453e-13
52	25	2.35119e-13
52	26	0.00180365
52	27	0.00236031
52	28	7.49302e-14
52	29	2.93424e-13
52	30	2.12716e-13
52	31	2.81391e-13
52	32	3.01952e-13
52	33	3.12575e-13
52	34	7.92454e-14
52	35	2.20348e-13
52	36	1.52674e-13
52	37	1.44874e-13
52	38	1.42264e-13
52	39	2.93864e-14
52	40	1.80602e-13
52	41	3.34782e-13
52	42	2.42075e-13
52	43	3.14825e-13
52	44	2.6281e-13
52	45	7.71803e-14
52	46	2.03754e-13
52	47	2.34551e-13
52	48	2.29653e-13
52	49	0.00175015
52	50	0.00153939
52	51	7.91485e-14
52	52	0.00470585
