0 17081 186.6303121867746
1 7683 145.52133060075954
2 7092 109.92803673221653
3 934 91.54221757012002
4 2739 35.6412118511746
5 9067 187.19499433974212
6 21659 186.65542543054252
7 25160 193.6246739367132
8 1599 67.01224098335591
9 24614 8.663457127986693
10 19690 5.574218876689776
11 14385 2.398446247627402
12 7194 1.6715513739832
13 31340 2.1956294778199745
14 5901 1.5133371274307061
15 21334 4.997910801131125
16 21310 4.916096136352755
17 18064 3.3440923278409014
18 26689 8.567921550215676
19 38891 13.91633243088385
20 27108 9.18388926898503
21 44072 9.286699397835047
22 44935 7.58913014268792
23 42820 21.428232872121416
24 14808 23.764509333633978
25 26928 22.54465541925291
26 13122 10.889787134148884
27 55614 13.358296640756636
28 40651 12.677554104497782
29 7955 14.576998812349709
30 16131 20.547242689927522
31 34449 10.069399935443716
32 4466 17.306280569639704
33 8762 11.45228780982769
34 65099 28.153463259289232
35 26814 13.41069726963986
36 20299 8.11007773008987
37 860 0.3183810118039157
38 6841 1.6286318701090507
39 42117 8.69311016112816
40 49301 10.86734764794277
41 8731 140.3361046460447
42 746 123.13608055326897
43 14367 172.40564628098662
44 1290 52.4017192357648
45 16375 104.829099980386
46 68789 45.44783759615875
47 52932 16.576879892879813
48 22791 63.637788283188954
49 21696 24.652889511457197
50 28330 6.94184297378984
51 23502 92.41485983718843
52 14060 13.334105795084765
53 44295 126.38959910238967
54 17655 20.125254248282232
55 9773 31.680276897035817
56 12134 16.994448236825807
57 6946 28.98677020897394
58 12081 37.94536345342141
59 22210 69.45406349373047
60 16792 11.421023186207812
61 11457 93.85223985593755
62 1764 18.60801787498629
63 6083 17.64930725547763
64 820 5.764895435808969
65 15036 13.253118161165226
66 11425 3.702041476640046
67 17553 200.51913676820124
68 63836 176.6032904399557
69 42954 91.67807920345577
70 2271 21.40764397364003
71 3870 53.7698692040272
72 25996 93.08008647144311
73 23727 73.33989037787047
74 35985 18.759069540090533
75 19349 82.2595440596636
76 2540 93.41494593797346
77 26 0.8937775001274137
78 3317 78.4249525480427
79 17661 142.40106903970212
80 335 2.527860746845159
81 296 0.8259783443012091
82 2268 79.8258165674899
83 1837 156.2607236018082
84 910 96.28742835874144
85 4058 128.36759205061955
86 22538 12.84427804298707
87 50606 21.78576348616287
88 9467 100.12923418950204
89 1766 75.05766165711965
90 3046 151.1248206555397
91 813 20.5240391075171
92 12602 167.5196024074243
93 3026 38.56591034398615
94 2903 113.64759334792285
95 2962 156.2810325762127
96 10494 252.06967715680537
97 8989 205.512887704499
