population	links	tests	detected	time	error	time_error
5865	438	30000	12316.2	9.79167	1819.34	3.10801
13418	1184	30000	10465.3	10.2917	1368.75	3.0265
21067	2167	30000	9129.04	10.7083	1164.39	2.79757
25259	2688	30000	8445.5	11	1048.29	2.82843
28390	3428	30000	8093.62	11.0833	969.421	2.51109
30118	4065	30000	7959.67	11.2083	1007	2.88555
31417	4670	30000	7818.83	11.2917	905.646	2.91428
32182	4986	30000	7758.42	11.3333	846.533	2.74874
33952	5374	30000	7543.92	11.5	799.735	2.64575
35452	5762	30000	7430.79	11.5833	864.333	2.88194
37223	6155	30000	7230.5	11.5833	802.113	2.76385
39188	6547	30000	7079.75	11.8333	771.378	2.4267
41125	6982	30000	6995.58	11.8333	684.577	2.4267
45369	7453	30000	6750.79	11.9583	684.57	2.41379
50031	7936	30000	6531.17	12.125	660.121	2.25924
52327	8281	30000	6340	12.0833	632.525	2.22985
55206	8590	30000	6322.08	12.0833	633.304	2.30338
57448	8890	30000	6229.38	12.1667	649.77	2.28522
59430	9253	30000	6213.54	12.1667	576.625	2.28522
71370	9714	30000	5886.42	12.5	582.526	2.16025
74330	10107	30000	5820.88	12.5833	528.395	2.07498
79754	10635	30000	5629.62	12.8333	504.058	1.97203
82503	11044	30000	5661.88	12.7083	516.635	1.68119
84142	11399	30000	5672.5	12.875	516.076	1.94186
86524	11768	30000	5666.29	12.8333	463.217	1.79505
89174	12261	30000	5661.25	12.875	494.936	1.94186
92131	12635	30000	5588.5	12.875	483.243	1.76186
94046	13038	30000	5603.67	12.9167	521.045	1.90759
96713	13428	30000	5568.5	12.9583	492.235	1.86897
100509	13851	30000	5608.33	13	455.942	1.91485
103994	14272	30000	5615.21	12.9583	438.537	1.77756
107302	14726	30000	5608.25	13	444.387	1.91485
113879	15258	30000	5648.79	13	490.085	1.82574
117669	15746	30000	5614.42	13.0417	458.043	1.68119
130073	16230	30000	5501.17	12.9583	453.353	1.35144
133595	16615	30000	5513.54	12.9167	439.077	1.51841
136957	17036	30000	5494.04	12.9167	433.916	1.28019
141114	17548	30000	5480.67	13.0417	446.055	1.35144
145339	18003	30000	5413.92	13.2083	421.408	1.63087
148758	18450	30000	5415.17	13.2083	432.09	1.41176
151821	18937	30000	5348.21	13.2917	403.548	1.57894
156101	19467	30000	5349.17	13.375	413.534	1.61374
159556	19921	30000	5367.88	13.2917	413.851	1.57894
164859	20354	30000	5317.29	13.5	370.332	1.29099
168058	20802	30000	5289.42	13.4167	410.011	1.28019
171424	21296	30000	5285.54	13.2917	439.227	1.68119
175142	21766	30000	5263.25	13.4583	386.514	1.52525
178487	22131	30000	5205.46	13.5417	401.724	1.2883
182044	22623	30000	5198.58	13.625	413.643	1.26656
185340	23011	30000	5172.04	13.6667	400.736	1.37437
189490	23524	30000	5190.38	13.7083	386.875	1.35144
195760	24222	30000	5138.04	13.6667	393.435	1.24722
199994	24700	30000	5111.46	13.7083	439.15	1.35144
204199	25230	30000	5128.42	13.75	367.617	1.32288
208674	25752	30000	5082.58	13.75	392.301	1.32288
212968	26274	30000	5070.71	13.75	352.55	1.32288
217172	26829	30000	5072.88	13.7083	369.489	1.35144
221093	27446	30000	5077.75	13.7083	425.885	1.35144
224279	27893	30000	5113.75	13.75	410.636	1.32288
229112	28430	30000	5079.54	13.75	392.61	1.32288
236118	28969	30000	5029.58	13.7917	358.047	1.2883
238919	29409	30000	5031.42	13.8333	335.591	1.24722
244928	29860	30000	5084.67	13.8333	323.96	1.10554
248388	30341	30000	5057.12	13.75	364.291	1.32288
252358	30852	30000	5079.58	13.7083	407.715	1.22191
256305	31376	30000	5054.38	13.7083	396.55	1.22191
259966	31866	30000	5022.21	13.8333	354.999	1.24722
263313	32329	30000	5032.12	13.7917	344.641	1.2883
266799	32860	30000	5032.92	13.7083	362.587	1.22191
270091	33243	30000	5029.79	13.7917	371.839	1.2883
273137	33670	30000	5014.04	13.7917	360.432	1.2883
276492	34172	30000	4998.5	13.8333	367.318	1.24722
279671	34669	30000	4988.5	13.9167	366.663	1.28019
283474	35097	30000	4970.12	13.875	288.011	1.19896
289004	35606	30000	4965.62	13.9167	353.389	1.28019
292823	36046	30000	4952.17	13.8333	375.322	1.24722
296372	36540	30000	4944.5	13.9167	354.729	1.28019
302264	37088	30000	4943.75	14	305.979	1.1547
306654	37586	30000	4938.42	14	330.13	1.29099
311264	38036	30000	4900.67	13.9583	325.555	1.22191
318669	38590	30000	4881.96	14	311.18	1
324144	39153	30000	4864	14.0417	324.605	1.22191
326386	39556	30000	4840.38	14.125	385.775	1.19896
337585	40109	30000	4800.62	14.2083	362.65	1.15169
340199	40509	30000	4786.38	14.1667	326.519	1.24722
343452	40925	30000	4787.17	14.2083	357.152	0.996522
347532	41437	30000	4770.83	14.2083	346.559	1.15169
351569	41892	30000	4750.79	14.1667	347.997	1.10554
355677	42289	30000	4736.58	14.3333	370.201	0.942809
361716	42762	30000	4720.5	14.2917	367.006	0.909059
365191	43250	30000	4702.58	14.375	311.523	0.968246
369883	43603	30000	4717.25	14.3333	339.72	0.942809
372553	44041	30000	4680.29	14.3333	344.826	0.942809
381226	44529	30000	4674	14.3333	341.783	0.942809
384890	44941	30000	4666.92	14.4167	320.692	0.986013
387929	45295	30000	4651	14.4583	349.503	1.15169
391404	45743	30000	4662.5	14.4583	332.257	0.996522
396669	46158	30000	4625.75	14.375	340.442	0.968246
400012	46573	30000	4669.96	14.375	301.886	0.968246
403324	46981	30000	4629.96	14.375	327.926	0.968246
407297	47448	30000	4625.46	14.5833	347.549	0.986013
413291	47951	30000	4621.88	14.5	334.645	1
416326	48307	30000	4596	14.5	370.432	1
420051	48738	30000	4614.08	14.5417	328.036	1.15169
422968	49185	30000	4584.5	14.5	359.286	1.1547
429250	49714	30000	4580.75	14.5833	325.084	1.14261
432668	50177	30000	4585.46	14.4583	304.197	0.996522
437421	50769	30000	4573	14.5833	321.982	0.986013
440811	51210	30000	4561.29	14.6667	315.46	1.10554
444505	51570	30000	4542.71	14.625	362.862	0.968246
448568	51977	30000	4534.88	14.5833	309.694	0.986013
453077	52381	30000	4514.83	14.625	282.573	1.12731
456001	52864	30000	4489.38	14.7083	315.602	1.22191
464511	53427	30000	4490.42	14.7917	342.094	1.15169
467212	53778	30000	4491.79	14.6667	285.042	1.10554
474177	54244	30000	4485.5	14.7917	233.59	0.996522
480799	54776	30000	4462.62	14.75	269.572	1.04083
485136	55260	30000	4433.29	14.7917	312.015	1.15169
491789	55803	30000	4430.33	14.875	360.219	1.19896
498099	56305	30000	4421.79	14.875	317.651	1.33073
504972	56819	30000	4375.88	14.7917	329.818	1.2883
510590	57332	30000	4383.46	14.9167	321.067	1.14261
513710	57800	30000	4378.79	14.9167	314.681	1.14261
517674	58328	30000	4361.33	14.8333	335.663	1.24722
524250	58744	30000	4322.08	14.9583	342.037	1.22191
531796	59277	30000	4338.25	14.9167	338.483	1.14261
535702	59788	30000	4336.25	15.0833	294.783	0.986013
539173	60289	30000	4292.5	15	283.993	0.816497
544599	60839	30000	4293.21	15.1667	295.033	1.10554
552944	61312	30000	4301.38	15.0833	305.766	0.986013
555750	61725	30000	4269.33	15.125	276.993	0.877971
559433	62306	30000	4252.25	15.1667	288.686	1.10554
566196	62876	30000	4251	15.2083	336.421	0.996522
569595	63351	30000	4253.5	15.125	325.051	1.05079
575749	63952	30000	4230.17	15.1667	325.002	1.10554
580598	64422	30000	4246.71	15.2917	282.596	1.0769
584215	64880	30000	4227.33	15.25	297.39	0.866025
587871	65338	30000	4210.5	15.25	301.143	1.19024
601576	66007	30000	4195.29	15.375	300.757	0.968246
609314	66511	30000	4205.33	15.3333	290.78	0.942809
612479	66939	30000	4170.67	15.3333	326.35	0.942809
617356	67456	30000	4147.5	15.375	317.342	1.12731
620346	67852	30000	4156.25	15.3333	335.277	0.942809
622921	68265	30000	4162.92	15.4583	326.024	0.996522
625811	68721	30000	4138.79	15.375	278.63	0.968246
630955	69180	30000	4165.12	15.5	305.54	1
634579	69718	30000	4184.67	15.4167	306.368	0.986013
639105	70212	30000	4116.62	15.5	339.574	1
643377	70733	30000	4123.42	15.4167	288.213	0.986013
648372	71167	30000	4119.21	15.4583	307.25	0.996522
652724	71682	30000	4113.17	15.4167	296.889	0.986013
657401	72226	30000	4095.08	15.5	301.258	1.1547
663930	72676	30000	4089.08	15.5417	281.933	0.996522
667233	73113	30000	4087.42	15.4167	306.712	0.986013
673046	73630	30000	4064.58	15.5	273.219	1
687279	74186	30000	4024.04	15.5833	251.987	0.986013
693060	74714	30000	4027	15.5833	330.315	0.986013
697010	75205	30000	4004.42	15.5417	275.977	0.996522
702337	75688	30000	3992.58	15.5417	291.149	0.996522
712722	76261	30000	3999.88	15.5417	300.353	0.996522
717056	76743	30000	3971.42	15.6667	302.738	1.10554
732919	77283	30000	3970.92	15.7083	307.613	1.0769
738069	77794	30000	3956.75	15.875	304.731	1.05079
742154	78303	30000	3958.42	15.8333	282.286	1.10554
749422	78828	30000	3943.12	15.75	295.663	1.32288
754124	79269	30000	3919.17	15.7917	292.108	1.15169
759311	79811	30000	3939	15.75	300.587	1.04083
764568	80329	30000	3924.38	15.8333	298.395	0.942809
769916	80796	30000	3917.38	15.9583	322.569	1.0769
773728	81192	30000	3906.04	15.875	271.923	1.05079
778116	81648	30000	3896.38	16	300.49	1
782004	82087	30000	3887.62	15.9167	279.374	0.986013
788342	82693	30000	3862.42	16.0833	267.709	1.14261
796306	83228	30000	3878.79	16	325.689	1.1547
800476	83685	30000	3867.96	16	284.077	0.816497
809544	84163	30000	3840.62	15.9583	310.411	0.909059
813005	84586	30000	3830.75	16.0833	262.517	0.799305
817602	85035	30000	3843.17	16.0833	257.107	0.799305
822729	85440	30000	3838.83	16.0833	347.274	0.986013
826710	85825	30000	3819.04	16.125	309.866	0.877971
830360	86234	30000	3800.96	16	261.947	1
845891	86743	30000	3824.5	16.0417	316.519	0.909059
851607	87285	30000	3801.08	16.125	264.039	0.877971
855295	87727	30000	3807.71	16.125	268.951	1.05079
861879	88196	30000	3800.96	16.1667	281.814	0.745356
867349	88564	30000	3786.71	16.2917	269.9	1.0769
870165	88927	30000	3773.54	16.2083	269.084	0.812233
877566	89323	30000	3751.92	16.3333	276.154	0.942809
880637	89738	30000	3773.79	16.2917	287.613	0.909059
886555	90268	30000	3740.25	16.2083	268.485	0.812233
890395	90679	30000	3737.25	16.1667	296.127	0.942809
893467	91089	30000	3741.71	16.25	269.952	1.04083
896467	91428	30000	3742.62	16.2083	265.715	0.996522
900044	91822	30000	3733.75	16.2917	296.924	0.909059
902154	92152	30000	3739.17	16.2917	323.968	0.909059
906579	92488	30000	3717.67	16.25	286.325	1.04083
909727	92775	30000	3716.62	16.2917	259.262	0.909059
913138	93107	30000	3695.67	16.25	265.684	0.866025
917125	93477	30000	3701.46	16.2917	282.115	0.909059
924114	93858	30000	3674.71	16.3333	260.635	0.942809
927738	94219	30000	3678.46	16.375	274.876	0.968246
931518	94508	30000	3682.29	16.4167	252.997	0.986013
934623	94761	30000	3675.54	16.25	273.615	0.866025
937750	95047	30000	3692.71	16.3333	283.323	0.942809
940473	95291	30000	3656.12	16.3333	239.672	0.942809
942090	95523	30000	3669.58	16.375	294.894	0.968246
947167	95858	30000	3658.04	16.375	285.772	0.968246
950515	96129	30000	3646.54	16.5	299.11	1
953850	96413	30000	3660.54	16.375	298.009	0.968246
959741	96767	30000	3640.25	16.5	301.61	1
962094	97015	30000	3613.92	16.4583	282.031	0.996522
964446	97253	30000	3627.25	16.3333	292.384	0.942809
967051	97502	30000	3647.46	16.375	331.319	0.968246
970265	97743	30000	3617.08	16.4583	275.456	0.996522
973589	98020	30000	3622.62	16.5	277.824	1
978502	98372	30000	3592.08	16.4583	285.648	1.15169
984259	98733	30000	3593.04	16.4583	304.411	1.15169
987167	99007	30000	3576.25	16.5417	263.89	0.996522
989647	99249	30000	3562.29	16.625	262.935	1.12731
993944	99599	30000	3577.83	16.5	275.66	1
998685	99901	30000	3581.54	16.5	264.628	1
1003054	100224	30000	3550.38	16.6667	279.129	0.942809
1009893	100515	30000	3540.92	16.625	251.092	0.968246
1012062	100755	30000	3539.75	16.7083	298.422	1.0769
1014306	100979	30000	3552.04	16.5417	283.155	0.996522
1017192	101204	30000	3530.88	16.625	298.317	0.968246
1024107	101516	30000	3531.21	16.6667	268.472	0.942809
1027515	101775	30000	3511.08	16.75	276.821	1.04083
1031224	102043	30000	3495.88	16.7083	277.91	0.909059
1034883	102264	30000	3499	16.7083	241.577	1.0769
1038418	102496	30000	3480.29	16.6667	278.329	1.10554
1040224	102717	30000	3483.42	16.5833	282.705	1.14261
1042484	102951	30000	3471.75	16.75	273.333	1.04083
1045141	103175	30000	3498.17	16.75	277.317	0.866025
1050050	103451	30000	3465.21	16.7083	246.417	0.909059
1056801	103721	30000	3458.75	16.7917	272.841	0.996522
1057922	103892	30000	3459.5	16.9167	279.327	0.986013
1060412	104116	30000	3448.33	16.7917	242.758	0.996522
1064018	104328	30000	3458.58	16.875	265.133	0.877971
1072587	104603	30000	3432.75	16.875	269.751	0.877971
1077053	104846	30000	3433.54	16.9167	257.224	0.986013
1080654	105158	30000	3434.67	16.8333	250.16	1.10554
1084133	105441	30000	3414.25	16.875	244.328	0.877971
1088537	105693	30000	3413.62	16.7917	257.164	0.996522
1091684	105934	30000	3417.5	16.875	268.643	1.05079
1095263	106195	30000	3365.96	17.0417	231.895	0.702179
1098072	106426	30000	3390.88	16.875	259.441	0.877971
1102374	106675	30000	3369.58	16.7917	269.47	1.15169
1106760	106912	30000	3381.5	16.7917	277.561	0.996522
1109429	107130	30000	3367.79	16.8333	263.198	1.37437
1111972	107343	30000	3362.71	16.9583	279.419	0.909059
1113416	107495	30000	3361.88	17.0417	239.779	0.702179
1114759	107651	30000	3358.46	16.9167	253.925	0.986013
1117817	107840	30000	3352.54	17.0417	282.458	0.909059
1119087	108017	30000	3338.46	16.9583	279.053	0.909059
1120662	108150	30000	3337.83	17.0833	231.367	0.986013
1122584	108306	30000	3320.71	17.1667	269.729	0.942809
