0 0
1 1
2 2
3 3
4 4
5 2
6 5
7 6
8 7
9 8
10 9
11 10
12 11
13 12
14 12
15 5
16 13
17 14
18 15
19 16
20 17
21 18
22 19
23 20
24 21
25 21
26 22
27 14
28 14
29 14
30 14
31 14
32 5
33 23
34 24
35 25
36 26
37 27
38 2
39 14
40 14
41 28
42 29
43 30
44 31
45 2
46 14
47 12
48 32
49 33
50 14
51 14
52 14
53 34
54 14
55 14
56 14
57 14
58 35
59 14
60 14
61 14
62 14
63 14
64 2
65 36
66 37
67 38
68 39
69 40
70 41
71 42
72 43
73 44
74 45
75 46
76 17
77 47
78 48
79 48
80 49
81 17
82 46
83 50
84 51
85 17
86 51
87 52
88 17
89 53
90 54
91 50
92 55
93 50
94 55
95 52
96 56
97 57
98 17
99 1
100 11
101 20
102 11
103 11
104 11
105 58
106 51
107 59
108 60
109 11
110 11
111 11
112 61
113 62
114 63
115 64
116 65
117 66
118 61
119 67
120 68
121 69
122 11
123 63
124 70
125 71
126 64
127 11
128 64
129 11
130 11
131 11
132 72
133 63
134 66
135 11
136 11
137 11
138 73
139 63
140 63
141 11
142 11
143 74
144 72
145 11
146 11
147 75
148 11
149 11
150 11
151 11
152 11
153 11
154 76
155 11
156 11
157 76
158 11
159 11
160 11
161 11
162 1
163 1
164 64
165 77
166 78
167 21
168 11
169 11
170 79
171 11
172 11
173 11
174 64
175 11
