0 4614 21.29158513475738
1 33769 7.129529171563729
2 20468 11.524654940486212
3 12221 69.42994948239142
4 44309 38.54014922076859
5 22475 13.636817236218855
6 24925 22.007608143358194
7 11099 140.77184913598055
8 10433 211.9109466916449
9 1115 8.574351695837972
10 7508 8.840605825200734
11 8777 267.39127324142044
12 644 3.3731001842479578
13 29750 9.23811616115596
14 4839 8.729315734281395
15 10545 25.701092823596095
16 8267 6.846237125422975
17 14584 19.67826105758019
18 13 0.38438981184468807
19 192 0.1263940219028042
20 29582 7.475258572626592
21 40815 319.8004508128995
22 27942 109.21385156996867
23 47510 10.33219845034031
24 31647 7.190588527823295
25 39816 44.42100696991646
26 6976 2.39893736959399
27 32086 7.605327128928782
28 20151 6.636967429964926
29 5371 5.1108630619138005
30 10140 6.305050834212359
31 1308 6.705843038655005
32 15855 20.803220709902902
33 10461 9.694544144606075
34 6339 2.4147189098945634
35 1107 5.588490757486135
36 3232 14.289975860892019
37 24098 53.80684427881519
38 37360 15.8577151708811
39 10173 10.99618376610239
40 29661 10.427652174450229
41 43173 28.356202422559488
42 702 246.27910708466604
43 20987 405.7100391970928
44 15152 35.93460896343921
45 22246 9.409313093342517
46 33956 6.725609925605833
47 27546 8.411081441303976
48 20166 28.64687249516214
49 1037 7.932656830842459
50 10069 1.6832502698854204
51 18830 3.3939894702214835
52 22989 7.104429827474104
53 14728 4.555118788195157
54 6356 0.9306475551238075
55 22851 4.1313063998752115
56 26944 5.92553787893998
57 6340 1.662465617601317
58 3633 5.1936850672667205
59 19885 5.609874640345824
60 7713 1.0974491001502709
61 21610 4.268412826623135
62 842 0.05781880070486813
63 1014 0.10417345562991026
64 26863 9.717277068465181
65 459 0.46975159730469795
66 662 13.722565896058205
67 759 343.82807874013315
68 21557 111.58009496569096
69 366 0.8444459974331927
70 149 6.523257636714919
71 628 189.64071879869715
72 4567 152.40831694973105
73 6595 59.84126412940909
74 420 84.40145282526406
75 32714 118.44014489642423
76 12283 18.94280243769469
77 30524 28.854637936546425
78 45899 14.31237248975671
79 27184 46.58525058803361
80 2129 409.03353413220447
81 51802 16.170458704827976
82 27956 34.048491344361445
83 29976 5.567243168694218
84 51136 15.325540118332595
85 39380 8.02819433912435
86 26722 10.114262691564594
87 22312 18.1266612046079
88 34354 10.716802934994293
89 20256 7.542614869258082
90 19943 4.084222397941612
91 36000 9.67782476212245
92 35921 9.332556753158702
93 26889 5.75983981392964
94 18304 5.17994755188055
95 13585 17.32989766747954
96 20987 74.52441053780944
97 15661 39.762309709543054
98 758 0.21868904411912332
99 43673 28.437849132891735
100 22374 7.487395694497426
101 44151 11.630000216217217
102 32778 7.554377085917
103 44555 7.089891150074827
104 19030 5.66527953025265
105 20419 5.635836150592204
106 29212 8.20170363723693
107 3270 51.096370330673345
108 13888 336.95431716285947
109 22873 5.506053309899506
110 42731 6.2508671854850295
111 25922 4.658671391527683
112 26141 55.81042151546648
113 22699 6.3826372940724045
114 36364 10.709447688560719
115 32489 7.5225004903497625
116 10624 36.93460857733704
117 20715 9.474628067774832
118 24348 8.95085730126935
119 5650 23.919876076645917
120 6765 45.29856586208121
121 333 211.4541383975524
122 20698 3.0619910208078185
123 24411 5.523800496372957
124 12699 74.06895475963596
125 294 197.24138451606726
126 34463 19.979531565397213
127 24092 4.845412797279369
128 10613 6.102419393448927
129 33734 8.89245587238242
130 20301 5.643049697527556
131 14770 2.298839608523283
132 18784 28.368463483228492
133 24889 4.382919148660148
134 25748 10.668646341218569
135 23111 7.530055737709982
136 0 2.278071172530529
137 10010 3.0801482477911093
138 322 3.308080191877337
139 17714 7.514146783691662
140 27946 7.040251923947138
141 26881 3.3985578311559745
142 22241 2.9577677579973343
143 10725 76.5102494683373
144 58442 20.11599590422813
145 31454 2.313782534899776
146 13095 0.7738209597882307
147 2971 1.443474255479176
148 21077 3.160362905156317
149 10238 0.5192093554101409
150 37081 5.396281372732229
151 45911 4.647179832493433
152 31365 3.8541062738514618
153 46206 6.585672597710877
154 40407 9.05794505611609
155 21147 2.163444386614919
156 19686 4.19016960696343
157 34338 9.208635329584538
158 12628 0.44342715101382707
159 43924 4.1276098576518505
160 21039 2.437033685098155
161 34584 7.709997111955731
162 33853 16.737181407790306
163 36581 7.504321641644672
164 41938 18.921503111211326
165 31171 66.48346478825384
166 403 265.51998889570143
167 31911 18.604909752477617
168 20715 1.994016188491993
169 20756 1.292093631321844
170 5025 15.105417476837731
171 0 0.0035309043902906115
172 141 0.0035386264337904268
173 0 0.003531676594640593
174 21904 4.791645752798854
175 0 0.06995128934960317
